0,1,634.29,369.49,46.67,42.58,0.30,0
1,1,632.60,367.74,47.29,45.24,0.44,0
2,1,629.98,366.13,50.11,46.96,0.34,0
3,1,631.06,364.56,47.69,46.34,0.47,0
4,1,631.10,365.84,48.10,46.94,0.54,0
5,1,629.11,363.20,48.24,47.44,0.59,0
7,1,629.35,359.43,46.76,48.32,0.55,0
8,1,630.01,358.76,46.40,47.53,0.56,0
9,1,629.36,359.01,46.25,47.21,0.31,0
10,1,628.03,357.69,45.20,46.58,0.36,0
11,1,628.22,358.28,44.72,46.81,0.51,0
13,1,621.32,359.57,47.14,50.68,0.53,0
14,1,617.77,359.73,47.14,52.10,0.63,0
15,1,615.50,361.61,48.68,51.13,0.51,0
16,1,613.56,363.60,49.12,51.30,0.45,0
17,1,612.76,366.18,48.16,49.54,0.36,0
18,1,610.56,366.46,48.33,48.71,0.52,0
19,1,609.93,366.83,48.28,49.18,0.40,0
21,1,606.60,366.17,49.86,51.25,0.30,0
22,1,606.20,365.78,50.65,52.13,0.31,0
26,1,617.24,372.79,54.92,47.19,0.27,0
32,1,643.97,369.43,52.85,50.00,0.28,0
33,1,645.63,369.14,53.38,50.01,0.30,0
45,1,662.67,384.21,49.98,48.10,0.38,0
46,1,666.20,385.98,49.91,51.14,0.30,0
47,1,673.05,393.34,50.06,51.29,0.42,0
53,1,688.68,399.08,49.02,49.00,0.33,0
56,1,694.83,399.31,49.96,49.84,0.36,0
58,1,697.41,398.64,49.58,51.15,0.39,0
59,1,698.05,398.51,49.33,51.61,0.33,0
65,1,701.27,399.55,49.84,51.34,0.71,0
68,1,701.59,406.87,52.41,50.33,0.64,0
69,1,700.92,408.10,53.02,51.08,0.51,0
70,1,701.38,408.91,51.89,50.89,0.64,0
71,1,701.49,409.25,51.62,51.16,0.78,0
72,1,702.65,409.80,52.12,51.30,0.44,0
73,1,702.35,409.52,52.30,51.61,0.55,0
74,1,702.60,408.80,52.81,52.63,0.69,0
75,1,703.33,410.61,52.87,53.59,0.28,0
79,4,1187.34,634.96,46.94,109.26,0.41,0
82,1,703.13,414.13,53.14,53.94,0.59,0
85,1,710.90,411.03,48.89,53.63,0.32,0
86,1,711.67,410.79,48.83,53.69,0.64,0
87,1,712.62,410.42,49.10,55.08,0.48,0
88,1,713.78,410.08,48.45,55.12,0.62,0
89,1,715.17,408.87,48.81,54.64,0.64,0
90,1,716.64,408.13,49.99,54.56,0.32,0
92,1,721.79,406.37,51.05,53.96,0.49,0
94,1,724.25,405.70,50.33,53.61,0.47,0
98,1,739.82,401.44,53.29,57.21,0.35,0
99,1,742.12,401.59,52.87,58.27,0.26,0
110,1,773.41,395.75,54.76,55.41,0.30,0
115,1,784.31,394.79,54.12,56.90,0.25,0
117,1,787.75,385.82,54.17,61.19,0.43,0
118,1,788.85,382.33,54.09,60.83,0.53,0
119,1,790.63,377.68,52.72,59.94,0.53,0
122,1,793.35,356.32,53.69,60.88,0.57,0
123,1,793.87,347.83,54.41,59.51,0.38,0
124,1,794.78,336.59,54.54,61.27,0.54,0
125,1,795.66,326.71,54.47,59.14,0.39,0
127,1,798.49,309.03,56.52,59.28,0.72,0
128,1,798.60,301.80,58.76,60.30,0.32,0
130,1,799.64,286.77,57.50,62.60,0.43,0
131,1,798.20,281.88,57.26,62.10,0.50,0
134,1,798.87,265.37,58.70,60.84,0.27,0
135,1,797.86,263.25,58.91,63.64,0.41,0
138,1,799.63,260.81,57.00,60.38,0.74,0
139,1,800.01,260.40,57.10,60.15,0.68,0
140,1,800.21,260.26,58.34,61.44,0.59,0
141,1,803.00,259.46,59.06,61.08,0.52,0
142,1,808.25,259.36,57.77,61.42,0.42,0
143,1,810.15,259.84,57.73,62.46,0.46,0
144,1,811.82,259.48,57.86,64.43,0.45,0
144,15,82.88,369.06,37.40,40.74,0.44,0
145,15,84.01,368.76,35.11,40.91,0.37,0
146,15,86.30,367.66,32.71,41.70,0.25,0
146,1,818.83,260.50,57.73,62.80,0.74,0
147,1,823.96,261.97,60.65,64.65,0.53,0
149,1,841.29,263.20,57.99,66.79,0.43,0
150,1,847.88,262.69,57.89,64.83,0.50,0
151,1,852.49,261.44,61.00,67.91,0.32,0
152,1,858.41,261.04,60.73,64.83,0.54,0
154,1,872.23,258.34,60.66,65.57,0.29,0
155,1,879.99,257.09,59.33,65.52,0.30,0
156,1,884.74,260.41,58.82,63.91,0.66,0
158,1,894.61,258.32,58.93,62.39,0.69,0
159,1,896.56,251.28,59.22,60.50,0.26,0
160,1,898.64,239.83,60.93,62.37,0.28,0
163,1,904.89,211.28,61.60,66.24,0.60,0
165,1,906.46,190.38,63.50,66.68,0.31,0
172,24,1490.94,559.95,117.31,218.89,0.43,0
181,26,167.14,266.27,31.39,37.17,0.51,0
182,26,165.92,265.66,31.81,37.73,0.48,0
183,26,166.70,266.28,31.93,37.57,0.38,0
184,26,168.57,266.22,32.08,37.93,0.57,0
185,26,168.93,264.58,31.65,38.44,0.39,0
186,26,168.51,263.61,30.34,37.85,0.25,0
187,1,924.62,163.82,61.99,66.03,0.31,0
188,1,929.04,162.02,60.73,65.73,0.52,0
190,1,933.95,157.68,61.41,65.91,0.65,0
192,26,170.84,237.66,32.23,39.73,0.33,0
192,1,940.61,152.13,62.52,67.41,0.76,0
193,1,941.13,152.57,62.96,67.66,0.68,0
194,1,940.60,153.11,64.03,70.09,0.66,0
194,26,168.52,240.22,30.92,37.43,0.43,0
196,30,642.92,248.02,34.06,45.73,0.36,0
196,1,943.00,160.13,61.86,67.93,0.38,0
197,30,643.47,247.60,35.19,44.02,0.44,0
199,1,941.01,160.57,63.81,70.48,0.35,0
200,1,940.13,162.74,63.31,68.21,0.55,0
201,1,939.62,163.70,63.12,65.22,0.63,0
202,1,939.73,169.15,64.27,67.56,0.37,0
203,1,940.02,173.90,63.97,67.51,0.76,0
203,26,164.60,279.24,32.05,33.91,0.31,0
204,1,940.94,178.15,63.54,66.26,0.64,0
205,1,940.86,183.97,62.53,65.33,0.43,0
207,1,935.84,196.54,63.63,68.33,0.35,0
208,1,937.64,206.07,63.64,68.85,0.53,0
209,1,937.44,215.23,65.29,70.97,0.43,0
210,1,937.03,224.35,64.24,69.40,0.82,0
211,1,934.76,232.68,64.74,70.02,0.30,0
212,1,934.04,241.39,65.56,70.82,0.30,0
213,1,934.31,251.25,64.80,68.56,0.54,0
214,1,933.55,264.42,64.47,67.76,0.76,0
215,1,931.71,271.32,63.74,66.05,0.64,0
216,1,929.68,278.87,62.68,65.19,0.73,0
217,1,926.94,282.86,66.06,66.51,0.68,0
218,1,924.86,287.24,66.66,65.46,0.73,0
219,1,922.06,290.65,69.45,68.15,0.53,0
222,1,918.15,303.94,65.81,70.01,0.34,0
223,1,918.41,305.84,64.57,68.14,0.63,0
224,1,917.41,308.00,65.10,69.45,0.60,0
226,1,911.97,316.65,67.26,69.04,0.35,0
227,1,912.36,318.95,66.14,67.91,0.36,0
228,1,909.37,318.20,69.00,68.80,0.30,0
232,1,899.74,324.04,65.28,67.67,0.50,0
237,1,892.73,345.24,67.43,70.15,0.41,0
238,1,892.56,347.09,66.77,70.02,0.60,0
239,1,892.84,346.77,66.07,69.72,0.62,0
240,1,891.14,347.89,66.28,70.38,0.70,0
240,49,58.35,492.11,34.10,39.83,0.38,0
241,1,889.28,350.23,66.80,70.66,0.79,0
241,49,58.29,492.35,33.15,40.21,0.28,0
242,1,889.10,351.77,67.29,70.83,0.72,0
242,49,58.81,491.24,32.90,40.83,0.36,0
243,1,890.74,352.20,67.65,70.92,0.63,0
243,49,57.93,492.28,33.95,38.79,0.39,0
244,1,891.67,352.74,67.01,70.65,0.71,0
245,1,895.78,353.59,66.09,70.51,0.64,0
245,49,59.37,485.59,32.44,42.27,0.39,0
246,1,897.42,356.55,69.09,70.73,0.36,0
246,49,64.40,484.60,34.17,44.02,0.48,0
247,1,898.65,359.37,70.47,72.25,0.77,0
247,49,64.36,485.99,34.86,44.09,0.41,0
248,1,900.01,360.88,71.63,71.43,0.54,0
248,49,65.99,489.31,34.02,41.36,0.31,0
249,49,66.90,490.87,34.21,39.97,0.40,0
251,1,909.63,367.28,70.12,72.63,0.28,0
252,1,913.40,372.02,68.23,71.04,0.63,0
253,1,915.76,383.03,68.79,71.85,0.34,0
253,49,79.72,505.44,34.33,41.58,0.26,0
254,1,922.81,394.22,65.03,69.78,0.59,0
254,49,82.87,515.56,34.14,39.62,0.53,0
256,1,928.66,402.91,68.63,72.65,0.46,0
256,49,79.42,525.43,32.31,39.65,0.31,0
257,1,930.45,407.96,70.83,73.41,0.69,0
257,49,84.39,529.66,33.43,39.76,0.51,0
258,1,934.66,413.14,69.47,73.43,0.79,0
258,49,90.60,534.22,32.70,40.54,0.30,0
259,1,938.34,420.89,68.63,72.03,0.66,0
259,49,91.78,541.15,32.97,39.45,0.32,0
260,1,940.36,428.82,68.54,71.49,0.51,0
261,1,942.72,432.51,72.51,73.57,0.43,0
262,1,947.72,437.89,68.88,73.11,0.55,0
263,49,106.92,564.76,33.87,41.16,0.55,0
264,49,109.09,572.75,33.38,40.33,0.34,0
264,1,957.41,445.57,69.83,74.21,0.65,0
265,49,113.00,580.25,32.87,41.06,0.30,0
265,1,961.99,450.05,69.70,73.90,0.62,0
266,49,117.89,588.95,33.31,37.61,0.46,0
266,1,964.45,456.39,70.26,73.44,0.32,0
267,49,120.55,596.76,31.23,38.61,0.28,0
267,1,968.83,462.79,69.29,72.83,0.72,0
268,49,125.57,602.85,31.79,39.21,0.35,0
268,1,971.19,468.00,69.08,75.35,0.51,0
269,49,131.36,604.76,31.92,40.09,0.47,0
269,1,977.53,471.16,70.02,73.62,0.54,0
270,49,134.48,605.37,33.45,41.93,0.68,0
271,49,136.75,606.44,33.99,41.99,0.58,0
271,1,985.84,473.16,71.00,75.10,0.59,0
272,49,141.47,606.61,33.35,42.28,0.37,0
272,1,988.24,474.58,70.92,74.88,0.59,0
273,49,144.00,606.70,33.98,41.99,0.65,0
273,1,989.71,475.06,71.86,75.07,0.56,0
274,49,144.29,606.53,34.37,42.13,0.61,0
274,1,992.25,476.45,73.34,76.47,0.68,0
274,68,904.63,530.49,47.96,32.54,0.43,0
275,49,143.43,606.09,34.65,42.03,0.58,0
275,1,994.65,476.31,73.95,78.56,0.71,0
275,68,904.70,530.39,49.06,32.49,0.36,0
276,49,142.85,605.51,33.88,42.05,0.41,0
276,1,996.51,476.39,73.21,79.80,0.78,0
276,68,904.96,530.51,48.83,32.03,0.34,0
277,49,143.83,604.42,34.29,41.96,0.58,0
277,1,996.55,476.82,73.31,79.81,0.78,0
278,49,144.28,602.15,33.59,40.57,0.39,0
278,1,997.21,476.83,74.25,80.58,0.79,0
279,49,144.13,599.29,32.75,40.16,0.45,0
279,1,999.11,475.53,74.23,79.36,0.67,0
279,68,906.60,531.03,50.53,31.65,0.25,0
280,49,144.18,595.28,32.97,40.52,0.42,0
280,1,1001.71,473.58,74.38,81.55,0.75,0
281,49,141.64,590.01,33.58,38.16,0.50,0
281,1,1002.91,472.72,74.65,82.75,0.50,0
282,49,136.12,583.12,34.67,41.45,0.80,0
282,1,1002.86,472.28,75.08,82.28,0.53,0
283,49,137.17,577.02,34.19,42.66,0.59,0
283,1,1003.19,471.00,74.99,80.24,0.77,0
284,49,137.43,573.46,33.22,40.88,0.43,0
284,1,1005.00,470.77,74.41,78.75,0.76,0
285,49,131.98,571.93,34.57,40.26,0.37,0
285,1,1006.79,471.47,74.35,80.65,0.79,0
286,49,129.04,571.13,34.59,40.40,0.49,0
286,1,1007.04,473.20,74.39,81.66,0.79,0
287,49,128.30,572.72,35.12,40.54,0.36,0
287,1,1006.66,476.10,74.43,81.31,0.80,0
287,68,905.77,530.40,53.42,33.21,0.26,0
288,49,129.15,574.60,35.63,41.28,0.47,0
288,1,1006.48,477.84,73.84,81.22,0.73,0
288,68,904.19,531.66,55.26,32.10,0.44,0
289,49,129.91,575.95,37.08,41.24,0.56,0
289,1,1006.30,478.03,74.30,80.72,0.72,0
289,68,903.45,531.70,56.97,31.84,0.42,0
290,49,128.87,577.82,35.26,40.57,0.55,0
290,1,1007.83,478.51,73.45,79.89,0.75,0
291,49,126.65,580.78,32.08,41.34,0.42,0
291,1,1007.48,478.71,73.76,81.04,0.72,0
291,68,899.33,534.38,61.45,31.69,0.40,0
292,49,126.65,581.98,31.67,42.34,0.49,0
292,1,1006.61,481.22,74.13,79.89,0.75,0
293,49,127.49,584.99,33.15,42.13,0.49,0
293,1,1005.98,482.24,74.90,79.49,0.78,0
294,49,128.17,588.21,32.80,40.39,0.55,0
294,1,1006.97,480.12,74.88,79.76,0.71,0
295,49,128.51,589.49,32.88,40.26,0.53,0
295,1,1008.12,479.40,74.76,79.59,0.72,0
296,49,126.15,594.12,31.83,39.52,0.35,0
296,1,1008.18,479.75,75.36,79.65,0.78,0
297,49,122.78,601.95,33.39,40.81,0.44,0
297,1,1008.05,486.21,75.38,80.54,0.81,0
298,49,123.46,607.26,32.10,40.87,0.67,0
298,1,1007.63,490.25,75.57,79.52,0.84,0
299,49,123.11,607.46,32.04,41.38,0.65,0
299,1,1006.51,490.01,75.30,78.91,0.81,0
300,49,121.50,608.65,32.87,41.44,0.53,0
300,1,1004.57,490.02,75.06,79.83,0.68,0
301,49,118.64,608.53,33.92,42.14,0.59,0
301,1,1004.21,489.64,75.00,80.71,0.64,0
301,68,906.37,551.00,46.82,30.01,0.37,0
302,49,116.65,609.89,34.48,41.78,0.52,0
302,1,1003.81,490.03,75.80,81.21,0.65,0
302,68,907.03,552.13,45.87,30.05,0.42,0
303,49,114.93,612.36,33.66,40.21,0.46,0
303,1,1003.09,491.22,76.65,80.28,0.58,0
303,68,908.43,552.88,43.50,31.40,0.27,0
304,49,112.40,614.25,33.26,39.61,0.45,0
304,1,1001.95,492.50,77.37,82.55,0.54,0
304,68,905.22,555.27,46.09,29.98,0.44,0
305,49,111.68,614.51,33.72,40.42,0.44,0
305,1,1001.99,493.37,78.02,83.28,0.58,0
306,49,110.01,613.25,35.21,41.95,0.49,0
306,1,1002.57,493.40,78.67,83.41,0.60,0
306,68,906.21,557.01,46.38,27.92,0.29,0
307,49,106.66,612.83,35.61,42.96,0.48,0
307,1,1003.14,493.34,78.45,83.80,0.63,0
308,49,104.77,613.48,35.91,41.57,0.43,0
308,1,1002.27,493.19,78.55,83.87,0.73,0
308,68,905.96,559.22,45.26,27.05,0.41,0
309,49,105.53,612.76,37.22,39.95,0.56,0
309,1,1002.18,490.63,77.99,84.35,0.63,0
310,49,105.38,609.07,35.86,40.80,0.60,0
310,1,1002.76,486.92,77.87,83.70,0.82,0
311,49,106.43,605.49,35.54,41.98,0.68,0
311,1,1003.11,483.11,78.04,84.61,0.83,0
312,49,105.58,602.23,34.44,40.50,0.48,0
312,1,1002.08,479.40,80.41,85.66,0.66,0
313,49,101.56,596.02,32.85,40.29,0.38,0
313,1,1002.55,473.96,80.55,88.16,0.80,0
314,1,1000.03,470.47,80.78,88.93,0.84,0
314,68,894.04,537.60,55.13,29.77,0.56,0
315,1,997.29,465.14,83.55,88.31,0.65,0
315,79,232.05,632.99,28.81,27.94,0.43,0
315,68,895.76,530.30,49.71,31.39,0.54,0
315,49,93.56,581.25,32.14,42.26,0.53,0
316,1,997.60,461.19,82.01,88.01,0.84,0
316,49,90.69,576.78,32.42,41.39,0.53,0
317,1,997.14,458.98,81.40,88.01,0.84,0
317,49,82.81,570.55,34.52,42.47,0.42,0
318,1,993.08,455.88,82.58,89.69,0.76,0
318,49,74.49,569.54,34.10,41.95,0.50,0
318,68,888.99,520.46,49.81,30.33,0.31,0
319,1,984.66,452.48,88.97,90.19,0.36,0
319,68,881.23,519.38,55.91,29.13,0.33,0
320,1,985.22,447.93,85.53,90.47,0.30,0
320,49,74.07,564.52,34.50,39.71,0.38,0
321,1,985.72,444.80,82.07,90.85,0.35,0
321,49,68.39,560.17,33.08,41.96,0.55,0
322,1,983.90,444.27,80.85,89.74,0.65,0
322,49,58.92,561.95,36.37,43.11,0.61,0
322,79,204.39,614.27,30.16,32.84,0.31,0
322,68,878.68,513.55,52.04,28.18,0.30,0
323,1,980.62,443.23,81.25,90.38,0.38,0
323,49,55.35,561.44,37.62,46.75,0.48,0
323,81,596.70,579.00,33.67,47.34,0.42,0
323,68,876.53,513.39,51.69,27.82,0.40,0
324,49,53.17,568.16,35.95,43.89,0.30,0
325,49,52.96,573.79,34.47,40.92,0.36,0
326,49,51.46,576.98,34.31,40.52,0.32,0
327,49,49.25,577.44,35.30,40.91,0.48,0
327,1,974.80,432.29,85.73,94.61,0.39,0
328,49,47.08,577.37,36.30,41.22,0.54,0
328,1,973.29,431.51,86.63,93.07,0.50,0
329,49,44.54,577.21,36.33,42.60,0.42,0
329,1,972.53,429.98,86.56,93.60,0.73,0
329,81,592.20,580.33,33.62,47.33,0.29,0
330,49,43.53,576.44,36.25,44.48,0.44,0
330,81,591.23,579.86,33.53,43.42,0.34,0
330,79,193.90,626.57,30.76,31.02,0.30,0
330,68,866.09,503.40,50.88,30.10,0.41,0
331,49,44.04,577.49,35.28,43.80,0.50,0
331,81,591.42,580.39,31.49,36.46,0.35,0
331,79,194.31,627.00,30.78,30.02,0.40,0
331,68,862.36,502.96,51.76,30.28,0.46,0
332,49,43.34,577.19,34.96,43.82,0.35,0
332,81,590.73,577.56,32.41,41.16,0.48,0
332,79,193.69,625.87,30.79,29.53,0.27,0
332,68,861.90,501.47,52.71,29.96,0.34,0
332,1,962.62,423.85,98.97,95.60,0.57,0
333,49,38.73,576.88,35.38,44.10,0.70,0
333,79,189.29,625.95,31.26,30.26,0.34,0
333,68,860.67,500.74,53.27,30.28,0.44,0
333,1,961.58,422.28,97.22,94.84,0.69,0
334,49,38.09,576.29,35.50,43.86,0.69,0
334,79,189.10,625.32,31.61,29.60,0.40,0
334,1,960.38,420.45,96.98,97.12,0.67,0
335,49,37.71,576.06,35.96,44.06,0.74,0
335,79,189.13,625.69,31.34,29.19,0.49,0
335,1,958.67,419.57,98.21,98.12,0.54,0
336,49,36.66,575.49,37.10,44.50,0.70,0
336,79,189.89,625.53,30.82,29.19,0.47,0
336,1,956.86,418.28,99.39,99.12,0.34,0
336,68,858.63,498.59,53.08,27.47,0.25,0
337,49,34.69,574.07,38.21,44.90,0.64,0
337,79,190.40,625.46,31.21,29.52,0.41,0
337,1,959.78,417.52,95.61,98.90,0.63,0
338,49,33.02,572.99,37.88,44.85,0.59,0
338,79,190.17,626.11,29.25,27.90,0.29,0
338,1,959.23,415.99,98.46,99.94,0.48,0
339,49,31.32,570.82,36.70,45.06,0.51,0
339,79,188.40,625.57,29.24,27.08,0.25,0
339,1,958.71,414.18,96.07,99.89,0.50,0
339,68,858.59,495.79,50.70,27.62,0.44,0
340,49,30.98,567.75,37.93,46.31,0.57,0
340,79,188.84,624.36,29.21,27.63,0.33,0
340,1,959.43,412.23,92.29,98.14,0.72,0
340,68,856.85,493.85,51.90,28.79,0.58,0
341,49,29.65,566.15,37.71,45.61,0.41,0
341,79,185.67,620.93,30.98,26.92,0.50,0
341,1,959.44,409.14,91.85,97.48,0.80,0
341,68,856.61,490.40,51.79,28.29,0.38,0
342,49,29.29,561.07,42.95,49.57,0.70,0
342,1,959.16,406.12,90.68,95.86,0.87,0
342,68,857.30,487.71,51.89,28.57,0.52,0
343,49,29.18,560.05,42.11,47.67,0.63,0
343,1,959.52,403.34,92.11,95.62,0.67,0
343,68,857.98,485.93,51.37,28.30,0.48,0
344,49,26.75,555.75,41.28,48.80,0.37,0
344,1,959.84,397.89,91.58,96.80,0.64,0
344,68,860.17,480.30,49.92,28.98,0.44,0
345,49,26.44,553.81,40.68,47.78,0.34,0
345,1,959.63,393.70,90.93,98.67,0.53,0
345,68,859.88,477.68,51.09,28.90,0.33,0
346,49,27.45,552.11,39.74,47.00,0.25,0
346,1,958.91,389.15,92.96,100.96,0.41,0
346,68,859.02,474.18,52.38,27.72,0.44,0
347,49,27.61,551.33,39.66,47.08,0.41,0
347,1,958.39,387.24,96.07,101.21,0.33,0
348,49,22.39,547.94,40.13,47.71,0.50,0
348,1,961.75,384.92,93.12,99.76,0.47,0
348,68,857.26,470.73,54.86,28.64,0.28,0
349,49,17.77,545.31,39.18,47.53,0.38,0
349,1,960.28,383.98,94.50,98.03,0.57,0
349,86,963.20,384.19,90.73,97.64,0.50,0
349,68,857.21,468.73,55.03,29.20,0.30,0
350,68,857.59,467.38,52.48,30.50,0.30,0
351,68,854.86,467.30,52.92,32.19,0.74,0
351,1,959.21,382.87,92.62,98.80,0.78,0
352,68,854.46,465.16,52.04,31.96,0.47,0
352,1,959.74,380.46,92.28,97.30,0.75,0
352,49,15.79,546.93,37.73,42.41,0.35,0
353,68,854.63,463.42,53.75,29.53,0.42,0
353,1,958.36,373.79,95.19,101.79,0.72,0
353,49,12.46,540.08,39.60,45.93,0.53,0
354,1,958.10,371.79,93.77,103.16,0.71,0
354,49,6.93,537.37,42.11,49.27,0.72,0
355,1,958.29,370.81,92.19,102.15,0.54,0
355,49,5.79,537.50,41.66,49.22,0.63,0
355,68,853.93,460.79,51.71,28.52,0.50,0
356,1,956.82,369.24,92.59,101.91,0.64,0
356,49,5.54,535.97,41.24,51.33,0.66,0
356,68,852.36,460.09,52.40,28.35,0.60,0
357,1,955.62,365.56,93.61,103.13,0.78,0
357,49,4.94,535.28,40.47,51.22,0.57,0
357,68,852.67,457.28,51.13,29.21,0.56,0
358,1,954.33,361.04,94.38,104.48,0.78,0
358,49,4.80,533.75,38.40,50.40,0.45,0
359,1,952.79,358.15,96.76,104.82,0.86,0
359,49,4.36,533.13,38.15,50.70,0.39,0
360,1,951.54,357.25,97.49,103.06,0.84,0
361,1,950.36,356.50,97.30,102.62,0.83,0
362,1,951.39,351.33,96.67,102.23,0.69,0
362,68,837.26,447.28,66.21,29.65,0.54,0
362,49,1.18,532.64,34.60,49.20,0.53,0
363,1,950.68,346.46,96.90,103.75,0.88,0
363,68,839.18,444.18,61.49,31.36,0.49,0
363,49,0.45,531.66,33.50,47.84,0.60,0
363,81,567.73,528.71,33.24,37.97,0.45,0
364,1,949.79,344.83,95.46,103.46,0.74,0
364,68,839.47,442.21,58.48,31.69,0.69,0
364,49,0.15,531.29,32.68,47.63,0.53,0
364,81,567.49,527.16,31.73,36.73,0.31,0
365,1,949.80,343.06,96.30,104.34,0.72,0
365,68,834.66,439.70,61.99,33.12,0.67,0
365,49,0.41,530.61,32.92,47.69,0.56,0
365,81,567.10,525.87,32.59,38.54,0.31,0
366,1,950.47,341.57,96.02,104.08,0.46,0
366,68,839.17,437.88,57.80,33.37,0.69,0
366,49,0.00,530.43,29.87,48.54,0.51,0
366,81,566.06,525.48,33.53,46.63,0.29,0
367,1,948.89,341.05,96.68,105.45,0.62,0
367,68,836.19,438.84,59.23,33.02,0.67,0
367,49,0.00,531.50,25.92,48.48,0.50,0
367,81,565.01,527.50,32.29,47.02,0.35,0
368,1,946.85,340.99,97.75,106.72,0.52,0
368,68,832.61,439.70,60.79,31.97,0.70,0
368,49,0.00,531.81,25.18,48.30,0.50,0
369,1,947.55,339.57,97.18,106.57,0.62,0
369,68,834.62,439.44,58.26,30.49,0.68,0
369,49,0.30,531.27,26.13,47.32,0.52,0
369,81,564.13,526.01,32.34,53.09,0.37,0
370,1,948.19,337.18,98.47,106.78,0.82,0
370,68,834.70,438.75,58.45,31.77,0.76,0
370,49,0.00,531.28,24.21,46.20,0.48,0
371,1,948.45,336.04,99.19,106.30,0.79,0
371,68,833.78,436.15,59.32,32.74,0.79,0
371,49,0.00,530.56,23.06,46.58,0.55,0
372,1,948.01,335.33,99.60,105.48,0.80,0
372,68,834.87,435.60,57.45,32.02,0.82,0
373,1,947.96,333.06,99.97,106.55,0.78,0
373,68,835.70,433.77,56.67,32.43,0.78,0
374,1,948.22,330.96,101.16,106.39,0.75,0
374,68,836.34,431.21,56.62,31.48,0.73,0
375,1,949.65,325.63,101.03,106.27,0.62,0
375,68,835.67,426.94,58.84,32.39,0.61,0
375,49,0.00,514.73,19.98,53.56,0.35,0
376,1,950.40,323.00,99.90,106.21,0.71,0
376,68,833.49,426.69,61.33,29.79,0.57,0
376,92,834.19,426.16,60.63,32.50,0.48,0
377,1,951.20,320.11,99.60,107.25,0.76,0
377,68,833.64,425.27,61.32,29.51,0.71,0
378,1,952.44,313.79,100.10,109.21,0.79,0
378,68,832.92,420.33,61.84,31.32,0.68,0
379,1,952.79,310.31,100.68,107.70,0.77,0
379,68,834.19,416.73,59.85,30.79,0.68,0
380,1,952.03,308.65,100.71,107.20,0.84,0
380,68,831.89,414.52,60.32,32.35,0.71,0
381,1,949.16,305.98,102.20,107.54,0.82,0
381,68,831.31,413.85,59.24,31.55,0.60,0
382,1,946.60,305.85,101.82,107.64,0.83,0
382,68,829.29,414.51,58.42,31.64,0.36,0
383,1,944.54,306.91,101.90,106.60,0.84,0
383,68,824.89,415.01,59.80,33.67,0.55,0
384,1,941.95,308.54,100.59,105.99,0.84,0
384,68,823.25,415.94,57.88,33.89,0.41,0
385,1,938.26,308.17,101.17,105.96,0.77,0
385,68,820.61,415.26,57.47,35.44,0.46,0
386,1,932.52,307.91,103.43,106.62,0.58,0
386,68,811.70,415.90,60.13,34.90,0.39,0
387,1,929.63,309.24,104.27,107.90,0.78,0
387,68,806.42,417.44,61.41,34.90,0.57,0
388,1,928.30,310.23,103.02,110.29,0.79,0
388,68,804.80,419.98,60.91,34.39,0.66,0
389,1,927.62,313.39,102.63,114.05,0.52,0
389,68,805.76,425.08,59.44,31.80,0.73,0
390,68,806.67,432.26,58.23,31.20,0.46,0
390,81,517.16,526.28,34.32,53.03,0.41,0
391,68,803.40,440.37,59.71,33.75,0.54,0
391,81,516.02,532.56,34.90,52.65,0.39,0
391,1,924.89,326.34,104.03,111.72,0.59,0
392,68,802.50,443.44,58.58,34.61,0.87,0
392,1,923.21,328.59,105.24,111.81,0.66,0
393,1,919.60,333.60,106.76,113.96,0.54,0
394,1,917.40,339.92,105.38,111.95,0.46,0
394,68,799.16,454.96,57.68,32.64,0.71,0
395,1,913.64,362.88,105.00,111.59,0.84,0
395,68,796.30,477.29,59.43,33.36,0.71,0
395,81,507.84,579.43,31.06,46.61,0.35,0
396,68,788.26,485.55,61.87,33.96,0.70,0
397,68,785.12,490.80,59.77,33.35,0.77,0
398,68,784.19,496.51,58.48,31.01,0.66,0
398,1,905.88,378.50,106.26,112.89,0.39,0
399,68,782.97,499.83,57.81,29.41,0.39,0
399,1,903.63,382.13,105.67,115.47,0.60,0
400,68,780.42,504.20,58.47,30.06,0.60,0
400,1,901.42,384.96,105.61,115.22,0.70,0
400,81,493.73,602.19,29.03,34.67,0.43,0
401,68,779.29,506.03,58.19,31.62,0.67,0
401,1,899.13,386.27,105.41,114.88,0.51,0
401,81,493.06,604.32,28.05,33.04,0.32,0
402,68,777.11,508.04,59.50,32.85,0.53,0
402,1,898.02,387.04,104.80,114.99,0.47,0
403,68,775.65,509.44,58.93,32.15,0.43,0
403,1,897.76,385.81,104.28,116.50,0.45,0
404,68,775.83,510.15,57.97,31.59,0.59,0
404,1,894.70,385.48,105.85,117.37,0.63,0
405,68,771.59,509.34,60.92,32.06,0.59,0
405,1,892.21,384.84,106.72,116.89,0.64,0
406,68,765.89,508.75,65.35,31.70,0.65,0
406,1,889.35,383.15,109.00,116.00,0.69,0
407,68,763.45,505.59,66.18,32.64,0.68,0
407,1,887.24,380.49,110.98,117.49,0.75,0
408,68,761.70,504.66,62.80,31.33,0.70,0
408,1,884.70,376.78,113.05,121.01,0.56,0
409,68,759.61,502.30,63.93,30.16,0.38,0
410,68,759.40,501.36,61.55,29.56,0.28,0
410,106,469.77,637.90,26.75,25.67,0.41,0
411,68,754.32,499.16,63.60,28.88,0.41,0
413,68,743.88,499.49,64.51,31.55,0.54,0
414,68,741.32,497.47,64.06,31.76,0.31,0
415,68,735.50,497.15,66.61,31.16,0.50,0
415,1,860.50,361.23,117.11,126.12,0.27,0
415,106,446.09,635.99,26.92,25.87,0.43,0
416,68,733.28,498.21,61.98,30.43,0.47,0
417,68,728.41,499.74,62.99,31.44,0.42,0
418,68,726.98,500.36,59.37,31.56,0.29,0
419,68,714.43,500.38,67.71,32.12,0.46,0
419,106,424.14,639.19,28.19,26.79,0.28,0
420,68,709.18,501.76,65.32,31.54,0.55,0
420,1,833.14,361.25,118.15,127.87,0.27,0
421,68,704.31,503.85,60.55,33.93,0.76,0
422,68,702.89,504.16,58.45,34.98,0.74,0
422,116,1597.18,707.72,27.65,28.71,0.37,0
423,68,697.13,503.77,64.02,34.20,0.63,0
424,68,691.68,502.55,66.32,33.05,0.41,0
425,68,688.40,501.36,66.87,33.76,0.65,0
426,68,686.86,499.32,65.14,34.15,0.44,0
426,1,809.68,355.58,122.87,126.75,0.31,0
427,68,685.27,497.59,61.84,32.45,0.31,0
427,119,689.18,602.61,45.87,30.73,0.36,0
427,1,805.71,353.51,123.96,126.68,0.46,0
428,68,679.31,494.43,63.69,33.16,0.54,0
429,68,673.95,494.11,64.56,33.82,0.44,0
429,121,386.06,612.14,32.36,30.79,0.44,0
429,1,800.81,348.52,121.84,127.27,0.35,0
430,1,798.01,347.50,122.19,126.89,0.59,0
431,1,794.10,344.89,124.79,129.42,0.54,0
431,68,664.86,492.51,66.00,33.75,0.27,0
432,68,661.49,491.01,65.22,35.84,0.63,0
433,68,660.75,491.80,62.36,35.41,0.45,0
433,1,786.13,340.82,125.29,131.44,0.29,0
434,68,659.14,491.14,61.93,36.44,0.53,0
435,68,659.00,492.55,60.86,35.64,0.32,0
435,121,374.58,611.78,30.16,30.90,0.46,0
436,121,374.30,612.67,30.07,30.68,0.32,0
437,121,371.64,612.05,31.47,32.21,0.28,0
437,68,651.80,493.88,62.64,36.48,0.39,0
438,68,648.80,493.38,63.97,37.52,0.45,0
439,68,647.79,492.98,62.68,37.56,0.33,0
440,68,643.09,491.70,65.66,37.60,0.51,0
441,68,643.88,490.61,63.37,37.81,0.50,0
442,1,770.10,331.97,128.93,131.87,0.26,0
443,116,1599.15,706.45,29.34,28.76,0.28,0
443,68,644.04,488.73,59.98,37.06,0.43,0
444,116,1598.29,705.04,30.08,30.19,0.32,0
444,68,650.57,485.93,51.57,38.50,0.34,0
444,1,771.57,324.02,127.85,131.39,0.37,0
445,116,1596.48,704.19,31.27,32.08,0.38,0
445,126,765.21,323.73,132.93,133.72,0.33,0
445,1,768.17,320.12,131.39,132.43,0.45,0
446,116,1598.61,703.54,31.32,32.33,0.31,0
446,126,764.53,322.24,133.96,131.75,0.27,0
446,1,767.82,318.46,132.82,131.82,0.48,0
446,68,646.31,486.17,52.36,37.48,0.33,0
448,1,768.98,311.44,130.56,136.31,0.28,0
448,68,644.25,481.92,54.66,39.68,0.26,0
449,1,767.41,311.35,130.85,137.86,0.37,0
449,68,632.74,485.61,63.00,37.90,0.52,0
450,68,632.09,488.90,60.59,37.68,0.54,0
454,68,625.38,491.40,53.90,34.89,0.36,0
455,68,620.11,491.68,55.42,35.51,0.40,0
459,1,736.21,299.21,132.41,147.05,0.31,0
460,121,361.84,635.52,31.88,29.74,0.63,0
461,121,365.61,635.79,30.22,30.40,0.31,0
462,121,364.99,635.86,30.46,30.75,0.38,0
464,121,367.98,633.93,30.69,33.23,0.27,0
465,121,367.91,633.54,32.64,33.45,0.46,0
465,116,1649.00,677.80,32.17,34.23,0.40,0
466,121,369.04,634.17,32.92,32.09,0.46,0
467,121,373.43,634.32,31.63,31.64,0.53,0
468,121,378.92,634.81,31.77,31.41,0.45,0
469,121,381.98,635.03,32.04,31.18,0.38,0
470,121,384.19,635.57,32.59,30.35,0.39,0
471,121,388.41,635.60,31.60,31.52,0.45,0
472,121,388.11,635.31,31.66,31.99,0.49,0
474,121,393.61,633.01,31.58,34.47,0.30,0
475,1,734.94,274.69,147.42,153.63,0.53,0
477,1,732.26,267.11,147.57,153.12,0.34,0
478,121,397.77,631.07,31.93,43.63,0.32,0
480,1,732.26,276.01,152.17,158.34,0.31,0
481,1,730.04,274.69,153.73,161.92,0.28,0
482,1,729.42,274.74,154.08,163.11,0.40,0
482,121,401.17,645.71,33.22,51.74,0.35,0
483,121,403.75,647.21,32.33,49.92,0.33,0
484,121,407.95,646.36,32.30,48.24,0.34,0
484,137,670.96,499.33,51.81,37.92,0.52,0
485,121,409.47,645.70,33.80,51.36,0.33,0
485,137,668.67,498.40,55.07,38.27,0.48,0
486,121,409.24,647.41,35.96,54.60,0.54,0
486,137,665.93,500.14,57.71,36.25,0.46,0
487,121,412.55,650.85,33.40,50.09,0.43,0
487,137,663.43,501.60,58.41,39.23,0.57,0
488,137,663.48,505.86,59.04,41.20,0.47,0
488,1,723.96,271.42,152.54,162.89,0.31,0
489,137,664.01,504.81,60.38,41.55,0.64,0
490,137,664.09,507.84,63.68,39.66,0.76,0
490,121,421.90,661.19,33.56,34.51,0.48,0
491,137,664.18,512.53,68.63,38.29,0.83,0
492,137,669.87,517.22,68.71,38.95,0.58,0
492,121,434.16,676.31,32.23,33.24,0.44,0
493,137,675.74,525.08,73.37,41.10,0.66,0
493,121,443.15,682.92,32.90,31.29,0.59,0
494,137,682.75,532.88,69.08,39.83,0.86,0
495,137,683.79,539.31,73.14,39.89,0.82,0
495,1,736.19,292.13,159.81,167.11,0.35,0
495,121,456.07,697.36,34.79,33.39,0.40,0
496,137,683.44,543.64,76.94,38.67,0.39,0
496,1,737.99,296.41,160.23,167.79,0.51,0
497,137,687.87,550.10,79.81,37.71,0.67,0
497,1,745.74,301.12,157.46,168.21,0.74,0
497,121,469.92,707.45,32.52,31.89,0.56,0
498,137,699.93,554.60,73.34,37.86,0.71,0
498,1,752.63,302.66,157.72,168.28,0.77,0
499,137,704.75,567.01,75.27,38.01,0.69,0
500,137,708.22,570.74,79.93,39.68,0.74,0
500,121,496.50,729.16,29.21,32.33,0.32,0
501,137,715.18,571.74,78.20,39.90,0.75,0
502,137,722.21,574.85,74.89,39.16,0.79,0
503,137,725.93,576.69,72.79,40.34,0.69,0
503,121,512.43,733.03,33.32,30.72,0.42,0
504,137,725.99,577.51,72.68,40.05,0.76,0
504,144,730.49,577.05,70.31,41.18,0.59,0
504,121,514.88,732.91,32.96,31.53,0.53,0
505,137,724.22,577.73,74.26,41.15,0.83,0
505,144,729.04,577.90,71.56,41.31,0.62,0
505,121,515.26,732.86,32.62,32.02,0.45,0
505,1,763.34,317.41,162.11,175.68,0.58,0
506,137,724.16,578.77,73.59,40.90,0.77,0
506,144,728.37,578.11,71.94,41.38,0.50,0
506,121,515.22,734.01,33.83,31.81,0.38,0
506,1,761.87,316.60,162.21,176.63,0.58,0
507,137,723.18,578.03,74.49,41.71,0.76,0
507,144,727.24,577.17,73.82,42.15,0.68,0
507,1,762.43,311.49,160.56,179.84,0.59,0
508,137,723.56,578.21,72.41,42.08,0.83,0
508,144,727.03,578.09,72.19,41.83,0.56,0
508,1,761.13,308.28,159.83,181.31,0.41,0
509,137,722.77,577.92,72.37,42.37,0.90,0
509,1,754.02,306.59,165.30,181.73,0.32,0
510,137,720.45,576.31,75.12,43.25,0.89,0
510,1,748.41,305.27,169.05,182.23,0.26,0
511,137,719.94,588.16,80.53,42.05,0.87,0
512,137,721.98,596.14,79.13,43.73,0.79,0
512,121,511.93,756.30,34.70,30.58,0.43,0
512,1,748.73,324.11,167.29,182.52,0.36,0
513,137,721.17,598.06,76.70,41.89,0.85,0
513,121,510.39,757.44,36.33,30.35,0.31,0
513,1,747.05,321.67,168.13,183.73,0.34,0
514,137,719.21,599.59,77.80,41.78,0.85,0
514,1,743.15,321.56,170.93,184.67,0.26,0
515,137,719.70,599.76,77.45,41.33,0.84,0
515,1,741.46,320.45,171.20,185.16,0.43,0
515,121,511.79,758.91,36.06,30.39,0.30,0
516,137,722.48,598.69,75.53,41.72,0.85,0
516,1,744.21,318.17,168.64,185.24,0.46,0
516,121,515.57,757.32,34.72,30.89,0.41,0
517,137,722.75,599.15,74.95,41.91,0.87,0
517,1,743.33,315.64,168.68,186.54,0.26,0
517,121,516.31,758.61,34.59,29.51,0.47,0
518,137,722.21,599.98,74.63,41.73,0.90,0
518,1,739.39,311.97,175.69,186.20,0.33,0
518,121,517.38,759.15,34.39,30.54,0.41,0
519,137,722.04,600.39,74.01,41.44,0.89,0
519,1,737.33,309.06,177.93,186.78,0.62,0
520,137,721.49,600.58,75.36,41.05,0.89,0
520,1,736.18,306.58,178.62,188.28,0.70,0
521,137,727.07,599.26,73.28,41.48,0.62,0
521,1,738.40,303.34,178.12,188.77,0.77,0
522,137,730.49,593.74,90.83,46.25,0.59,0
522,1,738.85,299.38,179.10,190.68,0.80,0
523,137,729.46,592.62,91.76,46.56,0.69,0
523,1,740.04,293.00,180.62,195.78,0.52,0
524,137,723.31,591.86,96.54,47.05,0.62,0
524,1,740.56,289.11,179.77,198.03,0.77,0
524,121,541.25,760.87,32.97,30.19,0.27,0
525,137,726.78,591.74,93.14,47.16,0.74,0
525,1,740.76,286.66,178.41,197.95,0.83,0
526,137,724.56,590.31,103.94,47.56,0.44,0
526,1,742.18,282.55,177.89,199.15,0.89,0
527,137,734.32,590.21,95.86,46.64,0.54,0
527,1,742.95,278.97,176.56,199.02,0.82,0
528,137,743.99,591.62,83.49,44.90,0.58,0
528,1,742.92,275.95,175.63,200.93,0.84,0
529,137,749.87,592.66,86.07,46.18,0.54,0
529,1,746.75,274.31,174.37,202.40,0.76,0
529,167,566.84,799.84,30.39,29.25,0.48,0
530,137,745.67,591.70,93.97,47.28,0.53,0
530,1,746.91,271.30,176.53,204.39,0.83,0
531,137,740.08,591.66,104.01,48.78,0.40,0
531,1,744.20,269.06,179.82,205.45,0.83,0
531,168,183.70,836.10,29.74,27.64,0.44,0
531,167,577.05,799.58,34.58,29.04,0.29,0
532,137,740.77,591.19,101.59,49.10,0.64,0
532,1,742.33,266.09,179.88,205.32,0.69,0
532,168,185.42,836.48,28.60,26.53,0.30,0
532,167,579.90,799.09,34.20,30.26,0.30,0
533,137,744.39,591.25,96.90,49.22,0.67,0
533,1,739.43,263.52,181.36,206.64,0.30,0
533,168,188.84,836.19,31.45,26.24,0.28,0
534,137,744.34,589.76,97.68,48.06,0.54,0
534,1,737.92,257.43,186.32,205.17,0.37,0
535,137,744.61,588.35,99.06,47.63,0.42,0
535,1,735.71,253.71,188.45,203.40,0.40,0
536,1,733.26,247.57,189.65,205.02,0.59,0
537,1,731.95,241.39,188.53,205.02,0.52,0
537,137,750.48,584.31,90.28,43.17,0.64,0
538,1,730.09,234.22,188.19,208.72,0.52,0
538,137,755.88,579.35,85.50,45.21,0.76,0
539,137,756.49,574.45,87.81,46.68,0.72,0
539,168,199.10,824.01,30.06,27.96,0.53,0
540,137,748.98,569.94,93.29,48.57,0.70,0
540,168,200.31,818.65,28.81,30.48,0.30,0
541,137,748.25,563.47,95.15,48.98,0.48,0
541,177,726.84,695.31,104.84,57.74,0.39,0
541,1,709.94,202.24,203.54,214.35,0.33,0
542,137,752.80,557.72,87.67,45.14,0.70,0
542,177,759.59,692.74,75.52,53.51,0.43,0
542,1,715.16,191.21,194.75,212.94,0.37,0
543,137,754.57,550.27,86.09,45.74,0.63,0
543,1,716.16,179.55,191.25,217.99,0.34,0
544,137,750.74,546.51,93.08,47.14,0.48,0
544,1,707.43,170.24,197.85,224.25,0.26,0
544,168,204.93,800.96,28.01,26.58,0.35,0
545,137,746.45,542.70,97.56,49.09,0.32,0
545,1,712.68,163.70,190.47,224.54,0.34,0
546,1,710.65,153.90,199.70,223.64,0.57,0
547,1,704.91,145.01,205.78,223.36,0.66,0
547,137,755.28,533.17,86.53,46.58,0.76,0
548,1,694.08,138.44,213.44,223.17,0.70,0
548,137,755.94,529.61,80.46,48.12,0.73,0
549,1,691.10,130.62,211.51,225.98,0.26,0
549,137,755.61,527.94,76.09,46.36,0.84,0
550,1,692.87,122.26,207.01,229.29,0.36,0
550,137,754.17,522.23,79.45,47.55,0.78,0
551,137,750.14,517.77,85.33,46.64,0.67,0
552,137,749.57,514.74,82.28,44.68,0.77,0
552,180,591.10,737.26,34.55,30.83,0.44,0
552,1,683.36,100.01,212.46,236.05,0.67,0
553,137,749.24,513.68,80.80,43.51,0.82,0
553,180,590.18,737.21,33.67,30.30,0.44,0
553,183,590.31,706.44,32.65,31.55,0.47,0
553,1,671.91,92.22,220.09,238.68,0.61,0
554,137,749.26,512.52,77.85,42.67,0.79,0
554,180,591.28,737.21,33.09,30.48,0.43,0
554,183,590.82,706.37,32.49,32.07,0.35,0
554,1,663.32,85.06,222.32,242.60,0.61,0
555,137,748.72,501.54,75.73,44.58,0.71,0
555,180,592.73,728.68,31.08,30.43,0.40,0
555,1,665.43,68.88,210.07,244.86,0.77,0
556,137,747.48,498.92,74.96,46.88,0.79,0
556,180,593.91,729.35,29.11,29.38,0.37,0
556,1,655.08,61.06,213.58,249.51,0.31,0
556,168,209.13,778.11,24.56,24.38,0.35,0
557,137,745.35,496.50,76.97,47.17,0.67,0
557,180,594.17,729.81,29.18,29.21,0.41,0
557,168,208.29,778.85,24.07,24.47,0.36,0
557,183,594.70,696.66,29.27,34.31,0.34,0
558,137,742.14,494.73,78.71,45.90,0.69,0
558,180,593.23,730.03,29.83,30.50,0.46,0
558,168,206.41,779.67,25.64,25.16,0.48,0
558,1,643.77,39.98,221.98,258.08,0.26,0
559,137,739.59,492.31,80.94,44.04,0.54,0
559,180,593.35,729.76,29.70,30.95,0.47,0
559,168,206.29,780.04,25.94,25.13,0.42,0
559,1,637.32,32.74,225.84,259.82,0.34,0
560,137,739.25,489.28,81.00,44.46,0.51,0
560,180,594.96,728.55,29.13,30.09,0.42,0
560,168,209.45,779.71,25.51,24.55,0.35,0
560,1,636.13,25.16,223.86,262.70,0.32,0
560,188,740.53,489.78,80.38,43.77,0.41,0
561,137,740.22,488.94,78.76,43.68,0.52,0
561,180,594.93,728.46,29.93,31.36,0.37,0
561,1,633.39,21.46,219.64,262.05,0.48,0
561,188,741.87,488.82,78.35,43.92,0.53,0
562,137,742.23,487.49,75.88,42.87,0.51,0
562,180,594.76,728.81,30.09,32.27,0.40,0
562,188,745.38,487.19,73.59,42.92,0.37,0
563,137,741.84,486.28,76.74,44.11,0.64,0
563,180,595.38,728.57,29.34,33.00,0.41,0
563,188,745.39,485.99,73.46,44.00,0.41,0
564,137,742.74,484.54,77.39,45.88,0.69,0
564,180,598.79,728.21,31.73,30.76,0.39,0
564,188,746.20,484.20,74.11,46.23,0.78,0
564,190,572.85,577.49,43.12,39.96,0.35,0
564,183,600.19,695.40,31.94,33.91,0.52,0
565,137,743.70,484.28,76.82,47.30,0.74,0
565,180,602.01,728.00,32.19,30.78,0.51,0
565,188,742.36,483.43,78.47,48.65,0.76,0
565,168,223.65,781.64,27.65,24.56,0.54,0
566,137,746.30,484.64,75.76,47.64,0.81,0
566,180,605.85,727.19,33.50,32.28,0.27,0
566,188,745.26,484.75,76.41,48.03,0.26,0
566,168,228.55,781.15,27.04,26.17,0.41,0
567,180,611.28,729.44,31.83,30.02,0.55,0
567,168,232.81,781.55,27.18,26.41,0.44,0
568,180,616.61,729.99,31.11,30.43,0.58,0
568,183,616.89,696.16,30.51,35.00,0.32,0
568,137,750.98,484.61,78.54,47.99,0.84,0
569,137,753.95,485.50,78.16,47.53,0.83,0
570,137,755.68,484.02,80.04,46.83,0.81,0
570,168,245.35,783.47,29.89,27.71,0.43,0
570,180,622.50,731.10,31.32,29.61,0.26,0
570,183,624.32,697.53,29.63,34.76,0.35,0
571,137,755.97,483.33,78.99,46.98,0.82,0
571,180,625.93,730.01,31.22,29.71,0.37,0
571,183,627.09,696.76,29.27,33.33,0.32,0
572,137,755.03,480.37,80.60,49.10,0.79,0
572,180,625.56,728.31,34.90,31.28,0.46,0
572,1,607.08,0.00,228.50,241.00,0.40,0
572,168,252.34,783.26,27.16,28.78,0.29,0
573,137,754.17,477.65,82.62,50.05,0.78,0
573,180,628.03,726.47,35.81,32.93,0.31,0
573,1,602.48,0.00,229.64,232.54,0.37,0
573,168,254.30,783.22,27.60,28.83,0.35,0
574,137,753.96,475.97,84.06,50.31,0.75,0
574,180,630.48,727.88,33.98,31.36,0.29,0
574,168,256.12,782.09,27.99,29.98,0.38,0
575,137,754.31,474.08,83.48,49.28,0.77,0
575,180,631.50,726.95,34.38,32.08,0.47,0
575,168,257.84,782.61,28.37,28.48,0.33,0
576,137,755.66,472.55,83.60,49.82,0.76,0
576,180,633.81,727.94,32.37,31.66,0.50,0
577,137,754.47,471.75,85.85,50.64,0.74,0
577,180,636.59,728.60,30.79,31.10,0.60,0
578,180,639.21,728.85,31.25,31.09,0.62,0
578,168,266.75,784.60,30.69,26.81,0.29,0
579,180,638.77,730.06,32.41,31.13,0.46,0
579,183,640.45,697.14,29.85,35.12,0.34,0
579,137,756.28,469.91,87.66,52.29,0.66,0
580,180,636.93,732.37,32.97,30.87,0.47,0
580,183,638.17,699.04,30.60,35.88,0.38,0
580,137,749.91,470.81,93.10,52.21,0.38,0
581,180,638.68,734.36,33.19,30.74,0.50,0
581,183,639.77,701.22,30.76,40.13,0.45,0
581,137,752.69,472.85,88.29,50.80,0.79,0
582,180,642.52,733.17,33.19,31.99,0.34,0
582,183,642.90,700.45,30.53,36.59,0.30,0
582,137,754.38,472.10,87.43,50.76,0.72,0
583,137,753.55,472.05,88.75,50.17,0.63,0
584,137,750.51,470.95,91.09,50.91,0.48,0
584,180,646.58,735.83,30.81,30.70,0.34,0
584,183,644.18,702.66,31.35,36.50,0.31,0
585,137,752.72,470.94,87.07,49.98,0.60,0
585,180,647.77,735.55,30.99,32.06,0.28,0
585,183,645.01,703.67,32.23,35.36,0.28,0
586,137,743.23,470.58,95.55,51.98,0.52,0
586,180,649.64,735.77,32.61,32.27,0.28,0
587,137,732.36,468.38,108.02,53.13,0.33,0
587,183,650.65,703.27,32.46,32.37,0.29,0
588,137,733.38,464.29,105.79,50.77,0.68,0
589,137,739.62,459.87,99.11,52.00,0.73,0
590,137,744.90,458.50,92.96,49.80,0.62,0
590,180,657.77,739.60,30.88,28.84,0.32,0
591,137,750.92,454.51,84.28,51.41,0.72,0
592,137,749.04,452.80,81.42,49.17,0.49,0
592,180,660.32,735.73,30.21,28.27,0.36,0
593,137,744.48,447.45,81.61,50.15,0.50,0
593,180,660.64,730.17,29.13,29.23,0.46,0
594,180,659.47,727.51,30.06,30.63,0.49,0
595,137,747.45,434.38,75.99,47.68,0.76,0
596,137,742.34,426.82,78.93,48.61,0.77,0
598,137,731.03,407.33,83.81,53.65,0.75,0
599,137,726.43,398.05,86.17,53.52,0.54,0
600,137,722.72,384.51,88.96,56.68,0.77,0
601,137,720.32,376.02,85.95,55.45,0.70,0
602,137,693.17,361.95,110.96,60.37,0.48,0
603,137,690.27,353.19,110.61,57.73,0.38,0
604,137,695.96,346.68,102.69,56.31,0.69,0
605,137,696.09,334.91,100.81,59.52,0.77,0
606,137,700.06,328.97,94.31,57.50,0.82,0
607,137,697.67,325.05,93.95,55.88,0.48,0
608,137,695.49,322.75,91.35,56.45,0.63,0
608,215,285.15,699.71,28.11,28.95,0.42,0
609,137,689.49,312.78,91.39,56.43,0.56,0
610,137,674.35,307.67,98.51,57.20,0.40,0
611,137,657.06,307.37,106.32,57.26,0.50,0
611,215,255.61,696.59,27.27,27.57,0.41,0
612,137,645.37,308.63,104.39,59.37,0.74,0
612,215,243.13,698.54,30.97,29.04,0.41,0
613,137,627.38,310.14,109.79,59.58,0.71,0
613,215,234.63,699.32,30.63,30.15,0.50,0
614,137,621.77,309.68,102.10,61.81,0.74,0
614,215,225.82,699.60,28.79,28.50,0.47,0
615,137,610.53,307.57,102.36,62.61,0.74,0
615,215,211.97,700.76,28.26,28.08,0.43,0
616,137,600.88,306.58,100.15,60.49,0.67,0
617,137,589.54,306.31,99.31,57.79,0.64,0
617,215,188.25,704.80,26.87,26.13,0.49,0
618,137,574.74,305.55,102.44,56.06,0.38,0
619,137,567.66,302.09,96.31,59.40,0.78,0
619,215,166.84,705.29,27.97,26.01,0.45,0
620,137,556.72,298.41,93.33,58.70,0.79,0
621,137,547.69,294.61,93.09,59.52,0.73,0
621,215,144.27,701.42,28.85,28.31,0.42,0
622,137,532.57,285.53,96.41,61.37,0.74,0
622,215,134.93,698.92,27.00,27.51,0.37,0
623,137,513.38,279.98,104.40,62.66,0.84,0
623,215,122.54,696.28,30.89,29.68,0.39,0
624,137,510.86,275.47,98.67,60.81,0.85,0
624,180,498.53,609.18,38.71,39.05,0.32,0
625,137,507.82,271.69,97.03,60.95,0.66,0
626,137,503.80,262.31,97.83,66.34,0.87,0
626,180,493.76,605.77,38.15,36.35,0.32,0
627,137,497.04,257.82,97.67,64.70,0.71,0
628,137,493.36,251.93,94.79,64.89,0.82,0
629,137,488.19,246.72,95.37,65.15,0.74,0
630,137,478.63,244.39,97.82,65.03,0.76,0
631,137,468.36,237.99,105.60,69.65,0.39,0
632,137,464.04,234.96,107.34,70.73,0.85,0
633,137,464.21,232.52,103.93,70.91,0.85,0
634,137,460.33,230.93,104.00,69.21,0.79,0
635,137,460.22,226.33,98.97,67.27,0.82,0
636,137,455.88,214.85,100.51,70.84,0.26,0
636,180,479.67,576.30,34.77,36.15,0.44,0
637,137,453.17,204.99,100.09,72.84,0.82,0
638,137,452.28,195.99,96.13,69.56,0.53,0
639,137,441.58,181.33,103.08,70.66,0.79,0
640,137,436.72,165.88,102.49,73.77,0.80,0
641,137,430.70,158.97,98.98,73.93,0.85,0
641,180,465.61,535.39,35.49,31.28,0.54,0
642,137,417.25,144.60,100.23,75.79,0.86,0
643,137,399.03,130.52,100.70,74.01,0.69,0
643,180,438.91,512.67,38.63,32.63,0.33,0
644,137,373.19,112.95,103.76,76.66,0.85,0
645,137,350.12,93.23,105.22,79.66,0.58,0
645,180,399.60,487.72,38.19,32.82,0.46,0
646,137,326.53,79.62,103.45,76.20,0.88,0
646,180,380.90,473.39,36.70,32.96,0.35,0
647,137,298.97,60.09,105.57,79.88,0.86,0
647,180,358.24,460.30,37.63,32.81,0.30,0
648,137,272.41,41.18,108.18,79.87,0.79,0
648,180,339.43,446.57,37.56,33.82,0.28,0
649,137,250.92,22.79,106.41,78.95,0.35,0
649,180,320.55,433.38,37.40,34.81,0.52,0
650,137,223.21,6.04,110.07,80.15,0.41,0
650,180,300.83,420.60,38.81,34.07,0.68,0
650,234,299.38,381.33,39.41,38.06,0.42,0
651,180,281.72,409.84,36.35,34.21,0.38,0
651,234,278.86,371.83,38.20,36.61,0.42,0
652,180,262.84,399.31,37.81,34.13,0.31,0
653,180,236.09,392.53,46.63,36.31,0.30,0
654,180,219.01,389.67,42.93,34.29,0.49,0
654,234,220.42,348.46,39.36,36.25,0.51,0
655,180,204.08,385.00,42.64,36.98,0.44,0
655,234,205.00,346.73,38.89,36.63,0.61,0
656,180,190.47,379.00,44.23,37.27,0.32,0
656,234,191.93,340.02,38.30,38.16,0.53,0
657,180,181.58,374.25,41.59,35.29,0.39,0
658,180,174.28,369.31,43.13,35.02,0.31,0
658,234,171.63,326.51,45.73,37.86,0.37,0
659,180,164.52,362.90,44.21,35.26,0.58,0
659,234,162.39,322.37,43.68,37.10,0.44,0
660,180,150.60,356.62,45.63,36.50,0.36,0
661,180,139.51,352.92,47.03,37.96,0.32,0
661,234,138.33,312.81,43.32,39.39,0.73,0
662,180,131.49,346.98,42.37,36.05,0.62,0
663,180,117.83,341.96,45.65,35.99,0.65,0
663,234,118.03,300.63,40.62,36.91,0.42,0
664,180,103.79,335.76,43.70,37.65,0.26,0
664,234,104.16,295.70,40.80,37.86,0.58,0
665,234,89.00,287.37,41.09,39.98,0.59,0
666,234,75.61,275.81,44.36,41.59,0.65,0
666,180,75.70,320.57,45.45,35.60,0.59,0
667,234,60.46,263.77,41.34,40.03,0.45,0
668,234,41.75,246.57,43.40,40.11,0.64,0
668,180,42.66,288.26,45.17,37.46,0.69,0
669,234,19.45,228.04,44.05,40.27,0.34,0
669,180,17.43,270.62,51.09,39.17,0.38,0
670,234,2.65,203.41,42.01,42.20,0.74,0
670,180,2.57,247.68,47.27,38.66,0.83,0
