0,1,38.43,448.33,54.86,48.75,0.69,0
1,1,37.54,446.71,57.37,50.59,0.74,0
2,1,36.98,445.61,59.03,51.72,0.74,0
3,1,37.14,445.39,59.81,51.66,0.71,0
4,1,38.20,445.24,59.10,51.88,0.61,0
6,1,42.02,443.48,58.56,54.32,0.27,0
7,1,45.20,444.05,56.28,53.98,0.40,0
8,1,46.77,443.99,57.04,54.56,0.35,0
9,1,47.43,442.42,58.69,56.40,0.53,0
10,1,46.99,442.33,60.16,55.31,0.77,0
10,4,646.67,442.47,32.59,43.16,0.54,0
11,1,52.93,441.33,61.25,55.11,0.72,0
11,4,655.06,444.93,30.57,41.81,0.30,0
12,1,54.75,441.22,60.36,53.34,0.70,0
12,4,655.12,445.00,32.08,41.36,0.41,0
13,1,56.92,441.62,58.89,50.52,0.68,0
13,4,656.20,446.23,32.98,38.80,0.36,0
15,1,65.38,441.59,59.60,52.06,0.48,0
15,4,660.56,446.77,32.33,39.41,0.35,0
16,1,69.65,441.43,58.47,51.37,0.68,0
16,4,662.64,445.74,33.74,38.85,0.48,0
17,1,72.17,440.94,59.21,52.24,0.80,0
17,4,665.30,444.19,32.66,39.82,0.28,0
18,1,74.88,439.70,59.71,53.99,0.78,0
19,1,78.48,439.60,57.89,52.67,0.76,0
20,1,82.51,440.42,55.74,49.15,0.74,0
21,1,87.67,440.60,52.90,48.31,0.56,0
22,1,93.39,439.78,52.06,48.59,0.68,0
22,4,681.59,440.45,32.14,40.68,0.40,0
23,1,97.88,438.30,53.26,49.83,0.85,0
23,4,684.76,440.23,32.62,39.63,0.48,0
24,1,101.59,437.51,54.34,51.79,0.83,0
25,1,106.38,438.17,53.65,48.29,0.65,0
25,10,693.70,483.80,30.11,37.24,0.37,0
26,1,112.24,438.63,51.61,47.07,0.47,0
26,10,697.92,482.92,29.85,35.58,0.50,0
26,4,694.51,434.99,35.56,43.94,0.43,0
27,1,119.66,438.16,50.91,46.51,0.44,0
27,10,699.94,480.41,33.10,38.49,0.31,0
27,4,699.93,435.90,34.23,43.59,0.35,0
28,1,124.74,436.30,53.01,49.15,0.73,0
28,10,703.57,479.38,33.94,39.03,0.35,0
28,4,704.99,436.63,34.48,41.62,0.52,0
29,1,128.41,435.31,54.23,50.28,0.76,0
29,10,708.99,478.58,33.11,39.04,0.63,0
29,4,707.66,434.91,36.16,42.20,0.64,0
30,1,135.21,436.36,51.58,47.63,0.66,0
31,1,142.80,435.36,51.84,47.72,0.59,0
31,10,719.33,477.88,32.60,39.69,0.67,0
31,4,717.92,433.40,34.35,42.13,0.50,0
32,1,153.05,434.63,53.02,48.20,0.40,0
32,10,727.98,477.88,34.06,39.21,0.34,0
32,4,728.34,434.32,34.36,41.21,0.56,0
33,1,159.82,434.07,50.41,47.44,0.70,0
33,10,732.99,477.09,32.76,38.47,0.43,0
33,4,730.40,432.68,36.74,42.80,0.66,0
34,1,166.38,433.27,51.27,48.22,0.47,0
34,10,738.48,477.04,32.27,36.83,0.48,0
35,1,171.57,430.88,52.65,49.03,0.70,0
35,10,743.18,475.45,32.02,40.04,0.36,0
36,1,173.24,430.26,54.84,50.21,0.50,0
36,10,745.98,475.53,32.03,38.89,0.59,0
36,4,742.70,429.18,35.81,44.44,0.38,0
37,1,176.09,429.14,57.84,50.93,0.79,0
37,10,747.48,475.58,33.18,40.64,0.45,0
37,4,747.01,429.20,35.10,44.46,0.53,0
38,1,179.74,430.04,57.17,49.22,0.81,0
38,10,748.39,475.00,35.33,43.04,0.29,0
38,4,749.93,431.13,35.05,41.64,0.44,0
39,1,185.79,431.19,52.34,48.32,0.76,0
39,10,753.48,476.25,33.58,38.62,0.36,0
39,4,754.27,432.35,33.17,40.84,0.60,0
40,1,189.04,431.17,51.43,47.12,0.36,0
40,10,757.59,476.16,32.74,37.37,0.52,0
40,4,755.87,431.72,35.18,42.02,0.72,0
41,1,194.00,429.52,51.97,48.16,0.78,0
42,1,196.15,429.32,52.45,48.33,0.79,0
43,1,197.60,429.00,53.23,49.57,0.63,0
43,10,766.19,473.91,32.59,38.99,0.41,0
44,1,200.46,428.90,54.92,48.98,0.63,0
44,10,768.87,474.40,31.60,37.95,0.50,0
44,4,766.85,432.56,33.23,40.16,0.33,0
45,1,203.78,429.79,55.50,47.01,0.62,0
45,10,770.27,473.55,32.92,39.23,0.48,0
45,4,769.12,431.08,34.34,41.29,0.46,0
46,1,208.56,431.25,51.46,46.31,0.72,0
46,10,770.85,472.69,34.37,41.37,0.28,0
46,4,771.71,429.68,34.08,42.72,0.38,0
47,1,212.09,432.11,48.20,46.14,0.72,0
48,1,215.60,431.22,50.04,47.72,0.65,0
49,1,219.51,429.54,51.88,48.37,0.72,0
49,4,778.51,432.15,34.30,41.08,0.54,0
50,1,220.81,429.40,52.65,48.09,0.80,0
50,4,780.84,432.06,35.42,41.32,0.52,0
51,1,223.00,429.12,53.76,49.58,0.35,0
52,1,224.80,429.03,57.29,48.48,0.76,0
52,4,786.33,431.24,34.34,41.06,0.41,0
53,1,228.55,429.87,56.57,47.09,0.75,0
53,4,790.06,430.36,32.84,41.23,0.29,0
53,10,792.46,472.37,31.28,39.33,0.26,0
54,1,233.05,431.48,52.03,46.22,0.75,0
54,4,792.11,428.31,34.47,42.84,0.53,0
54,10,794.41,471.32,32.29,40.23,0.33,0
55,1,236.98,431.74,49.04,46.18,0.71,0
56,1,241.08,430.34,50.36,47.05,0.58,0
56,4,799.45,427.74,32.29,41.02,0.39,0
57,1,244.42,429.36,49.65,46.22,0.67,0
57,4,802.80,429.34,32.16,39.87,0.46,0
58,1,246.31,428.23,51.90,47.46,0.77,0
58,4,804.12,428.20,34.45,41.09,0.52,0
59,1,248.90,428.49,53.72,46.55,0.73,0
60,1,256.07,430.42,50.33,44.72,0.64,0
60,4,811.03,428.11,33.22,41.92,0.40,0
61,1,260.59,431.03,48.01,44.74,0.66,0
61,4,814.35,428.10,33.37,41.56,0.37,0
62,1,266.25,429.45,50.14,46.63,0.60,0
63,1,269.95,428.43,51.35,46.77,0.58,0
64,1,274.51,428.16,54.12,46.34,0.73,0
64,4,825.28,426.95,36.85,42.02,0.41,0
65,1,281.72,430.08,51.78,44.12,0.75,0
66,1,288.86,429.61,49.91,45.53,0.57,0
66,10,840.76,470.14,31.40,42.01,0.27,0
66,4,837.26,424.21,35.40,44.40,0.43,0
67,1,294.97,428.35,51.16,46.78,0.80,0
68,1,307.66,430.50,48.48,44.05,0.66,0
69,1,318.19,429.15,49.25,44.91,0.55,0
70,1,330.01,430.53,50.22,43.77,0.76,0
71,1,340.88,429.47,48.55,44.31,0.57,0
71,10,886.61,467.17,30.04,42.82,0.26,0
72,1,352.22,430.15,48.83,43.86,0.66,0
72,4,892.95,424.19,32.63,43.44,0.27,0
73,1,361.92,429.99,48.16,45.72,0.59,0
73,4,901.06,425.90,32.85,41.87,0.36,0
73,10,902.93,468.65,29.12,37.43,0.30,0
74,1,368.13,429.03,50.56,46.99,0.47,0
75,1,376.23,430.20,51.50,45.41,0.67,0
76,1,382.83,431.16,47.49,44.42,0.41,0
77,1,388.17,430.36,47.80,45.02,0.59,0
78,1,391.85,429.58,47.63,46.54,0.31,0
79,1,394.01,429.09,49.80,46.64,0.68,0
79,10,934.64,467.18,29.95,39.83,0.35,0
80,1,400.34,430.34,49.70,44.96,0.61,0
80,10,937.12,466.55,30.78,39.08,0.31,0
80,4,933.52,421.98,35.57,40.66,0.30,0
81,1,404.69,431.90,46.88,43.36,0.60,0
82,1,407.85,432.34,44.63,43.56,0.42,0
83,1,410.60,431.09,45.92,45.26,0.51,0
84,1,413.36,429.70,49.30,46.07,0.54,0
85,1,415.93,429.08,51.26,47.01,0.34,0
86,1,421.20,429.48,51.94,46.24,0.61,0
87,1,428.05,431.72,48.53,43.20,0.64,0
87,10,961.11,465.58,32.61,38.27,0.37,0
88,1,433.28,431.04,47.34,45.13,0.61,0
89,1,437.43,430.12,48.07,45.13,0.59,0
90,1,441.47,429.48,48.04,45.78,0.50,0
90,10,975.92,465.54,31.08,38.80,0.28,0
91,1,448.86,430.64,47.57,44.16,0.58,0
92,1,454.33,431.85,44.99,43.67,0.34,0
93,1,458.65,430.84,45.68,45.43,0.66,0
94,1,461.85,430.00,48.90,46.12,0.59,0
95,1,464.55,428.92,51.53,47.90,0.40,0
95,4,995.62,423.02,32.09,38.05,0.34,0
96,1,469.99,430.20,49.09,45.64,0.48,0
96,4,997.35,421.60,36.20,39.57,0.27,0
97,1,474.85,431.26,48.69,43.83,0.58,0
97,4,1000.35,419.25,35.66,44.11,0.36,0
98,1,478.54,431.74,46.33,44.29,0.56,0
98,4,1006.01,417.68,33.55,44.87,0.48,0
99,1,482.72,431.07,46.15,45.42,0.55,0
99,4,1009.79,417.47,33.08,44.73,0.29,0
100,1,484.80,430.44,48.11,45.59,0.62,0
101,1,488.74,429.86,47.61,46.85,0.42,0
102,1,494.36,430.22,47.94,45.38,0.56,0
102,10,1024.68,464.64,30.66,37.42,0.31,0
102,4,1020.26,420.56,35.72,39.33,0.38,0
103,1,500.36,431.67,46.32,44.27,0.69,0
104,1,505.75,431.30,45.84,45.90,0.61,0
104,4,1032.41,419.21,31.85,40.58,0.40,0
105,1,508.81,430.86,48.24,46.15,0.67,0
105,4,1038.18,420.22,31.28,40.24,0.29,0
106,4,1041.68,420.63,32.85,40.32,0.36,0
107,4,1045.39,421.26,34.60,38.57,0.41,0
107,10,1048.58,464.63,30.77,37.68,0.31,0
107,1,520.50,431.52,49.43,45.73,0.62,0
108,1,526.83,432.47,45.27,46.31,0.49,0
109,1,531.59,431.79,45.26,45.81,0.60,0
109,4,1056.71,420.03,32.39,39.72,0.38,0
109,10,1057.63,464.72,31.64,37.71,0.28,0
110,1,536.00,431.19,46.19,46.87,0.57,0
112,4,1069.88,421.46,36.14,36.92,0.28,0
112,1,549.16,433.40,44.46,44.63,0.50,0
113,1,554.81,433.10,44.03,45.78,0.38,0
114,1,558.62,432.34,46.65,46.07,0.46,0
114,10,1082.76,465.15,34.08,37.21,0.35,0
114,4,1080.89,418.82,34.44,41.22,0.37,0
116,1,570.66,433.45,47.87,46.61,0.39,0
116,10,1094.23,465.37,30.56,35.95,0.27,0
116,4,1092.92,421.90,31.48,37.98,0.28,0
117,1,576.42,434.21,43.37,46.69,0.37,0
117,10,1099.29,463.73,30.68,36.95,0.32,0
118,1,580.82,433.27,43.72,45.98,0.54,0
118,10,1102.85,464.07,30.48,36.53,0.33,0
118,4,1100.90,417.22,33.16,43.60,0.42,0
119,1,583.97,432.76,45.56,46.17,0.29,0
119,4,1104.12,417.03,33.95,43.35,0.32,0
120,1,588.72,433.12,42.83,45.49,0.29,0
121,1,594.81,432.87,44.83,45.16,0.32,0
122,1,600.55,433.66,41.29,45.50,0.37,0
122,10,1122.61,461.11,31.13,35.15,0.33,0
123,1,604.36,432.24,43.95,45.66,0.59,0
124,4,1126.74,414.62,36.50,44.59,0.25,0
125,39,1248.18,498.85,40.68,45.65,0.43,0
125,1,613.03,431.60,44.81,45.02,0.27,0
126,41,1.03,209.37,25.99,68.48,0.46,0
126,1,618.63,431.00,47.40,45.70,0.52,0
126,4,1138.16,415.62,34.93,43.23,0.41,0
127,41,1.72,209.16,30.99,67.92,0.43,0
127,1,623.27,432.05,44.95,46.00,0.49,0
127,4,1143.08,416.30,34.82,41.23,0.35,0
128,41,1.91,209.92,36.85,66.46,0.71,0
128,1,627.58,431.12,46.48,45.92,0.63,0
129,41,2.09,209.13,41.95,67.21,0.64,0
129,1,632.30,429.99,46.50,46.13,0.30,0
129,39,1269.84,499.23,39.63,44.20,0.62,0
130,41,1.74,209.20,49.06,68.90,0.52,0
130,1,639.52,430.54,44.60,44.21,0.43,0
130,39,1274.09,499.23,36.88,43.79,0.49,0
131,41,1.46,208.55,57.58,70.38,0.79,0
131,39,1278.23,498.17,42.24,44.64,0.47,0
131,10,1167.09,458.78,32.58,36.95,0.41,0
131,4,1163.03,416.38,37.74,38.55,0.39,0
132,41,1.59,209.32,64.97,70.44,0.80,0
132,10,1173.41,458.56,30.87,38.60,0.26,0
132,1,650.98,430.18,45.93,44.95,0.60,0
133,41,1.44,210.06,70.17,70.02,0.80,0
133,10,1178.63,456.84,32.36,39.67,0.52,0
133,39,1291.32,497.72,42.73,44.67,0.58,0
133,4,1173.77,411.14,38.05,44.32,0.31,0
134,41,1.36,209.36,77.90,72.02,0.86,0
134,39,1297.22,497.41,39.30,45.28,0.45,0
134,4,1183.22,411.21,35.21,43.28,0.38,0
134,1,663.99,430.63,44.19,43.22,0.43,0
135,41,1.26,210.96,86.00,71.34,0.66,0
135,4,1188.49,410.97,35.91,41.87,0.48,0
135,10,1191.13,454.96,32.41,39.15,0.53,0
136,41,0.95,211.38,90.93,71.56,0.67,0
136,10,1197.21,455.01,31.79,37.11,0.50,0
136,1,675.19,430.57,44.87,44.20,0.42,0
137,10,1202.03,454.15,32.01,38.82,0.58,0
137,39,1316.73,499.04,38.30,42.11,0.49,0
137,4,1200.48,410.32,33.36,41.41,0.36,0
138,4,1202.24,408.19,36.64,44.43,0.52,0
138,41,1.37,212.52,103.94,71.28,0.80,0
138,1,685.33,430.44,45.88,44.82,0.37,0
139,4,1208.47,410.60,34.91,40.33,0.40,0
139,55,1315.96,466.01,64.28,27.59,0.45,0
139,41,1.60,214.05,110.38,69.08,0.84,0
139,1,692.30,430.97,45.43,42.86,0.26,0
139,10,1209.71,453.77,32.87,38.94,0.38,0
139,39,1324.22,495.87,45.93,46.76,0.50,0
140,55,1319.85,463.03,66.70,30.99,0.29,0
140,41,1.54,214.13,113.99,68.28,0.84,0
140,1,696.61,431.46,43.86,43.14,0.28,0
140,58,1.98,280.31,120.09,55.38,0.40,0
140,39,1328.34,494.26,46.43,47.41,0.44,0
141,41,2.96,215.37,116.80,67.82,0.85,0
141,1,699.50,429.99,45.60,44.69,0.35,0
141,4,1217.19,407.39,34.98,43.94,0.30,0
141,10,1222.02,453.32,31.32,36.85,0.42,0
142,41,5.64,218.52,121.16,64.53,0.51,0
142,4,1223.67,408.49,33.14,42.07,0.31,0
142,10,1226.48,452.45,31.73,38.66,0.35,0
142,39,1338.78,493.22,43.44,46.52,0.39,0
143,41,10.92,218.29,123.24,63.83,0.85,0
143,4,1226.66,406.11,35.44,44.17,0.48,0
143,39,1345.41,492.86,39.39,47.97,0.30,0
143,55,1335.80,462.71,65.39,29.25,0.27,0
143,58,3.47,280.18,138.13,55.93,0.32,0
143,1,708.52,429.83,45.07,44.74,0.49,0
144,41,20.20,220.45,119.09,65.16,0.69,0
144,4,1231.46,407.14,35.12,41.88,0.48,0
145,41,26.04,221.87,116.37,64.92,0.83,0
145,4,1237.09,408.00,35.18,41.19,0.62,0
145,10,1240.05,452.16,32.52,36.41,0.35,0
146,41,31.54,224.53,114.75,63.03,0.80,0
147,41,36.63,225.36,116.22,61.51,0.68,0
147,10,1247.55,451.65,32.74,37.72,0.44,0
148,41,35.78,225.45,124.15,61.71,0.52,0
148,10,1251.05,451.84,33.69,39.53,0.48,0
148,1,727.82,428.60,46.60,44.70,0.37,0
148,4,1249.03,407.49,37.19,42.15,0.51,0
149,41,42.93,225.74,122.00,61.74,0.79,0
149,1,734.03,429.37,44.15,44.13,0.42,0
150,41,51.40,226.82,116.29,61.37,0.84,0
150,1,740.83,430.70,43.06,42.35,0.47,0
150,4,1258.97,408.73,34.83,40.19,0.28,0
151,41,58.74,226.41,114.74,62.14,0.61,0
151,1,745.03,431.12,45.56,43.94,0.36,0
152,41,66.11,226.10,114.97,62.27,0.87,0
152,1,747.95,430.22,45.12,44.71,0.41,0
152,10,1270.24,449.99,32.80,40.67,0.31,0
153,41,72.09,226.40,113.76,63.99,0.88,0
153,10,1274.70,450.37,33.61,40.93,0.49,0
153,39,1388.10,489.36,45.78,51.30,0.29,0
153,55,1378.00,461.68,68.92,29.13,0.53,0
153,4,1272.72,407.55,35.33,41.41,0.45,0
154,41,79.95,227.78,110.05,63.07,0.85,0
154,55,1384.33,460.84,67.85,28.83,0.47,0
154,1,758.64,431.04,42.84,43.31,0.31,0
155,41,86.54,228.22,111.05,63.66,0.77,0
155,55,1389.82,460.34,67.48,28.68,0.39,0
155,1,765.39,431.13,43.68,42.53,0.33,0
155,10,1285.63,450.15,32.21,38.84,0.35,0
155,4,1284.23,408.47,33.44,39.75,0.65,0
156,41,91.26,228.43,116.17,63.17,0.84,0
156,1,770.31,431.21,44.44,44.60,0.52,0
156,39,1402.69,487.28,50.32,47.91,0.27,0
157,41,98.53,228.71,114.19,63.26,0.89,0
157,1,774.43,431.02,44.63,44.36,0.26,0
157,55,1403.61,460.57,66.24,28.14,0.34,0
157,4,1296.38,408.48,31.07,39.32,0.27,0
158,41,106.74,228.88,113.65,63.92,0.85,0
158,1,778.80,430.51,44.43,44.38,0.39,0
158,55,1411.02,460.51,64.36,27.72,0.38,0
158,4,1301.74,404.99,31.76,42.58,0.27,0
159,41,113.82,229.18,113.53,64.02,0.89,0
159,55,1414.97,459.64,66.90,28.49,0.29,0
159,4,1307.80,406.57,32.86,40.84,0.53,0
160,41,119.67,229.75,114.12,63.83,0.85,0
160,55,1419.52,458.55,67.73,29.41,0.27,0
160,39,1424.71,486.45,53.93,46.79,0.34,0
160,1,792.51,430.99,45.91,45.42,0.33,0
161,41,128.60,229.99,113.17,64.92,0.60,0
161,55,1426.22,459.15,69.85,30.21,0.53,0
161,1,796.67,430.86,44.54,44.14,0.42,0
162,41,135.45,230.21,113.47,65.40,0.82,0
162,55,1432.00,458.65,69.67,30.24,0.49,0
162,1,801.84,430.02,44.77,44.79,0.30,0
162,39,1437.79,488.11,54.72,47.48,0.28,0
163,41,141.95,230.98,115.27,65.70,0.86,0
163,39,1445.85,487.68,52.30,46.79,0.38,0
163,4,1332.72,406.18,34.58,40.28,0.62,0
164,41,151.12,232.19,114.79,64.23,0.52,0
164,10,1341.95,446.75,32.92,40.79,0.27,0
164,1,816.25,430.92,43.02,43.99,0.36,0
165,41,156.69,232.08,116.25,65.59,0.81,0
165,10,1346.30,446.88,35.08,42.36,0.41,0
165,1,820.62,430.71,44.14,44.09,0.34,0
166,41,164.87,232.47,115.89,65.70,0.84,0
166,1,825.32,429.87,44.79,44.74,0.42,0
166,55,1460.58,457.33,66.71,31.79,0.42,0
167,41,173.14,232.55,111.83,65.52,0.85,0
167,39,1473.93,487.33,50.43,45.27,0.45,0
167,4,1357.72,403.23,34.82,42.74,0.29,0
168,41,180.76,233.74,112.24,64.06,0.77,0
168,10,1364.94,446.08,34.11,41.44,0.31,0
168,1,839.36,430.77,43.45,43.25,0.27,0
169,41,182.62,233.56,116.53,64.04,0.79,0
169,10,1370.12,445.88,35.41,43.00,0.34,0
169,1,843.01,430.68,43.63,43.44,0.48,0
170,41,190.43,233.77,115.46,64.57,0.87,0
170,55,1483.56,456.39,67.18,31.18,0.25,0
170,39,1491.96,486.35,50.19,47.90,0.36,0
170,4,1373.22,400.72,33.86,45.35,0.40,0
171,41,197.21,233.93,112.99,64.64,0.82,0
171,67,1.07,379.29,49.58,75.54,0.68,0
171,39,1500.14,486.24,46.72,47.85,0.42,0
171,4,1379.22,402.45,34.63,42.73,0.46,0
171,1,854.05,430.73,44.14,43.65,0.31,0
172,41,204.84,235.31,112.47,63.88,0.85,0
172,67,2.10,380.03,51.34,75.84,0.33,0
173,41,210.81,236.44,110.49,63.18,0.89,0
173,67,1.43,381.42,62.03,78.79,0.83,0
173,1,864.70,431.39,46.29,44.38,0.30,0
174,41,217.41,236.79,109.39,63.16,0.89,0
174,67,1.90,381.97,70.20,78.02,0.90,0
174,1,868.01,431.33,44.01,42.87,0.40,0
174,4,1393.99,401.05,35.35,43.22,0.30,0
175,41,223.00,237.29,107.83,63.87,0.86,0
175,67,2.35,381.32,75.44,78.12,0.85,0
176,41,227.61,238.21,107.99,62.46,0.60,0
176,67,2.72,382.93,78.42,74.14,0.86,0
176,39,1525.32,486.15,45.48,46.62,0.50,0
176,1,874.12,429.84,44.42,44.32,0.48,0
177,41,230.29,239.10,110.55,60.95,0.85,0
177,67,5.63,381.95,81.35,76.54,0.74,0
177,69,540.65,532.30,33.07,33.68,0.41,0
177,39,1526.80,484.30,48.68,48.48,0.43,0
177,1,879.49,430.89,42.08,42.85,0.40,0
178,41,231.61,238.92,112.93,61.78,0.88,0
178,67,8.87,382.31,84.23,77.77,0.88,0
178,1,884.62,431.75,40.80,40.85,0.30,0
179,41,235.21,239.09,112.89,62.25,0.86,0
179,67,14.17,384.56,81.52,76.71,0.85,0
179,1,888.00,432.43,41.61,40.16,0.30,0
179,10,1415.63,444.94,33.21,42.43,0.26,0
180,41,240.18,238.81,111.50,62.44,0.85,0
180,67,18.71,384.93,81.52,76.48,0.92,0
180,1,890.06,431.38,41.92,41.93,0.39,0
180,4,1416.71,399.94,35.19,44.17,0.26,0
181,41,241.97,238.79,112.85,62.27,0.80,0
181,67,21.96,386.13,80.35,75.20,0.93,0
181,1,891.86,431.21,42.50,43.10,0.44,0
181,39,1538.60,485.00,50.28,48.10,0.43,0
182,41,243.91,239.02,111.73,60.90,0.77,0
182,67,26.47,386.92,77.21,73.78,0.55,0
182,1,892.97,430.85,42.56,43.48,0.40,0
182,39,1541.51,485.01,50.87,47.24,0.52,0
183,41,248.28,239.83,109.60,59.15,0.61,0
183,67,28.97,387.07,76.35,74.28,0.61,0
183,39,1546.51,485.98,47.12,45.68,0.45,0
184,41,252.30,240.83,109.15,59.32,0.74,0
184,67,32.57,385.69,77.60,75.44,0.73,0
184,39,1548.22,485.53,47.94,45.21,0.46,0
184,1,896.25,429.64,44.11,44.61,0.27,0
185,41,255.47,240.90,110.26,60.38,0.83,0
185,67,35.30,384.90,80.41,75.89,0.61,0
185,39,1551.76,483.87,48.60,46.56,0.36,0
185,73,34.75,386.24,80.74,76.00,0.56,0
186,41,259.65,240.73,109.20,62.34,0.88,0
186,67,38.86,385.02,81.40,76.53,0.79,0
187,41,262.43,240.52,107.32,63.30,0.85,0
187,67,42.05,385.48,80.61,76.02,0.93,0
187,1,906.39,430.52,41.87,42.55,0.28,0
188,41,265.13,240.46,106.46,64.16,0.87,0
188,67,44.18,386.36,80.34,75.78,0.91,0
189,41,267.68,239.91,108.24,64.22,0.82,0
189,67,46.37,387.00,79.98,75.01,0.94,0
190,41,270.30,240.05,108.60,64.83,0.82,0
190,67,50.53,387.77,77.62,73.96,0.87,0
190,39,1565.28,482.11,51.71,48.58,0.48,0
190,1,913.80,431.16,44.92,44.88,0.47,0
191,41,274.01,241.12,106.99,62.44,0.68,0
191,67,53.86,389.70,76.42,72.93,0.89,0
191,39,1569.98,481.83,50.09,49.93,0.37,0
191,1,915.72,431.06,44.03,43.36,0.48,0
191,10,1450.68,443.45,30.76,40.08,0.29,0
192,41,275.81,244.04,109.11,59.29,0.41,0
192,67,59.91,387.71,78.85,75.06,0.89,0
192,39,1573.75,479.24,51.88,50.98,0.46,0
193,41,277.64,242.94,113.55,60.99,0.76,0
193,67,65.16,387.42,78.78,76.00,0.94,0
193,39,1577.30,477.39,52.14,52.00,0.26,0
193,69,588.32,532.16,31.39,34.15,0.33,0
193,1,921.05,429.79,44.56,43.84,0.36,0
194,41,283.22,243.09,112.38,61.75,0.26,0
194,67,68.67,389.08,78.53,74.41,0.94,0
194,39,1580.08,479.55,53.23,51.11,0.49,0
194,1,927.51,431.07,41.47,42.43,0.41,0
195,41,287.45,242.49,113.49,62.03,0.67,0
195,67,72.84,389.90,77.59,73.75,0.92,0
195,1,932.81,431.15,42.44,41.68,0.47,0
195,80,274.74,303.96,127.19,51.48,0.60,0
196,41,293.86,246.01,112.32,60.77,0.51,0
196,67,76.04,390.84,76.80,73.72,0.90,0
196,1,936.84,431.38,42.29,41.81,0.35,0
196,80,279.01,304.37,127.04,51.53,0.47,0
196,39,1592.95,481.16,49.35,48.89,0.45,0
197,67,84.17,388.14,79.51,76.05,0.92,0
197,1,940.19,431.37,42.45,42.44,0.48,0
197,80,288.28,305.20,123.11,50.56,0.28,0
197,39,1597.49,481.94,49.80,48.18,0.38,0
197,4,1473.33,395.65,34.30,41.93,0.38,0
198,67,90.40,389.51,79.41,74.32,0.95,0
198,80,283.78,304.38,128.99,51.59,0.27,0
198,10,1481.28,441.39,32.74,42.11,0.26,0
199,67,94.63,389.75,79.42,74.45,0.94,0
199,80,298.82,305.70,121.27,50.96,0.36,0
199,10,1486.11,441.25,32.81,41.96,0.34,0
199,41,311.76,248.84,109.07,60.70,0.78,0
199,1,947.46,430.70,42.01,43.20,0.46,0
199,4,1483.72,394.63,33.76,42.97,0.33,0
200,67,100.70,392.11,77.43,72.83,0.91,0
200,80,305.79,306.65,121.42,50.70,0.49,0
200,41,318.66,249.90,107.54,59.69,0.76,0
200,1,954.75,430.74,41.53,42.12,0.39,0
201,67,107.57,389.77,79.50,75.99,0.92,0
201,80,308.73,306.95,120.67,50.94,0.43,0
201,41,324.78,251.11,104.16,57.99,0.71,0
201,1,959.96,431.85,42.20,40.87,0.32,0
201,39,1621.46,481.09,48.49,49.18,0.50,0
201,10,1498.54,441.58,31.47,40.42,0.29,0
202,67,115.00,390.43,79.36,74.79,0.94,0
202,80,306.71,306.01,127.77,51.53,0.51,0
202,41,327.10,250.42,106.23,58.79,0.68,0
202,1,964.07,431.56,41.70,41.74,0.41,0
202,39,1626.11,477.10,50.67,51.40,0.34,0
202,10,1503.88,440.59,32.20,40.65,0.37,0
202,4,1503.54,398.32,32.29,36.13,0.45,0
203,67,118.96,390.33,79.81,74.86,0.92,0
203,80,311.90,305.34,121.67,51.82,0.43,0
203,41,332.65,250.29,105.94,59.13,0.72,0
203,39,1628.66,476.80,54.36,52.16,0.44,0
203,10,1509.64,440.90,31.36,40.60,0.28,0
204,67,125.87,392.78,76.55,72.56,0.89,0
204,41,339.53,250.16,105.91,58.97,0.79,0
204,39,1634.83,476.59,54.46,50.36,0.43,0
204,1,973.59,431.00,39.98,42.79,0.51,0
204,4,1514.15,394.16,32.80,43.08,0.47,0
205,67,133.24,389.84,79.13,75.81,0.93,0
205,41,347.73,251.03,103.32,58.00,0.79,0
205,39,1645.01,477.58,49.08,49.56,0.54,0
205,1,980.66,431.40,39.58,40.95,0.27,0
205,4,1520.30,391.95,34.24,44.62,0.37,0
205,10,1521.40,441.20,32.65,40.69,0.39,0
206,67,140.01,390.44,79.45,74.18,0.94,0
206,39,1650.20,476.40,48.46,52.67,0.39,0
206,1,985.42,431.55,40.78,41.06,0.35,0
206,4,1526.57,395.02,32.96,40.63,0.49,0
206,10,1526.76,440.91,33.55,39.95,0.42,0
206,80,330.56,307.74,123.47,49.99,0.34,0
207,67,144.52,391.16,79.15,74.02,0.93,0
207,39,1652.22,476.07,55.66,51.93,0.34,0
207,1,988.52,430.71,42.50,42.21,0.48,0
207,41,361.45,251.20,102.14,58.46,0.82,0
208,67,152.83,391.90,78.38,73.98,0.91,0
208,1,992.15,429.72,42.89,42.79,0.55,0
208,41,367.49,250.84,102.91,59.80,0.82,0
209,67,160.82,390.75,78.13,75.58,0.93,0
209,1,999.76,430.10,41.30,42.11,0.39,0
209,41,374.64,252.15,101.82,59.35,0.61,0
209,39,1670.79,476.64,48.83,51.28,0.58,0
210,67,165.77,391.59,78.76,73.94,0.93,0
210,41,379.38,252.62,101.96,58.75,0.77,0
210,4,1550.95,394.83,32.33,39.97,0.40,0
210,10,1550.48,440.39,33.37,39.54,0.37,0
211,67,171.01,392.36,77.88,73.81,0.90,0
211,41,384.52,252.82,101.95,59.28,0.83,0
211,39,1677.51,475.38,56.39,47.42,0.42,0
212,67,177.35,391.55,79.59,75.63,0.92,0
212,41,390.91,252.74,102.02,59.73,0.83,0
212,39,1689.52,477.37,48.49,50.11,0.32,0
212,69,684.23,532.28,31.01,33.17,0.32,0
212,1,1014.29,430.76,41.74,42.60,0.27,0
212,10,1561.46,440.62,34.78,40.53,0.32,0
213,67,184.65,390.70,78.63,77.05,0.93,0
213,41,396.67,253.32,102.24,59.59,0.60,0
213,39,1696.14,477.21,47.84,47.87,0.33,0
213,1,1018.68,429.38,43.90,43.07,0.46,0
213,4,1567.76,391.27,34.28,45.04,0.40,0
214,67,189.43,391.71,78.77,74.79,0.92,0
214,41,400.30,252.77,103.79,59.58,0.64,0
214,4,1572.95,392.47,33.42,42.28,0.41,0
214,10,1573.57,439.73,33.55,38.99,0.30,0
215,67,195.16,392.88,76.87,74.05,0.90,0
215,41,404.99,253.19,103.52,59.30,0.84,0
215,39,1702.18,475.57,55.84,47.59,0.35,0
215,1,1030.45,431.93,39.87,39.63,0.37,0
216,67,202.30,392.47,76.48,75.24,0.92,0
216,41,410.45,252.29,104.19,61.06,0.85,0
216,1,1035.49,432.05,40.81,41.57,0.30,0
216,4,1584.24,392.77,31.71,42.00,0.32,0
216,10,1584.28,439.41,34.15,40.55,0.45,0
217,67,208.21,391.74,76.56,76.41,0.93,0
217,41,416.53,252.66,102.69,60.24,0.82,0
217,1,1038.01,431.20,41.15,42.19,0.35,0
217,39,1716.57,475.75,52.07,50.12,0.65,0
218,67,212.76,391.85,77.09,75.52,0.93,0
218,41,422.75,253.81,100.72,59.44,0.53,0
218,1,1039.95,429.64,44.55,42.67,0.56,0
218,39,1721.81,474.66,51.50,52.45,0.40,0
218,4,1593.71,392.47,34.04,41.87,0.35,0
218,10,1594.95,438.68,33.40,40.18,0.45,0
219,67,218.06,392.08,76.35,74.99,0.89,0
219,41,427.18,253.27,101.04,59.17,0.63,0
219,1,1047.42,429.80,43.00,42.27,0.44,0
219,39,1725.62,473.93,54.44,51.80,0.31,0
219,4,1599.81,393.51,33.59,40.01,0.43,0
219,10,1600.61,437.03,32.15,40.59,0.28,0
220,67,223.04,393.70,75.74,74.17,0.34,0
220,41,431.49,253.36,101.61,60.45,0.84,0
220,1,1054.40,431.46,40.23,40.28,0.30,0
221,67,229.36,392.90,76.85,75.82,0.91,0
221,41,437.82,252.71,101.97,62.01,0.82,0
221,39,1739.97,475.34,51.35,48.69,0.64,0
222,67,234.99,393.21,77.48,75.27,0.91,0
222,41,443.35,254.18,101.76,60.45,0.80,0
222,39,1746.33,475.45,48.04,48.97,0.59,0
222,69,732.62,532.72,30.41,33.39,0.26,0
222,4,1617.42,391.39,33.48,42.57,0.51,0
222,10,1617.75,437.95,31.70,40.00,0.36,0
222,1,1061.18,430.26,41.70,42.48,0.26,0
223,67,241.59,395.26,75.30,73.21,0.86,0
223,41,445.82,253.94,104.22,60.35,0.69,0
223,39,1750.09,476.44,46.79,47.89,0.26,0
223,4,1621.93,392.01,34.37,41.02,0.47,0
223,10,1622.69,437.79,33.06,38.19,0.37,0
223,1,1063.89,429.18,42.87,42.94,0.46,0
224,67,245.46,395.73,76.01,73.21,0.89,0
224,41,450.88,253.26,102.18,61.40,0.86,0
224,39,1753.47,475.59,50.44,47.14,0.29,0
224,10,1627.26,437.01,31.94,38.85,0.30,0
224,1,1069.52,428.79,42.42,43.45,0.60,0
225,67,250.79,395.16,75.52,74.60,0.90,0
225,41,454.52,253.83,102.24,60.89,0.87,0
225,39,1758.51,476.00,49.57,48.02,0.27,0
225,10,1631.10,435.89,32.79,40.83,0.26,0
225,1,1074.66,428.95,42.20,42.63,0.31,0
226,67,254.30,395.84,75.64,73.82,0.92,0
226,41,455.55,254.10,103.37,60.88,0.86,0
226,39,1764.05,474.98,52.01,48.28,0.67,0
226,1,1078.98,430.97,40.24,40.48,0.39,0
227,67,258.37,394.74,76.37,75.07,0.92,0
227,41,461.84,254.38,101.42,61.29,0.83,0
227,39,1769.25,475.47,49.16,46.89,0.64,0
228,67,261.74,393.97,75.55,75.46,0.91,0
228,41,466.01,255.25,100.94,60.36,0.78,0
228,39,1773.56,474.37,49.65,48.50,0.33,0
228,4,1641.40,390.01,33.47,41.07,0.26,0
228,10,1641.97,434.03,33.61,42.22,0.48,0
229,67,265.75,395.55,74.37,73.20,0.89,0
229,41,469.56,255.58,99.66,60.65,0.81,0
229,39,1775.34,474.19,50.12,47.45,0.45,0
229,4,1644.04,390.55,33.66,39.92,0.31,0
229,10,1644.63,433.80,33.78,41.02,0.40,0
229,1,1084.12,429.54,41.84,43.03,0.37,0
230,67,267.67,396.62,74.22,71.67,0.86,0
230,41,471.51,256.32,98.70,61.25,0.70,0
230,39,1775.26,473.67,52.12,47.02,0.59,0
230,4,1646.54,391.05,34.94,39.07,0.37,0
230,10,1646.28,433.00,35.23,42.85,0.39,0
230,92,1759.98,441.87,83.33,30.25,0.46,0
231,67,269.03,395.82,75.95,73.35,0.91,0
231,41,472.26,256.51,100.05,61.12,0.39,0
231,39,1775.98,473.88,52.95,46.76,0.61,0
231,10,1648.67,433.66,34.37,44.08,0.29,0
231,92,1762.31,441.20,83.16,30.16,0.44,0
231,1,1086.69,427.93,43.03,44.46,0.55,0
232,41,472.52,256.45,102.55,60.88,0.47,0
232,39,1778.17,474.84,51.40,48.61,0.27,0
232,10,1651.34,435.17,33.31,41.27,0.38,0
232,1,1088.14,428.29,45.31,43.84,0.61,0
233,41,473.21,256.09,103.66,61.30,0.57,0
233,1,1092.63,428.96,42.90,43.49,0.37,0
233,67,274.89,399.07,73.34,73.47,0.62,0
234,41,474.87,256.62,104.55,61.58,0.73,0
234,67,276.28,397.69,74.78,73.97,0.90,0
234,92,1774.60,440.72,80.11,30.62,0.25,0
234,39,1789.12,475.25,49.22,49.44,0.34,0
235,41,478.58,256.88,102.54,61.77,0.85,0
235,67,278.23,397.55,76.23,73.94,0.90,0
235,39,1793.97,475.70,46.03,46.40,0.40,0
235,10,1659.43,433.85,34.11,44.46,0.41,0
235,1,1100.09,430.24,41.06,41.74,0.33,0
236,41,483.51,256.86,102.47,61.60,0.85,0
236,67,281.13,396.04,77.30,75.86,0.93,0
236,39,1795.35,476.08,47.08,48.07,0.43,0
237,41,486.69,257.92,101.24,59.81,0.81,0
237,67,284.31,396.85,75.97,75.74,0.89,0
237,39,1797.46,476.41,46.62,48.55,0.26,0
237,4,1665.73,389.52,33.64,41.48,0.49,0
237,10,1665.62,434.98,33.62,41.87,0.49,0
238,41,491.83,257.97,100.08,60.48,0.78,0
238,67,289.96,399.16,73.94,72.03,0.89,0
238,39,1798.53,477.08,45.55,48.01,0.26,0
238,4,1668.54,390.19,32.60,40.62,0.41,0
238,10,1668.87,435.63,32.87,39.64,0.37,0
239,41,494.20,258.58,101.11,60.99,0.51,0
239,67,292.08,400.41,74.22,69.46,0.85,0
239,39,1800.44,475.04,49.51,47.02,0.42,0
239,4,1671.25,390.58,34.36,39.35,0.43,0
239,10,1670.97,433.84,34.37,41.42,0.53,0
239,92,1785.61,440.56,84.56,30.87,0.29,0
240,41,496.53,259.21,100.53,60.93,0.78,0
240,67,294.87,401.94,75.56,69.84,0.41,0
240,10,1673.75,434.16,33.49,41.11,0.40,0
240,69,782.20,534.31,31.14,34.29,0.30,0
241,41,498.28,259.56,100.48,60.45,0.68,0
241,67,299.27,403.47,73.06,70.28,0.72,0
241,39,1808.96,476.09,49.61,49.61,0.27,0
241,92,1795.02,441.94,78.97,29.78,0.30,0
242,41,501.45,259.79,98.87,60.25,0.74,0
242,67,301.11,403.45,74.03,72.22,0.88,0
242,39,1812.89,475.27,50.92,50.21,0.46,0
242,92,1799.03,441.43,78.80,30.63,0.26,0
242,1,1112.25,429.94,42.88,42.62,0.47,0
243,41,503.82,260.23,100.58,59.07,0.79,0
243,67,302.29,403.12,75.33,71.54,0.90,0
243,39,1816.19,475.61,50.29,49.60,0.57,0
243,1,1116.56,430.53,41.41,42.77,0.36,0
243,10,1683.37,434.69,33.36,42.17,0.31,0
244,41,507.89,261.13,97.41,57.83,0.85,0
244,67,306.30,401.88,74.07,72.62,0.93,0
244,39,1818.03,475.30,51.01,51.85,0.44,0
244,1,1120.42,430.44,41.84,42.30,0.46,0
245,41,509.70,262.44,100.28,56.31,0.81,0
245,67,310.51,402.73,71.84,71.81,0.92,0
245,39,1820.17,475.50,50.27,51.20,0.33,0
245,1,1124.34,430.84,42.54,41.69,0.48,0
245,4,1690.13,391.57,32.20,40.39,0.35,0
245,92,1807.29,442.81,81.06,29.47,0.33,0
245,10,1690.29,436.24,32.13,39.61,0.34,0
246,41,512.66,263.82,100.49,55.06,0.80,0
246,67,312.71,403.29,73.87,70.44,0.91,0
246,1,1127.36,431.80,42.91,41.61,0.37,0
246,4,1692.71,391.96,32.63,39.79,0.39,0
246,10,1693.57,437.06,32.37,37.36,0.40,0
247,41,515.43,264.37,103.64,55.93,0.72,0
247,67,315.24,403.41,74.69,68.88,0.87,0
247,1,1130.20,431.82,42.77,43.66,0.38,0
247,4,1695.65,391.80,33.45,40.11,0.32,0
248,41,517.42,264.03,103.18,56.56,0.53,0
248,67,318.00,403.21,75.83,70.96,0.71,0
248,1,1131.94,431.01,42.90,44.14,0.46,0
248,103,516.67,264.05,104.04,56.64,0.43,0
249,67,322.87,404.29,74.36,71.94,0.88,0
249,10,1703.44,436.86,31.76,42.09,0.27,0
250,67,325.94,405.80,73.35,70.14,0.86,0
250,10,1705.68,437.16,33.45,41.85,0.44,0
250,39,1840.27,476.46,48.41,47.06,0.54,0
250,41,522.94,264.81,101.04,56.47,0.71,0
251,67,329.04,405.42,74.27,71.05,0.88,0
251,10,1707.49,437.23,34.39,43.44,0.28,0
251,39,1842.75,476.95,47.40,48.95,0.31,0
251,41,526.97,265.19,99.07,56.31,0.74,0
251,4,1707.50,388.88,33.74,45.26,0.34,0
252,67,332.57,404.73,73.81,72.85,0.93,0
252,41,530.30,265.39,97.48,55.08,0.80,0
252,4,1712.12,389.89,33.29,44.09,0.36,0
253,67,334.97,404.39,74.80,73.27,0.93,0
253,41,533.21,264.36,99.05,55.48,0.80,0
253,4,1715.14,390.92,33.34,42.32,0.38,0
253,1,1146.82,432.47,41.32,42.23,0.27,0
253,10,1715.23,437.58,35.20,40.36,0.48,0
254,67,338.47,404.24,76.00,71.13,0.90,0
254,41,537.77,264.05,99.45,57.08,0.72,0
254,4,1718.51,391.29,34.80,41.59,0.49,0
254,10,1718.56,437.28,33.98,39.77,0.37,0
255,67,340.03,404.71,76.78,70.34,0.88,0
255,41,539.66,264.70,101.78,57.08,0.73,0
255,10,1721.01,437.54,33.22,41.43,0.33,0
256,67,341.87,404.70,77.03,70.82,0.68,0
256,41,541.38,265.13,102.75,56.92,0.47,0
256,10,1726.25,437.78,32.83,41.42,0.26,0
256,39,1860.68,476.43,52.98,49.58,0.34,0
256,1,1155.31,432.75,42.02,44.25,0.32,0
256,4,1726.40,391.61,31.37,41.44,0.25,0
257,67,346.69,405.63,74.66,72.71,0.87,0
257,41,544.02,264.82,101.36,57.36,0.55,0
257,10,1728.72,438.30,33.25,41.90,0.29,0
257,108,544.70,264.63,100.57,57.52,0.33,0
257,39,1863.61,476.44,52.03,49.71,0.43,0
257,1,1157.10,432.40,41.72,44.13,0.28,0
258,67,350.93,406.38,72.56,70.97,0.87,0
258,1,1159.01,432.71,41.31,43.26,0.27,0
259,67,354.34,406.73,72.07,69.88,0.92,0
259,4,1733.94,390.11,31.92,44.00,0.28,0
259,41,550.74,264.60,99.92,58.50,0.70,0
259,39,1868.69,475.83,46.94,49.84,0.33,0
260,67,357.40,405.56,72.75,72.12,0.95,0
260,4,1737.69,390.35,33.50,43.15,0.32,0
260,41,554.19,264.78,99.30,57.79,0.76,0
260,10,1739.18,437.83,35.32,41.07,0.55,0
261,67,359.61,405.50,73.56,72.79,0.94,0
261,4,1741.21,390.65,35.48,42.61,0.46,0
261,41,558.25,264.87,97.48,57.44,0.79,0
261,10,1742.16,437.74,34.70,40.59,0.43,0
262,67,361.69,405.81,75.64,71.51,0.92,0
262,41,563.17,264.58,98.42,58.40,0.74,0
262,10,1744.90,437.86,34.08,41.71,0.46,0
263,67,363.79,405.48,76.44,71.93,0.90,0
263,41,564.79,264.12,101.27,60.71,0.57,0
263,10,1750.15,437.65,33.06,41.75,0.31,0
263,109,564.08,265.25,102.88,60.26,0.43,0
263,4,1749.98,391.44,31.61,41.69,0.30,0
264,41,567.52,264.11,101.44,61.32,0.45,0
264,10,1753.41,438.18,33.62,41.83,0.47,0
264,109,565.52,265.05,103.42,60.42,0.49,0
264,4,1752.65,391.28,31.97,42.57,0.36,0
265,10,1755.46,438.39,35.26,42.84,0.37,0
265,4,1755.35,388.11,34.26,46.01,0.38,0
265,1,1179.64,432.33,42.90,43.86,0.40,0
265,67,372.87,406.85,71.53,71.14,0.81,0
266,10,1762.09,436.89,35.95,42.17,0.57,0
266,4,1761.93,389.21,33.74,43.06,0.51,0
266,67,379.29,406.89,71.36,70.12,0.91,0
266,41,573.45,264.29,100.64,59.77,0.65,0
267,10,1767.91,434.96,34.16,43.98,0.34,0
267,67,383.05,406.31,73.51,71.30,0.94,0
267,41,578.27,264.52,100.36,58.33,0.69,0
268,10,1775.43,435.28,32.78,43.15,0.26,0
268,67,387.66,406.66,74.21,68.99,0.89,0
268,41,586.43,264.78,97.51,57.53,0.72,0
268,1,1194.96,431.82,42.49,43.17,0.34,0
269,10,1779.35,434.16,33.34,44.95,0.32,0
269,41,590.17,265.08,100.55,58.67,0.64,0
270,10,1783.91,434.26,33.57,43.41,0.34,0
270,41,594.40,264.65,98.97,59.11,0.62,0
270,67,398.29,406.87,70.59,69.39,0.85,0
270,1,1203.69,431.85,42.49,43.81,0.39,0
271,10,1789.00,433.63,33.42,42.04,0.48,0
271,41,599.06,264.43,96.94,58.90,0.70,0
271,67,403.57,406.75,68.65,68.03,0.90,0
271,1,1205.10,431.25,42.79,43.77,0.39,0
271,4,1788.30,387.88,33.21,41.06,0.59,0
272,10,1793.23,433.60,33.76,42.79,0.47,0
272,41,601.39,263.94,98.36,60.43,0.75,0
272,67,406.04,404.63,71.04,71.76,0.94,0
272,69,879.62,536.20,30.83,36.75,0.31,0
273,10,1798.78,434.21,33.62,41.52,0.43,0
273,41,605.65,264.08,96.75,59.04,0.76,0
273,67,408.98,404.65,72.46,70.59,0.92,0
273,1,1213.76,431.24,41.50,43.36,0.57,0
274,10,1802.18,434.12,34.53,42.23,0.48,0
274,41,611.02,264.60,95.14,57.02,0.79,0
274,67,411.75,405.33,73.44,68.93,0.87,0
274,113,6.40,493.28,29.43,30.72,0.50,0
274,1,1217.95,430.97,41.71,42.67,0.48,0
274,4,1799.56,385.33,36.54,45.80,0.36,0
275,10,1805.65,433.75,36.61,42.36,0.34,0
275,41,613.60,264.33,98.95,58.83,0.57,0
275,67,414.31,403.55,75.32,72.22,0.82,0
275,113,8.45,492.97,30.96,31.06,0.43,0
275,1,1222.45,431.32,42.92,42.21,0.40,0
275,4,1803.73,385.99,35.52,44.91,0.35,0
276,10,1810.75,432.64,36.44,43.16,0.54,0
276,41,615.26,264.55,101.02,59.30,0.59,0
276,67,420.01,405.04,72.58,72.08,0.87,0
276,113,9.99,493.84,33.71,30.27,0.37,0
276,1,1224.48,431.86,42.35,41.82,0.54,0
276,4,1809.73,386.10,34.71,43.08,0.41,0
277,10,1814.04,431.42,36.62,44.79,0.60,0
277,41,619.40,264.58,99.05,57.21,0.48,0
277,67,425.09,405.80,70.86,69.34,0.87,0
277,113,14.74,493.52,33.95,30.75,0.32,0
277,1,1227.18,431.17,42.60,42.88,0.58,0
277,4,1814.62,386.37,33.76,41.93,0.54,0
278,10,1818.67,431.25,36.01,46.00,0.61,0
278,41,620.98,264.77,99.65,56.03,0.55,0
278,67,429.41,405.25,69.84,69.56,0.90,0
278,1,1229.68,431.27,41.68,42.17,0.39,0
278,4,1818.74,385.66,33.27,42.88,0.28,0
279,10,1823.91,430.64,35.65,46.10,0.45,0
279,41,625.95,265.02,97.27,55.43,0.73,0
279,67,433.25,405.06,70.88,69.27,0.92,0
279,1,1232.06,430.13,44.11,43.14,0.73,0
279,113,22.67,493.70,34.97,31.13,0.33,0
280,41,631.54,264.15,95.88,55.58,0.77,0
280,67,436.23,405.95,71.83,66.81,0.87,0
280,1,1239.00,429.90,42.11,42.56,0.31,0
280,113,29.73,493.05,33.34,30.45,0.27,0
281,41,636.08,264.56,97.88,55.91,0.75,0
281,1,1244.01,430.13,42.43,42.25,0.34,0
281,113,36.92,492.89,31.58,29.36,0.39,0
281,4,1833.56,384.28,34.75,41.16,0.47,0
281,10,1834.15,430.21,36.01,43.20,0.61,0
282,41,640.36,265.17,98.97,57.77,0.76,0
282,1,1248.09,431.34,41.17,40.56,0.38,0
282,113,41.65,491.77,32.53,30.82,0.53,0
282,4,1839.37,383.52,34.45,42.28,0.26,0
282,10,1839.13,428.97,35.97,43.91,0.63,0
282,67,446.33,406.10,70.95,69.08,0.90,0
283,41,645.51,264.46,97.60,58.29,0.74,0
283,1,1252.20,430.73,40.86,42.02,0.27,0
283,113,47.19,492.22,31.67,30.37,0.25,0
283,4,1842.65,381.85,34.86,44.61,0.28,0
283,10,1843.89,429.72,35.61,44.60,0.60,0
283,67,450.10,405.75,70.13,68.22,0.88,0
284,41,649.41,264.64,95.22,56.93,0.79,0
284,113,51.24,492.42,32.19,30.42,0.48,0
284,10,1849.00,429.50,35.12,44.69,0.64,0
284,67,453.71,404.99,70.29,69.55,0.93,0
285,41,653.46,264.81,93.98,56.64,0.81,0
285,10,1852.04,429.92,37.17,44.00,0.45,0
285,67,456.64,404.14,71.33,70.06,0.92,0
285,1,1256.39,427.97,44.78,43.55,0.45,0
285,4,1848.83,380.52,38.52,46.18,0.41,0
286,41,658.79,264.26,93.31,55.47,0.77,0
286,10,1857.61,429.83,37.55,44.34,0.62,0
286,67,461.47,405.45,70.86,67.26,0.87,0
286,1,1262.33,428.19,43.35,43.62,0.39,0
286,4,1856.51,382.74,35.93,42.68,0.57,0
286,113,63.09,493.04,29.99,29.13,0.32,0
287,41,662.04,264.54,96.77,55.52,0.75,0
287,10,1863.75,428.42,37.61,46.25,0.61,0
287,1,1268.70,429.52,42.08,42.12,0.51,0
287,4,1861.94,381.83,35.48,43.58,0.54,0
287,113,67.39,492.27,30.36,29.48,0.34,0
288,41,668.20,264.81,95.52,56.75,0.74,0
288,10,1870.87,426.87,36.57,49.11,0.48,0
288,1,1273.14,429.77,42.45,42.06,0.26,0
288,113,73.43,492.29,32.25,29.90,0.36,0
288,67,471.82,405.83,70.24,66.75,0.89,0
289,41,673.87,264.13,93.56,56.14,0.75,0
289,10,1877.76,427.94,40.15,45.91,0.48,0
289,1,1276.73,427.94,42.92,43.52,0.37,0
289,113,80.79,492.10,31.19,29.27,0.27,0
289,67,477.06,405.10,70.23,68.08,0.90,0
290,41,678.42,264.17,92.68,55.66,0.75,0
290,10,1883.99,427.99,36.01,45.99,0.43,0
290,1,1282.12,426.46,43.02,43.91,0.32,0
290,113,89.91,492.26,28.92,27.83,0.48,0
290,67,484.03,405.60,68.55,65.67,0.85,0
291,41,684.23,264.70,91.36,54.22,0.82,0
291,1,1290.27,427.42,41.80,42.70,0.39,0
291,113,95.03,492.03,27.90,27.05,0.25,0
291,67,487.95,405.07,72.20,67.06,0.51,0
292,41,688.14,264.89,97.11,55.00,0.63,0
292,113,102.44,492.23,28.22,26.93,0.35,0
292,67,494.92,405.75,69.35,65.42,0.88,0
293,41,695.27,264.38,95.29,54.88,0.74,0
293,113,111.60,492.90,25.42,25.08,0.30,0
293,67,501.15,405.62,69.19,66.51,0.90,0
293,1,1300.93,425.80,41.87,44.71,0.26,0
294,41,700.91,263.90,93.74,56.19,0.79,0
294,113,117.34,492.26,27.96,26.37,0.29,0
294,67,508.42,405.42,67.47,65.01,0.86,0
294,1,1305.37,424.53,42.45,45.24,0.46,0
295,41,707.41,264.72,92.46,54.05,0.82,0
295,113,123.81,492.43,29.54,27.78,0.43,0
296,41,711.95,264.80,96.23,54.15,0.61,0
296,67,520.87,405.71,66.98,65.49,0.88,0
297,41,719.13,264.83,95.02,53.45,0.74,0
297,67,526.66,404.47,68.55,67.01,0.89,0
297,1,1321.45,421.18,50.12,49.19,0.30,0
297,113,139.75,491.88,28.81,27.02,0.43,0
298,41,723.17,264.64,94.99,54.02,0.73,0
298,67,532.93,405.18,67.59,65.41,0.85,0
298,113,147.09,492.36,28.96,26.54,0.29,0
299,41,730.28,263.97,93.77,53.98,0.76,0
299,67,539.49,404.93,68.61,65.89,0.76,0
299,1,1335.52,423.24,47.30,46.03,0.41,0
300,41,735.58,263.03,94.60,55.33,0.72,0
300,67,544.63,405.54,67.04,65.09,0.87,0
301,41,742.42,263.47,93.44,56.24,0.76,0
301,67,550.27,405.43,67.50,65.79,0.89,0
301,113,166.24,491.34,28.05,27.37,0.30,0
302,41,743.63,262.59,96.39,56.43,0.66,0
302,67,555.95,404.58,67.36,65.65,0.88,0
302,113,173.08,491.60,28.23,27.57,0.38,0
303,41,749.83,262.76,93.99,55.82,0.82,0
303,67,559.64,403.64,70.77,67.77,0.85,0
303,113,181.61,492.27,26.49,25.93,0.35,0
304,41,756.23,263.21,92.16,54.81,0.75,0
304,67,565.34,403.79,69.34,67.29,0.89,0
304,113,187.55,492.30,26.10,25.94,0.42,0
305,41,760.36,263.01,95.25,54.99,0.73,0
305,67,571.94,404.26,66.28,67.13,0.88,0
305,113,192.57,491.34,26.61,26.52,0.32,0
306,41,766.22,262.79,94.38,56.21,0.70,0
306,67,576.76,403.15,68.16,67.48,0.90,0
306,113,198.55,491.94,26.87,26.22,0.38,0
306,1,1371.85,418.50,52.22,46.25,0.52,0
307,41,770.50,262.04,93.59,57.00,0.67,0
307,67,582.01,404.65,66.84,65.76,0.85,0
307,1,1377.58,417.55,51.13,48.65,0.74,0
308,41,775.75,262.87,92.40,55.75,0.76,0
308,67,587.76,404.30,67.65,66.16,0.54,0
308,1,1383.65,417.84,49.62,47.16,0.58,0
308,113,211.27,491.92,25.81,25.88,0.41,0
309,41,780.06,262.95,91.55,54.99,0.77,0
309,67,591.41,404.39,67.82,66.11,0.89,0
309,113,216.48,491.24,26.51,26.50,0.34,0
310,41,785.28,262.15,93.82,55.92,0.69,0
310,67,597.20,404.12,67.23,66.15,0.89,0
310,113,221.60,491.35,28.29,26.78,0.48,0
310,1,1394.96,418.47,45.63,45.93,0.41,0
311,41,791.33,261.06,92.84,57.13,0.74,0
311,67,602.34,402.88,66.87,66.35,0.90,0
311,1,1399.78,418.05,46.65,46.69,0.51,0
312,41,795.41,259.93,92.64,58.06,0.80,0
312,67,607.18,404.05,65.47,63.77,0.82,0
312,1,1405.65,416.62,45.99,46.61,0.31,0
312,113,234.76,491.43,26.42,26.00,0.37,0
313,41,799.92,260.23,92.05,57.60,0.84,0
313,67,609.65,403.26,69.09,64.18,0.64,0
313,113,239.59,491.12,26.94,26.15,0.33,0
314,41,804.29,260.57,91.23,57.18,0.79,0
314,67,614.44,402.90,68.83,65.95,0.88,0
314,113,244.05,491.42,28.61,25.96,0.35,0
315,41,808.89,260.37,94.76,57.13,0.60,0
315,67,621.79,402.27,66.59,66.14,0.89,0
315,1,1420.18,416.03,46.40,45.02,0.44,0
316,41,813.95,258.18,93.94,59.68,0.60,0
316,67,625.96,400.46,66.99,68.01,0.88,0
316,1,1424.15,416.51,47.45,45.07,0.39,0
316,113,257.45,492.43,24.64,24.46,0.29,0
317,41,817.81,258.22,93.30,59.06,0.77,0
317,67,630.11,401.60,66.46,66.30,0.78,0
317,113,262.13,490.64,26.56,26.56,0.38,0
318,41,820.73,257.76,93.84,58.53,0.75,0
318,67,633.61,401.34,69.15,66.11,0.60,0
318,113,266.67,491.28,27.16,25.79,0.27,0
318,1,1436.97,415.61,43.46,43.43,0.43,0
319,41,826.82,258.24,92.63,57.55,0.76,0
319,67,639.11,400.93,69.32,67.85,0.91,0
320,41,830.94,258.04,92.99,58.09,0.71,0
320,67,645.67,399.91,67.23,68.35,0.90,0
320,113,279.77,492.70,25.73,24.08,0.30,0
320,1,1446.76,413.85,43.91,42.86,0.30,0
321,41,835.68,256.96,94.61,58.73,0.64,0
321,67,650.15,399.49,66.81,68.36,0.91,0
321,113,284.96,491.33,25.67,25.32,0.36,0
322,41,840.26,256.88,94.13,57.99,0.82,0
322,67,653.79,400.67,66.68,66.70,0.84,0
322,113,289.05,490.98,26.88,25.70,0.35,0
322,1,1455.69,412.05,46.49,44.05,0.27,0
323,41,845.09,256.85,93.63,58.14,0.85,0
323,67,656.75,399.99,69.32,67.70,0.84,0
323,113,293.43,490.96,27.59,25.57,0.45,0
323,1,1462.73,411.87,42.67,44.01,0.41,0
324,41,848.89,257.40,92.19,57.32,0.80,0
324,67,663.14,399.99,68.46,67.87,0.90,0
325,41,854.62,257.45,91.58,57.73,0.79,0
325,67,668.62,400.04,66.37,67.20,0.91,0
326,41,860.52,256.61,90.66,59.46,0.60,0
326,67,674.12,399.28,66.25,67.80,0.89,0
326,113,310.96,490.82,26.09,25.91,0.29,0
326,1,1474.70,407.51,50.08,45.84,0.46,0
327,41,863.72,255.25,93.35,58.91,0.78,0
327,67,677.76,400.18,66.48,66.14,0.84,0
327,113,314.64,491.08,27.40,25.67,0.40,0
327,1,1482.72,407.51,47.37,45.77,0.43,0
328,41,867.57,254.83,93.39,58.63,0.83,0
328,67,681.04,400.15,67.89,65.68,0.86,0
328,113,319.12,491.12,28.09,25.08,0.29,0
328,1,1487.08,408.11,45.35,45.21,0.58,0
329,41,871.40,255.40,92.78,57.23,0.73,0
329,67,687.63,399.76,67.86,67.08,0.89,0
329,113,327.94,492.64,25.12,23.38,0.30,0
329,1,1492.07,406.07,46.97,45.58,0.52,0
330,41,877.17,255.08,93.17,57.42,0.78,0
330,67,694.81,399.01,65.26,67.15,0.92,0
330,113,334.78,491.37,26.58,25.32,0.40,0
330,1,1495.77,405.17,49.41,45.04,0.71,0
331,41,883.51,254.45,95.14,58.39,0.72,0
331,67,700.32,399.41,64.88,65.60,0.91,0
331,113,339.77,491.75,27.00,24.77,0.42,0
331,1,1502.86,404.35,49.20,44.83,0.67,0
332,41,887.12,254.06,95.90,57.31,0.79,0
332,67,703.88,399.90,66.22,65.31,0.85,0
332,113,343.99,491.24,27.37,25.27,0.29,0
332,1,1510.51,406.07,45.20,42.85,0.47,0
333,41,892.53,255.06,94.58,56.49,0.85,0
333,67,708.50,400.59,68.06,65.07,0.83,0
333,113,353.03,492.86,23.96,23.19,0.31,0
333,1,1515.93,402.98,46.96,46.01,0.55,0
334,41,899.11,254.31,93.71,56.77,0.78,0
334,67,715.37,399.14,66.38,66.10,0.90,0
334,113,358.62,490.44,26.62,26.03,0.40,0
334,1,1521.58,402.43,50.00,45.49,0.76,0
335,41,907.13,255.21,92.24,56.22,0.50,0
335,67,722.39,397.89,66.19,67.67,0.90,0
335,113,364.69,491.08,26.44,26.46,0.35,0
335,1,1530.81,403.92,47.74,44.02,0.62,0
336,41,911.03,254.07,94.50,56.26,0.62,0
336,67,726.41,398.03,67.67,67.75,0.84,0
336,1,1537.86,401.48,46.59,47.30,0.37,0
337,41,914.22,254.63,96.09,55.41,0.68,0
337,67,733.61,398.65,67.73,66.07,0.89,0
337,1,1542.64,400.12,48.60,47.01,0.70,0
337,113,379.61,491.15,26.53,27.00,0.35,0
338,41,920.73,254.40,95.59,55.68,0.67,0
338,67,741.46,398.56,65.73,66.35,0.93,0
338,1,1550.58,400.58,46.48,45.81,0.50,0
338,113,386.43,491.40,27.62,26.09,0.42,0
339,41,933.22,253.23,93.25,56.16,0.65,0
339,67,748.34,397.46,66.22,67.41,0.89,0
340,41,939.51,253.67,91.48,55.20,0.81,0
340,67,752.33,397.49,70.13,68.60,0.85,0
340,113,403.09,491.99,25.96,26.00,0.25,0
341,41,946.47,253.69,89.45,55.45,0.75,0
341,67,760.84,397.46,68.13,67.62,0.89,0
341,113,409.79,491.96,27.42,26.53,0.32,0
341,1,1574.00,395.89,50.55,48.68,0.56,0
342,41,954.62,252.80,90.07,55.03,0.63,0
342,67,768.42,394.89,67.81,69.82,0.92,0
342,1,1582.91,394.99,50.67,48.48,0.34,0
343,41,962.44,252.25,90.41,55.50,0.70,0
343,67,774.88,395.97,68.46,69.01,0.86,0
343,1,1591.50,394.02,50.34,48.60,0.58,0
343,113,427.14,492.46,25.75,26.09,0.27,0
344,41,969.26,252.17,89.64,55.51,0.73,0
344,67,784.29,396.84,67.06,67.51,0.89,0
344,1,1599.24,394.34,49.71,46.07,0.32,0
344,113,434.56,492.06,27.50,26.04,0.34,0
345,41,974.13,252.01,91.82,55.26,0.72,0
345,67,790.39,395.90,67.97,68.31,0.94,0
345,1,1608.92,393.17,47.50,45.77,0.40,0
346,41,983.54,250.06,91.46,57.10,0.50,0
346,67,797.23,396.24,67.36,67.35,0.88,0
346,1,1615.57,391.63,48.31,47.36,0.53,0
347,41,989.11,250.66,91.13,56.47,0.77,0
347,67,804.96,395.12,66.81,65.92,0.66,0
347,1,1622.83,390.15,49.55,47.66,0.58,0
348,41,995.93,250.10,89.23,57.06,0.71,0
348,67,811.03,394.09,66.17,67.91,0.89,0
348,1,1633.27,389.73,47.02,45.92,0.31,0
349,41,1002.20,249.77,92.85,57.24,0.63,0
349,67,817.09,392.80,67.12,69.62,0.91,0
349,1,1639.93,388.98,46.22,44.69,0.35,0
350,41,1006.32,247.56,94.39,57.56,0.37,0
350,67,821.80,392.83,68.49,70.23,0.87,0
350,1,1645.55,387.05,49.64,46.83,0.29,0
351,41,1008.94,248.69,96.40,57.12,0.36,0
351,67,829.19,393.30,66.85,67.14,0.65,0
351,1,1654.29,385.77,48.62,47.41,0.28,0
352,67,835.43,392.76,64.95,67.53,0.90,0
352,1,1660.40,383.80,48.20,46.66,0.55,0
353,67,838.82,392.16,67.81,69.13,0.95,0
353,1,1665.52,382.53,49.37,47.30,0.35,0
353,41,1020.86,245.34,97.01,57.73,0.36,0
354,67,843.18,390.85,67.70,69.02,0.91,0
354,1,1671.14,382.57,50.12,47.00,0.71,0
354,41,1024.23,242.82,99.40,59.60,0.28,0
355,67,846.68,391.25,68.07,68.49,0.87,0
355,1,1677.34,383.81,45.59,45.03,0.50,0
355,41,1031.06,242.79,95.05,57.61,0.73,0
355,113,505.46,490.99,26.54,25.71,0.32,0
356,67,851.78,391.80,66.97,67.54,0.65,0
356,1,1682.39,380.90,46.54,46.49,0.57,0
356,41,1034.84,241.15,93.86,59.87,0.73,0
356,113,510.04,490.63,24.92,25.80,0.31,0
357,67,856.81,391.42,65.12,66.61,0.76,0
357,1,1684.84,378.38,50.82,47.45,0.45,0
357,41,1037.38,240.64,94.69,59.08,0.76,0
358,67,860.35,392.63,63.38,65.83,0.86,0
358,1,1687.70,378.23,49.84,46.46,0.61,0
358,41,1040.37,238.91,92.67,58.61,0.74,0
359,67,862.25,391.70,62.93,66.92,0.87,0
359,1,1693.52,379.05,47.57,45.47,0.63,0
359,41,1040.47,238.50,95.53,57.54,0.77,0
359,113,521.02,492.22,23.37,22.62,0.35,0
360,67,865.19,390.39,64.88,66.86,0.90,0
360,1,1696.87,379.04,49.16,45.55,0.71,0
360,41,1044.83,238.74,95.75,58.16,0.80,0
361,67,865.68,387.68,69.70,67.46,0.68,0
361,1,1700.29,380.09,48.22,44.31,0.69,0
361,41,1048.83,240.18,94.40,55.87,0.68,0
362,67,868.41,388.06,68.91,67.68,0.76,0
362,1,1703.23,378.65,47.70,46.12,0.53,0
362,41,1050.83,240.07,94.48,56.12,0.60,0
362,113,527.93,490.55,26.67,25.09,0.27,0
363,67,870.42,388.27,68.83,68.28,0.72,0
363,1,1706.07,375.16,51.42,49.44,0.30,0
363,41,1053.02,239.65,96.02,56.40,0.56,0
363,113,530.67,491.28,26.96,25.10,0.36,0
364,67,874.82,387.88,67.05,65.41,0.70,0
364,41,1049.81,239.66,101.13,55.66,0.37,0
364,113,533.76,490.89,25.57,25.19,0.28,0
365,67,876.97,389.90,66.22,65.31,0.73,0
365,41,1034.78,239.48,118.51,56.13,0.59,0
366,67,879.87,388.81,65.67,65.77,0.47,0
366,41,1048.04,240.49,106.23,53.78,0.42,0
366,1,1711.73,372.32,52.36,50.39,0.42,0
367,67,882.22,389.97,64.03,65.65,0.75,0
367,41,1057.85,239.76,98.06,55.03,0.67,0
367,1,1714.44,372.29,52.05,49.89,0.52,0
368,67,883.78,389.07,64.85,63.79,0.84,0
368,41,1061.26,239.35,95.53,55.11,0.60,0
368,1,1717.74,373.47,51.45,48.82,0.55,0
369,67,885.96,389.22,64.06,63.90,0.51,0
369,41,1065.32,239.23,93.39,54.80,0.76,0
369,1,1721.48,373.60,50.66,48.28,0.44,0
370,67,887.48,387.77,66.12,65.88,0.91,0
370,41,1069.42,239.59,93.12,53.91,0.80,0
371,67,888.95,386.57,68.76,65.61,0.89,0
371,41,1072.76,240.13,93.97,53.70,0.69,0
371,1,1726.97,370.97,50.90,49.34,0.38,0
372,67,892.97,386.38,67.63,64.75,0.87,0
372,41,1077.27,238.34,93.15,56.23,0.75,0
372,1,1729.93,370.50,50.34,49.57,0.63,0
372,113,550.79,489.07,28.37,25.63,0.30,0
373,67,894.98,386.00,67.97,64.06,0.73,0
373,41,1080.52,237.33,92.68,56.86,0.76,0
373,1,1730.78,369.08,53.52,51.28,0.62,0
374,67,900.00,385.81,65.41,66.38,0.63,0
374,41,1081.87,236.96,93.17,56.42,0.72,0
374,1,1734.49,367.69,51.54,52.13,0.51,0
375,67,903.77,387.12,63.66,65.02,0.75,0
375,41,1084.27,236.71,93.97,56.55,0.75,0
375,1,1738.01,367.47,51.38,51.58,0.51,0
376,67,906.47,387.29,63.84,65.49,0.82,0
376,41,1089.22,236.00,91.08,57.57,0.84,0
376,1,1740.16,366.84,53.12,50.79,0.60,0
377,67,910.13,387.49,61.49,64.98,0.85,0
377,41,1093.21,236.78,90.18,56.39,0.79,0
378,67,913.61,385.52,63.95,66.67,0.86,0
378,41,1096.84,236.65,91.75,56.48,0.76,0
378,113,575.75,487.76,25.88,26.12,0.30,0
378,1,1752.02,366.66,53.38,51.09,0.55,0
379,67,916.98,384.76,67.17,65.62,0.86,0
379,41,1102.15,234.67,90.88,58.39,0.73,0
379,113,578.48,487.49,24.35,26.80,0.30,0
379,1,1758.81,365.12,53.94,51.34,0.66,0
380,67,921.22,384.89,66.26,63.67,0.86,0
380,41,1104.61,233.45,93.39,57.96,0.58,0
380,1,1763.45,364.38,53.81,51.17,0.62,0
381,67,926.24,383.58,65.53,63.64,0.81,0
381,41,1107.53,232.16,94.67,57.46,0.82,0
381,1,1768.96,364.73,51.38,48.58,0.68,0
382,67,929.42,383.71,64.41,63.93,0.84,0
382,41,1110.51,232.07,93.22,56.74,0.79,0
382,1,1772.67,361.98,51.88,49.50,0.52,0
383,67,931.39,384.39,64.25,63.22,0.87,0
383,41,1113.49,230.72,94.06,57.54,0.79,0
383,1,1776.50,359.96,52.79,49.97,0.37,0
384,67,933.32,384.24,64.15,64.15,0.88,0
384,41,1113.14,230.81,97.66,57.08,0.80,0
384,1,1779.13,359.20,53.66,50.47,0.33,0
384,113,592.98,482.52,25.33,27.48,0.30,0
385,67,934.85,383.25,65.88,65.53,0.89,0
385,41,1117.72,231.29,98.50,57.04,0.83,0
386,67,939.63,383.48,65.83,64.48,0.84,0
386,1,1786.87,359.40,54.82,48.76,0.45,0
386,113,598.93,481.79,25.39,30.01,0.34,0
387,67,944.87,383.06,64.26,63.73,0.76,0
387,1,1793.83,359.37,50.99,47.44,0.59,0
387,113,602.51,480.32,27.92,29.92,0.30,0
387,41,1127.19,230.03,96.17,56.83,0.61,0
388,67,950.37,383.31,63.90,62.13,0.76,0
388,1,1799.76,357.96,50.09,48.29,0.48,0
388,41,1132.85,229.61,94.78,56.82,0.84,0
389,67,954.71,382.49,63.35,62.44,0.82,0
389,1,1804.32,356.36,53.01,49.80,0.32,0
389,41,1139.00,228.32,93.73,58.30,0.82,0
390,67,958.80,382.86,62.78,63.48,0.87,0
390,1,1808.25,355.03,55.12,49.51,0.67,0
390,41,1140.36,228.93,98.27,56.72,0.71,0
391,67,961.53,381.40,64.40,64.32,0.88,0
391,1,1812.97,355.87,55.47,48.91,0.69,0
391,41,1143.55,229.41,99.45,55.95,0.75,0
391,113,621.77,479.45,25.34,29.73,0.43,0
392,67,965.85,380.79,64.61,63.95,0.84,0
392,1,1820.73,355.17,52.72,48.67,0.43,0
392,113,625.95,478.85,26.03,29.92,0.38,0
393,67,969.92,381.22,65.29,63.34,0.85,0
393,1,1826.90,353.58,54.78,49.97,0.49,0
393,113,629.99,478.96,28.03,28.42,0.30,0
394,67,975.43,380.19,65.54,63.28,0.86,0
394,1,1832.92,353.01,56.06,49.01,0.56,0
394,165,1127.01,282.49,121.83,50.92,0.41,0
394,41,1155.38,226.46,103.01,57.19,0.66,0
395,67,981.98,379.64,65.43,64.94,0.89,0
395,1,1842.30,354.56,54.38,46.76,0.48,0
395,41,1165.52,225.53,101.73,57.43,0.71,0
396,67,989.00,379.01,65.25,65.24,0.83,0
396,1,1850.52,351.96,56.84,49.29,0.76,0
396,41,1175.49,225.97,97.08,57.13,0.49,0
397,67,995.96,380.45,63.93,63.29,0.66,0
397,1,1861.86,353.47,54.57,48.71,0.62,0
397,41,1181.19,225.15,96.61,57.79,0.62,0
397,165,1145.37,282.05,121.52,50.56,0.36,0
398,67,1003.82,380.03,64.46,65.51,0.86,0
398,1,1870.78,352.93,49.22,48.77,0.43,0
398,41,1190.04,225.80,98.56,57.47,0.72,0
399,67,1010.40,377.49,67.05,67.51,0.88,0
399,1,1880.44,353.27,39.56,46.75,0.32,0
399,41,1198.28,223.79,97.44,56.86,0.32,0
400,67,1018.75,379.40,66.71,64.78,0.83,0
401,67,1026.86,377.58,66.74,67.78,0.89,0
401,113,691.80,480.02,26.92,22.66,0.32,0
402,67,1034.56,376.30,64.49,67.37,0.88,0
402,41,1225.32,219.40,95.05,59.12,0.76,0
403,67,1040.27,375.60,65.36,68.85,0.79,0
403,41,1230.18,216.09,96.23,63.80,0.75,0
404,67,1047.81,374.31,66.01,69.36,0.89,0
404,41,1236.95,216.00,99.34,63.32,0.73,0
405,67,1055.45,373.73,64.13,68.92,0.88,0
406,67,1059.42,372.58,67.47,69.44,0.87,0
406,41,1246.56,215.07,101.17,60.07,0.51,0
407,67,1067.60,373.00,67.66,68.92,0.49,0
407,41,1225.24,213.40,132.75,59.49,0.37,0
408,67,1076.54,372.06,66.28,69.55,0.92,0
408,41,1237.67,214.08,130.14,57.74,0.34,0
409,67,1084.09,370.13,68.81,70.60,0.84,0
410,67,1096.59,370.72,66.22,68.11,0.87,0
410,41,1271.40,212.79,114.91,58.00,0.67,0
411,67,1103.49,369.72,68.99,68.72,0.92,0
411,41,1289.45,211.45,105.28,58.67,0.50,0
412,67,1109.47,368.85,70.09,71.49,0.81,0
412,41,1299.61,210.54,101.56,58.56,0.51,0
413,67,1120.18,369.28,66.45,68.70,0.87,0
413,41,1311.44,209.17,97.75,60.41,0.71,0
414,67,1125.50,369.24,66.52,68.80,0.94,0
414,41,1317.81,208.42,98.33,61.12,0.69,0
415,67,1130.53,367.76,67.35,68.23,0.87,0
415,41,1323.42,207.71,97.42,61.21,0.78,0
416,67,1133.99,368.39,67.85,67.57,0.82,0
416,41,1330.13,206.67,97.85,62.38,0.79,0
417,67,1137.42,367.72,68.75,67.58,0.78,0
417,41,1333.87,205.69,99.76,62.81,0.72,0
418,67,1144.56,367.49,66.29,67.03,0.78,0
418,41,1336.56,205.61,101.87,60.98,0.54,0
418,113,809.52,470.29,23.85,26.51,0.35,0
419,67,1149.09,367.09,65.31,67.44,0.89,0
419,41,1342.05,204.98,99.89,60.95,0.76,0
420,67,1152.46,366.21,66.79,67.30,0.90,0
420,41,1345.61,204.78,99.96,60.84,0.88,0
421,67,1155.93,364.63,70.82,64.65,0.28,0
421,41,1350.69,203.72,101.30,60.95,0.83,0
421,113,820.25,470.44,25.50,26.08,0.39,0
422,67,1161.41,365.88,68.44,65.38,0.74,0
422,41,1355.46,203.76,103.24,61.28,0.81,0
423,67,1169.60,369.62,64.12,61.49,0.56,0
423,41,1361.36,203.41,101.91,60.60,0.51,0
424,67,1173.26,366.95,64.28,62.63,0.81,0
424,41,1368.68,202.55,99.57,61.61,0.82,0
425,67,1176.50,365.58,66.05,62.39,0.87,0
425,41,1370.64,201.30,102.96,61.71,0.86,0
426,67,1181.70,364.17,67.95,62.10,0.85,0
426,41,1378.56,200.51,103.05,61.86,0.84,0
426,113,845.89,468.20,24.57,26.36,0.39,0
427,67,1189.08,362.73,65.12,67.88,0.74,0
427,41,1383.68,200.85,100.53,61.19,0.83,0
428,67,1193.56,363.35,64.50,67.92,0.78,0
429,67,1196.44,363.69,64.01,65.47,0.85,0
429,41,1392.40,198.44,100.71,62.83,0.76,0
430,67,1199.85,363.08,64.06,64.46,0.89,0
430,41,1394.26,196.95,104.15,63.25,0.69,0
431,67,1203.77,362.65,66.28,63.96,0.86,0
431,41,1401.15,195.87,104.66,64.04,0.77,0
431,113,868.43,467.26,23.79,24.47,0.32,0
432,67,1205.90,362.75,68.88,63.91,0.90,0
432,113,870.72,467.51,24.12,24.58,0.32,0
433,67,1212.35,361.68,65.34,63.67,0.76,0
433,41,1395.42,192.69,117.31,65.52,0.48,0
434,67,1216.49,360.49,64.72,66.73,0.84,0
434,41,1407.95,193.44,108.51,63.58,0.52,0
435,67,1220.11,360.26,64.19,66.24,0.85,0
435,41,1416.43,191.43,104.00,64.77,0.78,0
436,67,1222.55,360.67,63.90,65.39,0.87,0
436,41,1419.69,189.68,103.95,66.39,0.75,0
437,67,1225.16,359.37,65.41,66.94,0.89,0
437,41,1422.65,189.39,107.03,67.25,0.34,0
438,67,1227.38,359.13,66.85,66.27,0.85,0
438,41,1426.46,190.42,106.16,65.26,0.67,0
439,67,1229.51,359.19,67.53,64.28,0.86,0
439,41,1427.34,191.34,107.47,64.57,0.67,0
440,67,1231.68,359.22,68.67,65.01,0.84,0
440,41,1430.56,189.88,106.43,66.46,0.51,0
440,113,888.84,465.60,29.92,27.29,0.31,0
441,67,1236.53,358.81,66.94,65.24,0.85,0
441,41,1423.06,188.68,117.51,66.37,0.25,0
442,67,1240.69,358.01,65.16,66.02,0.84,0
442,41,1432.13,188.86,109.96,63.86,0.45,0
443,67,1243.33,357.57,64.44,65.81,0.81,0
443,41,1436.18,188.21,109.99,64.28,0.51,0
444,67,1245.48,358.64,64.37,66.48,0.82,0
444,41,1441.96,187.80,109.80,64.41,0.72,0
445,67,1246.74,357.37,66.36,66.99,0.88,0
445,41,1445.15,188.35,108.85,61.58,0.72,0
446,67,1248.70,355.59,68.19,67.74,0.85,0
446,41,1449.28,189.49,106.21,59.47,0.78,0
447,67,1251.48,356.13,68.30,67.04,0.84,0
447,41,1454.27,190.04,103.14,59.36,0.83,0
448,67,1254.43,357.35,67.15,64.11,0.82,0
448,41,1448.66,188.31,113.80,62.12,0.57,0
449,67,1256.58,358.10,67.88,63.86,0.77,0
449,41,1438.98,188.61,126.39,60.52,0.65,0
449,113,916.01,462.90,26.08,27.20,0.46,0
450,67,1259.82,358.56,65.54,63.48,0.73,0
450,41,1454.18,188.57,111.74,60.37,0.75,0
450,113,913.95,461.23,29.33,28.43,0.34,0
451,67,1261.22,357.71,65.96,62.91,0.82,0
451,41,1462.66,187.98,104.45,61.82,0.79,0
451,113,915.42,460.48,29.80,28.85,0.30,0
452,67,1263.92,356.55,65.42,63.12,0.87,0
452,41,1466.15,187.05,103.52,64.16,0.81,0
453,67,1265.99,357.04,64.16,62.39,0.82,0
453,41,1467.78,186.61,103.56,63.25,0.83,0
454,67,1266.56,356.04,64.73,64.37,0.84,0
454,41,1468.38,185.78,105.68,64.49,0.77,0
455,67,1268.16,356.59,64.03,65.34,0.86,0
455,41,1468.31,186.28,108.67,63.24,0.77,0
456,67,1269.90,356.30,64.29,65.25,0.87,0
456,41,1470.13,186.98,108.76,61.73,0.73,0
457,67,1270.61,356.01,64.62,66.08,0.86,0
457,41,1475.85,186.76,103.59,63.53,0.71,0
458,67,1271.20,354.98,66.07,66.79,0.88,0
458,41,1477.46,187.02,103.46,62.86,0.77,0
458,113,929.62,458.39,25.75,27.91,0.28,0
459,67,1273.11,354.33,65.59,67.05,0.89,0
459,41,1475.10,187.04,106.77,62.50,0.78,0
459,113,930.92,457.51,26.17,27.30,0.36,0
460,67,1274.90,353.12,67.30,66.62,0.86,0
461,67,1275.11,352.50,68.55,67.72,0.85,0
461,41,1444.74,185.96,141.31,62.01,0.48,0
461,113,935.61,457.67,23.24,26.30,0.27,0
462,67,1277.09,352.75,69.03,68.37,0.86,0
462,113,935.40,456.00,26.60,29.42,0.45,0
463,67,1280.37,352.05,67.57,68.47,0.87,0
463,113,936.66,455.15,27.74,31.28,0.42,0
464,67,1282.43,352.23,68.72,69.60,0.56,0
464,113,938.24,455.13,28.18,31.14,0.43,0
465,67,1285.06,353.29,66.96,66.24,0.89,0
465,113,938.77,455.27,30.49,30.28,0.35,0
465,41,1485.48,181.70,110.60,64.45,0.79,0
466,67,1288.74,352.91,64.66,65.11,0.87,0
466,194,1295.17,419.58,53.72,39.92,0.44,0
466,41,1493.03,180.98,106.70,65.04,0.80,0
467,67,1290.75,351.54,64.85,68.15,0.85,0
467,194,1298.09,420.20,52.67,38.91,0.31,0
467,41,1495.02,181.01,107.62,65.32,0.78,0
468,67,1292.71,351.07,64.62,68.76,0.85,0
468,194,1300.83,419.86,50.74,39.58,0.30,0
468,41,1497.01,181.86,107.08,64.64,0.80,0
469,67,1294.47,350.58,64.45,69.67,0.87,0
469,194,1302.08,420.63,51.35,39.59,0.30,0
469,41,1492.19,182.22,114.06,62.59,0.77,0
470,67,1297.76,350.42,64.12,69.09,0.88,0
470,41,1495.31,182.51,111.15,62.50,0.82,0
471,67,1298.63,350.06,65.22,68.86,0.88,0
471,41,1494.71,182.65,114.72,62.70,0.84,0
472,67,1300.58,350.49,65.84,68.11,0.84,0
472,41,1501.18,181.58,110.85,62.14,0.29,0
473,67,1301.21,349.65,68.50,69.89,0.82,0
473,41,1510.75,180.48,103.29,64.23,0.88,0
474,67,1300.76,347.93,70.34,72.76,0.83,0
474,41,1515.23,179.72,101.91,65.20,0.85,0
475,67,1303.18,348.27,69.83,72.49,0.79,0
475,41,1516.56,178.09,103.48,66.77,0.86,0
476,67,1304.31,348.60,70.78,73.13,0.74,0
476,41,1517.22,177.54,106.56,66.97,0.85,0
477,67,1308.05,347.04,69.07,70.82,0.85,0
477,41,1515.66,177.06,110.66,65.89,0.81,0
478,67,1311.22,347.42,67.61,69.94,0.88,0
478,41,1519.36,176.79,108.85,66.17,0.82,0
479,67,1314.22,348.39,65.84,67.86,0.84,0
479,41,1521.39,177.39,107.37,65.06,0.76,0
480,67,1314.91,347.60,66.32,69.33,0.90,0
480,41,1523.54,178.10,105.36,64.11,0.79,0
481,67,1315.97,347.22,66.13,69.95,0.91,0
481,41,1526.13,179.26,102.90,63.11,0.79,0
481,194,1324.02,417.39,51.49,41.56,0.33,0
482,67,1317.06,346.61,66.11,70.08,0.93,0
482,41,1526.95,179.65,102.85,62.97,0.75,0
482,194,1325.03,417.17,52.73,42.08,0.31,0
483,67,1318.12,345.88,66.66,70.77,0.92,0
483,41,1528.63,179.27,103.30,63.70,0.56,0
483,194,1325.29,417.48,53.75,42.58,0.27,0
484,67,1319.13,345.97,67.99,70.33,0.92,0
484,41,1527.11,179.52,107.40,62.22,0.74,0
485,67,1320.58,345.36,68.77,69.64,0.91,0
486,67,1321.51,344.28,69.93,70.16,0.90,0
487,67,1323.67,342.79,69.94,71.09,0.88,0
487,205,940.53,482.74,31.64,30.39,0.38,0
488,67,1326.19,343.30,68.10,67.99,0.86,0
488,205,942.84,487.77,28.64,25.91,0.37,0
488,41,1536.80,174.11,106.93,64.95,0.75,0
489,67,1327.44,343.58,68.86,67.91,0.82,0
489,205,944.61,489.00,26.91,23.84,0.30,0
489,41,1540.64,172.80,108.05,65.97,0.76,0
490,67,1328.71,344.02,69.91,69.31,0.79,0
490,205,944.58,488.28,27.91,25.19,0.36,0
490,41,1542.16,173.21,109.17,64.90,0.75,0
491,67,1330.31,344.05,69.30,67.07,0.57,0
491,41,1545.07,172.79,107.49,64.27,0.79,0
492,67,1334.08,343.35,66.43,66.70,0.62,0
492,41,1547.64,172.42,105.81,64.12,0.69,0
493,67,1337.99,343.04,64.23,65.75,0.60,0
493,41,1550.17,173.70,104.12,62.91,0.76,0
494,67,1340.64,342.97,63.14,65.39,0.83,0
494,41,1551.49,173.89,104.27,62.36,0.66,0
495,67,1341.87,342.98,63.55,65.13,0.85,0
495,41,1549.66,172.14,108.52,62.41,0.52,0
496,67,1342.98,342.21,64.25,65.70,0.82,0
496,41,1551.71,169.23,110.09,65.25,0.79,0
497,67,1343.73,342.96,66.36,64.21,0.87,0
497,41,1554.89,167.90,108.99,66.07,0.85,0
498,67,1344.89,341.45,70.12,61.96,0.76,0
498,41,1559.94,166.61,107.26,65.46,0.81,0
499,67,1347.53,339.99,70.59,60.72,0.87,0
499,41,1563.43,165.59,108.11,66.40,0.79,0
500,67,1349.49,339.73,70.78,62.29,0.55,0
500,41,1565.72,164.20,109.66,68.79,0.81,0
501,67,1355.19,338.96,66.02,63.24,0.55,0
501,41,1566.46,165.18,109.99,68.13,0.78,0
502,67,1358.46,340.99,65.18,66.19,0.50,0
502,41,1568.89,165.27,108.91,68.64,0.79,0
503,67,1361.17,340.61,63.60,65.74,0.68,0
503,41,1572.08,166.05,107.13,67.76,0.65,0
504,67,1362.61,339.81,64.38,66.22,0.85,0
504,41,1574.57,166.13,105.79,66.97,0.55,0
504,212,1013.91,445.66,24.54,25.55,0.39,0
505,67,1363.84,339.79,64.44,64.45,0.87,0
505,41,1575.54,166.05,107.82,65.71,0.40,0
505,194,1374.06,409.70,49.73,45.77,0.27,0
506,67,1364.89,339.12,65.83,65.22,0.91,0
507,67,1366.93,338.33,66.65,67.69,0.82,0
507,41,1576.84,163.75,111.72,64.15,0.32,0
508,67,1369.29,337.44,66.95,66.77,0.90,0
508,41,1580.91,163.42,109.83,63.22,0.70,0
509,67,1370.97,338.18,68.33,65.47,0.90,0
509,41,1584.57,162.06,110.15,65.58,0.77,0
510,67,1373.15,337.07,68.97,65.55,0.87,0
510,41,1586.87,160.62,111.86,68.45,0.77,0
511,67,1374.56,336.98,70.40,65.74,0.72,0
511,41,1586.02,160.70,114.88,66.79,0.76,0
512,67,1380.31,336.67,66.15,66.75,0.74,0
512,41,1587.73,161.64,114.76,64.26,0.81,0
513,67,1384.15,336.41,63.98,68.65,0.76,0
513,41,1590.70,162.14,113.73,62.66,0.82,0
514,67,1386.10,335.57,63.76,69.89,0.77,0
514,41,1596.70,160.80,108.88,65.32,0.39,0
515,67,1387.80,335.16,64.06,68.91,0.80,0
515,41,1598.12,159.29,110.38,67.13,0.68,0
515,212,1037.70,444.50,22.74,23.16,0.27,0
516,67,1389.43,335.22,64.86,68.13,0.85,0
516,41,1601.87,158.22,109.16,67.64,0.74,0
516,212,1039.22,444.83,22.92,23.00,0.37,0
517,67,1390.52,334.76,65.68,68.57,0.87,0
517,41,1603.18,157.06,112.75,67.69,0.65,0
517,212,1039.02,444.36,25.07,23.54,0.31,0
518,67,1391.66,333.65,68.15,69.14,0.87,0
518,41,1607.91,156.55,111.76,68.48,0.78,0
519,67,1393.25,332.04,69.95,70.21,0.85,0
519,41,1609.94,156.37,112.20,69.69,0.79,0
520,67,1395.33,331.64,71.44,69.57,0.89,0
520,41,1613.74,155.97,109.53,69.02,0.81,0
521,67,1396.82,332.39,71.21,68.36,0.87,0
521,41,1615.71,156.54,109.37,67.45,0.81,0
522,67,1398.93,332.62,72.28,69.32,0.79,0
522,41,1619.12,157.17,107.00,66.64,0.74,0
523,67,1403.32,333.37,69.46,66.57,0.86,0
523,41,1621.27,156.70,107.92,65.68,0.50,0
524,67,1405.95,332.48,68.47,67.34,0.85,0
524,41,1621.70,156.33,110.32,65.25,0.54,0
524,212,1057.30,441.23,24.49,24.58,0.33,0
525,67,1408.34,332.19,67.31,66.58,0.87,0
525,41,1623.97,156.99,107.38,64.50,0.65,0
526,67,1410.70,331.63,66.57,67.21,0.86,0
526,41,1627.06,154.96,110.61,65.54,0.84,0
527,67,1412.72,332.40,66.77,67.31,0.88,0
527,41,1632.45,153.35,110.82,67.69,0.86,0
527,212,1062.30,442.50,23.57,24.00,0.42,0
528,67,1414.02,330.38,68.74,68.80,0.87,0
528,41,1636.31,152.69,110.95,68.55,0.85,0
528,212,1062.98,442.29,24.16,24.23,0.42,0
529,67,1416.28,329.08,69.99,69.14,0.86,0
529,41,1638.42,152.14,111.12,69.53,0.83,0
530,67,1419.14,329.89,69.58,67.31,0.85,0
530,41,1641.23,152.43,109.44,68.45,0.86,0
531,67,1421.49,328.89,70.56,69.05,0.89,0
531,41,1642.83,153.26,108.67,65.73,0.85,0
532,67,1423.19,327.27,71.53,70.40,0.86,0
532,41,1645.38,152.80,111.70,65.33,0.55,0
533,67,1428.47,328.14,68.98,70.12,0.86,0
533,41,1647.34,151.90,112.65,66.03,0.75,0
534,67,1430.31,328.23,68.08,68.27,0.87,0
534,41,1649.30,150.39,113.40,67.04,0.80,0
535,67,1432.80,327.58,67.54,68.76,0.90,0
535,41,1652.83,147.23,114.63,71.04,0.84,0
536,67,1435.06,325.98,67.61,70.26,0.90,0
536,41,1657.19,147.96,113.23,71.10,0.85,0
537,67,1436.94,325.64,68.92,70.35,0.90,0
537,41,1659.55,147.83,112.55,70.94,0.84,0
538,67,1440.24,325.91,68.33,70.31,0.87,0
538,41,1662.09,148.52,110.57,69.05,0.84,0
538,212,1082.29,434.73,26.26,29.17,0.32,0
539,67,1442.22,325.80,69.05,69.74,0.87,0
539,41,1665.11,149.72,107.83,67.38,0.87,0
539,212,1082.64,433.67,29.77,29.71,0.33,0
540,67,1445.59,326.25,69.09,69.66,0.87,0
540,41,1667.93,150.92,107.75,65.51,0.70,0
541,67,1446.52,326.36,69.59,69.90,0.88,0
541,41,1669.41,151.00,109.89,66.03,0.46,0
542,67,1447.21,325.92,72.44,71.94,0.90,0
543,67,1452.80,326.12,68.60,71.06,0.90,0
543,41,1672.40,148.40,114.85,67.69,0.73,0
544,67,1455.66,327.00,67.02,69.41,0.90,0
544,41,1674.80,146.53,116.02,69.25,0.81,0
544,212,1097.55,433.00,26.83,27.55,0.35,0
545,67,1457.03,326.38,67.91,70.19,0.93,0
545,41,1678.74,146.00,116.24,69.87,0.81,0
545,226,1464.20,396.42,55.01,39.04,0.33,0
545,212,1099.53,432.48,26.86,28.36,0.45,0
546,67,1458.88,326.20,66.84,69.51,0.92,0
546,41,1680.84,145.74,115.83,71.21,0.80,0
546,226,1466.05,395.52,53.72,41.94,0.35,0
547,67,1460.66,325.67,68.00,70.13,0.91,0
547,41,1683.66,145.28,114.16,71.08,0.81,0
547,212,1103.70,432.91,24.41,27.81,0.32,0
548,67,1463.99,324.80,67.70,70.57,0.89,0
548,41,1688.11,145.83,110.63,70.36,0.85,0
548,212,1104.22,431.59,26.89,30.91,0.49,0
549,67,1463.66,325.84,67.12,69.88,0.89,0
549,41,1686.94,147.33,110.14,68.80,0.85,0
549,212,1103.19,431.98,27.26,31.24,0.41,0
550,67,1467.01,325.95,67.10,69.09,0.88,0
550,41,1689.21,148.08,112.34,67.45,0.83,0
550,212,1104.78,431.22,28.51,31.89,0.41,0
551,67,1468.94,325.51,68.62,69.57,0.89,0
551,41,1691.58,148.56,112.49,67.04,0.83,0
551,212,1106.72,431.81,29.67,30.95,0.31,0
552,67,1469.83,324.84,69.20,70.41,0.88,0
552,41,1694.25,148.10,111.73,68.55,0.25,0
552,212,1107.29,431.27,30.94,31.12,0.55,0
553,67,1470.88,324.93,72.11,72.45,0.89,0
553,41,1693.98,143.55,119.54,72.43,0.61,0
554,67,1476.09,325.29,68.74,72.32,0.88,0
554,41,1697.15,142.32,121.73,73.64,0.69,0
555,67,1479.96,326.63,66.37,69.59,0.87,0
555,41,1702.67,144.05,117.77,72.58,0.83,0
555,226,1486.12,396.11,55.17,39.63,0.36,0
556,67,1481.25,325.97,67.71,70.21,0.91,0
556,41,1706.96,143.86,113.64,73.06,0.83,0
557,67,1483.09,325.01,67.57,71.14,0.90,0
557,41,1709.46,144.97,111.85,71.71,0.82,0
557,212,1122.62,432.52,26.92,28.39,0.42,0
558,67,1484.68,325.27,69.99,71.40,0.90,0
558,41,1712.83,146.76,109.65,69.90,0.84,0
559,67,1486.97,324.24,70.07,71.73,0.87,0
559,41,1714.40,147.34,111.92,69.29,0.69,0
559,212,1127.95,432.88,24.96,27.90,0.31,0
560,67,1490.09,323.59,70.82,71.80,0.88,0
560,41,1717.25,146.83,112.10,69.25,0.28,0
560,212,1127.47,431.25,26.93,30.65,0.38,0
561,67,1491.74,321.90,72.13,73.85,0.88,0
561,41,1717.38,142.80,118.18,71.86,0.80,0
561,212,1128.59,431.06,29.03,31.95,0.41,0
562,67,1493.50,322.29,73.59,74.20,0.87,0
562,41,1717.46,140.76,123.65,72.65,0.84,0
562,212,1130.55,431.24,28.81,32.25,0.29,0
563,67,1494.35,322.55,75.80,74.86,0.90,0
563,41,1720.14,140.45,124.00,72.77,0.87,0
563,212,1132.21,431.21,30.72,31.21,0.30,0
564,67,1499.02,322.46,72.50,74.44,0.90,0
564,41,1722.06,139.89,124.66,73.28,0.83,0
565,67,1504.32,324.12,69.04,72.19,0.92,0
565,41,1725.81,139.56,122.26,73.76,0.83,0
565,226,1510.74,395.93,56.63,40.85,0.25,0
566,67,1507.58,324.11,67.51,71.21,0.91,0
566,41,1730.27,139.96,118.79,72.71,0.89,0
566,226,1514.14,395.86,54.68,41.82,0.27,0
567,67,1509.29,323.02,69.07,71.21,0.91,0
567,41,1735.97,139.82,117.00,73.04,0.79,0
568,67,1511.28,322.86,70.75,71.49,0.89,0
568,41,1738.76,138.94,117.87,72.52,0.77,0
569,67,1514.09,321.80,71.44,72.66,0.89,0
569,41,1740.81,138.80,120.01,72.98,0.88,0
569,212,1150.46,432.07,25.10,28.37,0.31,0
570,67,1515.40,320.82,73.09,73.82,0.88,0
570,41,1745.67,138.21,120.19,72.87,0.87,0
570,212,1150.53,431.20,27.12,30.45,0.38,0
571,67,1518.00,320.59,73.46,75.69,0.84,0
571,41,1749.19,138.96,119.53,72.50,0.87,0
572,67,1520.30,320.59,74.23,75.57,0.42,0
572,41,1753.90,138.31,116.17,72.09,0.84,0
573,67,1524.30,320.70,72.95,75.16,0.90,0
573,41,1756.52,139.15,114.21,71.33,0.88,0
574,67,1528.41,321.02,70.95,73.48,0.91,0
574,41,1758.95,138.98,116.63,71.23,0.84,0
575,67,1531.98,321.14,69.72,72.57,0.92,0
575,41,1762.00,137.88,117.32,71.45,0.39,0
576,67,1533.41,320.77,72.45,72.11,0.91,0
576,41,1765.26,135.29,118.83,72.95,0.72,0
577,67,1535.63,319.81,74.15,72.11,0.89,0
577,41,1768.44,133.91,121.29,74.89,0.85,0
577,234,1132.64,464.62,29.55,27.96,0.38,0
578,67,1538.33,319.29,75.54,73.89,0.88,0
578,41,1770.26,134.77,123.72,74.28,0.85,0
578,234,1137.10,466.01,25.38,26.54,0.31,0
579,67,1541.88,319.10,75.38,75.88,0.86,0
579,41,1772.25,135.37,123.27,71.31,0.69,0
580,67,1544.00,319.54,76.15,75.50,0.76,0
580,41,1777.81,136.20,120.05,70.92,0.83,0
581,67,1550.81,320.09,71.76,73.99,0.89,0
581,41,1781.96,136.27,119.71,70.16,0.79,0
581,212,1177.76,429.79,30.49,28.97,0.26,0
582,67,1554.15,320.98,69.50,72.43,0.93,0
582,41,1784.93,134.58,122.34,70.21,0.33,0
582,226,1561.40,394.62,55.35,41.24,0.39,0
583,67,1557.31,321.26,68.98,71.61,0.92,0
583,41,1789.20,134.09,121.40,71.76,0.80,0
583,226,1565.03,394.81,55.40,40.96,0.27,0
584,67,1558.80,320.71,71.80,71.85,0.92,0
584,41,1792.12,135.00,121.36,72.66,0.84,0
585,67,1560.99,318.88,73.33,72.95,0.88,0
585,41,1795.44,137.08,119.23,71.21,0.79,0
585,234,1153.31,466.21,30.14,26.04,0.38,0
586,67,1562.95,319.19,74.33,73.72,0.90,0
586,41,1801.18,137.57,115.09,70.20,0.65,0
586,243,1603.23,439.07,32.13,29.40,0.40,0
586,234,1156.60,466.10,29.43,26.81,0.27,0
587,67,1566.17,319.47,74.39,75.09,0.86,0
587,41,1804.22,137.76,113.10,70.73,0.69,0
587,243,1603.71,438.94,34.13,29.85,0.40,0
587,234,1160.24,466.03,26.80,27.28,0.25,0
588,67,1570.33,319.78,73.01,74.27,0.63,0
588,41,1806.26,138.54,111.39,70.08,0.62,0
588,234,1161.99,465.87,25.82,27.39,0.28,0
588,212,1199.88,431.36,25.73,28.42,0.28,0
589,67,1573.34,320.06,72.77,74.02,0.90,0
589,41,1807.86,140.47,109.86,65.49,0.31,0
589,243,1605.08,439.42,39.35,29.26,0.37,0
590,67,1577.15,320.36,70.74,72.67,0.92,0
590,41,1810.96,144.95,107.41,59.48,0.29,0
591,67,1580.79,320.46,70.74,72.19,0.92,0
591,41,1812.70,145.03,105.97,59.56,0.38,0
592,67,1582.22,319.99,73.84,72.31,0.91,0
592,41,1813.92,144.62,104.64,60.65,0.49,0
592,234,1172.21,465.42,30.84,28.14,0.30,0
593,67,1584.37,318.67,75.27,72.92,0.85,0
593,41,1821.63,141.30,96.72,64.46,0.47,0
593,212,1211.35,432.85,29.05,22.43,0.30,0
594,67,1586.40,318.55,76.03,74.30,0.90,0
594,41,1824.91,142.22,93.61,63.07,0.31,0
594,243,1625.69,438.55,33.56,29.56,0.35,0
594,234,1176.11,466.41,31.70,26.87,0.35,0
595,67,1590.56,318.97,75.72,75.84,0.88,0
595,243,1626.48,438.75,35.02,29.57,0.40,0
595,234,1178.72,465.10,31.46,28.67,0.36,0
596,67,1592.84,319.84,76.13,75.45,0.32,0
596,243,1627.05,439.26,36.12,29.57,0.32,0
596,234,1182.11,463.53,29.52,30.42,0.31,0
597,67,1598.26,320.31,72.48,73.87,0.91,0
597,243,1627.52,439.68,40.10,29.38,0.37,0
597,234,1184.64,464.33,27.50,29.25,0.35,0
598,67,1602.22,320.30,69.84,72.68,0.94,0
598,243,1627.25,439.29,43.17,28.99,0.30,0
598,226,1610.12,393.91,54.92,41.76,0.43,0
599,67,1605.09,320.48,69.96,72.25,0.93,0
600,67,1606.85,320.23,71.91,71.74,0.93,0
600,234,1192.13,465.18,30.01,28.25,0.26,0
601,67,1609.06,319.17,73.43,72.65,0.89,0
601,234,1194.54,464.25,31.08,29.99,0.31,0
601,41,1848.39,140.63,70.84,65.21,0.41,0
602,67,1611.24,319.19,75.15,74.47,0.91,0
602,212,1237.31,432.51,28.09,22.36,0.36,0
603,67,1616.00,320.32,74.55,75.21,0.61,0
603,212,1242.39,432.46,26.58,21.40,0.26,0
603,243,1647.61,439.90,38.10,30.60,0.29,0
603,234,1200.87,465.54,30.62,27.60,0.31,0
604,67,1621.37,320.20,72.72,73.99,0.90,0
604,243,1651.87,439.48,39.52,30.06,0.26,0
604,234,1205.95,467.25,27.91,25.75,0.26,0
605,67,1626.57,320.66,71.35,72.50,0.93,0
606,67,1629.82,319.90,74.01,72.93,0.91,0
607,67,1632.50,318.53,75.66,73.85,0.87,0
608,67,1636.07,318.80,76.66,75.79,0.89,0
608,243,1672.87,439.69,34.59,29.82,0.42,0
609,67,1642.30,319.19,74.57,74.80,0.93,0
610,67,1652.88,319.64,72.52,72.71,0.93,0
610,234,1233.29,466.15,25.05,27.57,0.33,0
611,67,1656.12,318.51,74.10,72.85,0.89,0
612,67,1660.65,318.71,74.81,74.32,0.89,0
612,243,1698.06,439.48,33.29,29.49,0.41,0
613,67,1667.27,318.91,72.71,73.08,0.90,0
613,243,1697.25,439.85,39.49,29.73,0.27,0
614,67,1673.39,319.70,71.63,72.33,0.94,0
614,212,1290.80,431.40,25.90,22.55,0.32,0
615,67,1677.83,318.98,74.71,73.04,0.90,0
615,212,1294.24,430.55,27.52,23.58,0.30,0
615,234,1254.12,467.87,27.60,25.08,0.30,0
616,67,1682.42,317.88,76.95,74.92,0.90,0
616,234,1258.71,467.52,25.43,25.73,0.29,0
616,243,1720.64,439.29,33.96,29.78,0.40,0
617,67,1687.82,318.60,76.90,75.45,0.51,0
618,67,1695.41,318.01,73.72,74.76,0.94,0
618,243,1725.02,438.89,41.83,28.76,0.28,0
619,67,1701.53,317.83,72.81,73.80,0.93,0
619,234,1271.21,464.85,34.60,27.15,0.42,0
620,67,1705.23,316.65,75.51,74.45,0.92,0
620,234,1278.17,463.23,31.58,29.56,0.45,0
620,243,1743.87,438.43,35.45,30.85,0.45,0
621,67,1710.69,317.70,76.56,74.19,0.80,0
621,234,1282.47,462.34,32.41,29.77,0.32,0
621,243,1748.81,438.37,34.60,30.06,0.28,0
622,67,1718.31,316.79,74.20,74.28,0.93,0
622,243,1750.45,438.11,39.30,30.34,0.48,0
623,67,1724.56,316.03,74.09,73.22,0.93,0
624,67,1729.06,315.70,75.65,73.22,0.89,0
624,212,1339.70,429.98,27.41,23.84,0.30,0
624,234,1295.60,464.35,34.07,27.26,0.31,0
624,243,1768.59,438.17,33.05,31.33,0.38,0
625,67,1733.49,315.46,78.44,75.81,0.87,0
625,212,1344.44,429.49,27.23,23.67,0.27,0
625,243,1772.36,438.55,32.98,31.03,0.40,0
626,67,1741.81,315.53,73.64,74.12,0.89,0
626,234,1305.61,463.66,33.90,27.87,0.27,0
627,67,1746.52,315.26,72.30,73.67,0.93,0
628,67,1749.56,314.18,72.78,74.62,0.92,0
628,234,1314.28,466.55,30.55,25.40,0.38,0
629,67,1752.96,312.95,74.93,71.05,0.82,0
629,234,1317.52,466.00,30.22,25.39,0.32,0
630,67,1758.62,312.60,73.56,74.12,0.74,0
630,234,1319.35,464.79,33.79,26.97,0.40,0
631,67,1763.51,312.08,71.99,76.34,0.85,0
631,234,1323.09,465.33,32.92,25.78,0.45,0
632,67,1768.80,312.25,70.08,75.00,0.76,0
632,234,1327.22,467.47,29.28,24.37,0.46,0
633,67,1771.84,311.94,70.52,74.58,0.82,0
633,234,1329.35,469.39,27.32,23.27,0.48,0
633,266,1771.30,316.62,69.61,70.55,0.53,0
634,67,1773.50,311.18,72.32,74.81,0.89,0
635,67,1773.78,311.45,75.52,75.13,0.65,0
635,234,1332.67,466.29,35.21,25.48,0.40,0
636,67,1775.28,311.04,77.45,72.99,0.88,0
636,234,1336.23,465.76,33.18,25.50,0.40,0
637,67,1777.75,311.82,78.10,71.85,0.35,0
637,234,1339.49,465.54,31.10,25.65,0.42,0
638,67,1784.35,310.78,73.34,74.80,0.80,0
638,234,1341.48,465.42,30.49,25.06,0.37,0
639,67,1786.68,309.87,72.38,77.60,0.87,0
639,234,1342.76,465.65,32.55,24.01,0.26,0
639,243,1819.69,435.28,31.90,32.74,0.28,0
640,67,1788.15,309.34,73.28,79.08,0.91,0
640,234,1344.93,464.39,34.76,25.17,0.32,0
641,67,1792.12,309.14,72.44,78.18,0.90,0
641,234,1347.96,463.49,33.49,25.68,0.31,0
641,243,1823.74,431.94,37.19,36.10,0.29,0
642,67,1794.54,308.78,72.86,77.17,0.91,0
642,234,1350.52,465.16,30.51,24.24,0.28,0
643,67,1796.54,307.73,74.38,78.48,0.91,0
644,67,1797.85,306.96,75.47,79.47,0.93,0
645,67,1798.27,307.87,77.94,76.97,0.89,0
646,67,1799.55,307.66,80.35,77.92,0.90,0
646,243,1842.12,433.10,31.96,35.71,0.27,0
647,67,1801.48,307.52,81.45,77.41,0.85,0
647,243,1843.54,434.26,32.61,34.24,0.35,0
648,67,1807.22,307.94,78.75,79.28,0.89,0
648,243,1844.76,435.07,33.24,33.54,0.27,0
649,67,1810.18,307.99,76.79,79.59,0.91,0
649,243,1846.05,434.74,34.76,33.05,0.29,0
650,67,1813.01,306.74,75.62,80.22,0.91,0
650,243,1848.44,433.31,35.14,34.37,0.41,0
651,67,1815.54,306.51,75.06,79.67,0.92,0
652,67,1818.08,306.33,74.16,77.93,0.92,0
653,67,1819.12,306.02,76.85,78.54,0.93,0
654,67,1820.75,306.12,78.61,77.26,0.92,0
655,67,1822.25,305.54,79.43,74.01,0.89,0
656,67,1822.41,303.82,80.04,76.25,0.92,0
657,67,1825.86,302.93,79.88,78.51,0.75,0
658,67,1831.02,300.83,78.41,80.55,0.52,0
659,67,1833.71,301.13,77.04,80.03,0.87,0
660,67,1837.51,301.93,76.52,79.11,0.88,0
660,234,1388.72,464.54,31.62,23.68,0.33,0
661,67,1839.52,301.26,75.74,78.50,0.88,0
662,67,1840.49,300.24,76.23,78.04,0.89,0
663,67,1840.78,299.58,76.03,77.25,0.90,0
663,273,1435.79,421.74,27.39,25.26,0.37,0
664,67,1841.84,298.32,76.23,77.74,0.86,0
664,273,1437.76,420.93,26.92,25.27,0.28,0
665,67,1842.93,298.03,76.14,77.48,0.87,0
665,273,1438.53,421.14,27.03,25.61,0.34,0
666,67,1843.13,298.07,75.97,77.72,0.88,0
666,273,1438.18,421.11,27.24,25.87,0.32,0
667,67,1844.48,297.81,75.52,77.58,0.85,0
668,67,1846.35,297.91,73.65,76.54,0.84,0
669,67,1849.16,297.99,70.84,76.21,0.86,0
669,273,1443.51,421.19,25.65,24.82,0.30,0
670,67,1851.18,297.84,68.82,75.61,0.86,0
670,273,1444.33,421.47,25.52,24.95,0.30,0
671,67,1853.55,297.71,66.45,76.33,0.87,0
671,273,1445.01,421.23,26.15,25.90,0.34,0
672,67,1854.95,297.27,65.05,76.37,0.87,0
672,273,1444.63,420.43,27.67,26.19,0.37,0
673,67,1855.55,297.10,64.45,77.00,0.82,0
674,67,1856.14,296.63,63.86,78.03,0.36,0
675,67,1859.94,296.04,60.06,77.96,0.70,0
675,274,1874.40,376.72,45.60,46.57,0.38,0
676,67,1862.56,295.24,57.44,77.98,0.73,0
676,274,1877.80,375.41,42.20,47.52,0.27,0
676,275,0.41,465.71,27.91,48.12,0.37,0
677,67,1865.60,292.98,54.40,78.55,0.71,0
678,67,1868.79,292.68,51.21,77.57,0.71,0
679,67,1871.16,293.86,48.84,74.43,0.63,0
680,67,1875.85,294.20,44.15,76.27,0.29,0
680,273,1465.36,416.41,25.86,25.31,0.37,0
682,273,1482.24,414.88,23.31,25.76,0.26,0
685,273,1503.95,411.86,23.42,24.43,0.36,0
702,283,1610.91,443.63,35.44,25.40,0.41,0
703,283,1617.02,442.14,36.82,26.25,0.38,0
704,283,1620.12,441.69,35.91,26.56,0.33,0
706,283,1628.36,442.34,39.08,26.47,0.29,0
707,283,1629.27,443.21,40.40,26.51,0.35,0
708,283,1632.47,443.05,39.37,25.95,0.35,0
708,290,1459.14,239.64,31.49,58.99,0.34,0
714,283,1653.21,443.70,38.58,25.91,0.36,0
715,290,1481.02,240.85,30.34,55.69,0.34,0
716,290,1482.15,240.24,31.87,56.74,0.37,0
717,290,1483.48,241.47,31.88,56.80,0.27,0
719,290,1490.18,240.86,31.68,56.05,0.47,0
722,293,1724.70,404.49,27.76,25.10,0.35,0
723,290,1501.73,241.16,31.39,58.77,0.41,0
724,290,1504.90,241.41,31.76,57.67,0.45,0
729,293,1747.85,404.44,27.81,25.67,0.29,0
733,293,1763.26,405.47,28.92,24.66,0.28,0
739,290,1552.32,241.83,32.49,56.66,0.55,0
749,293,1825.82,407.31,33.09,32.44,0.39,0
750,290,1601.09,243.44,31.40,54.84,0.42,0
753,293,1849.70,408.02,34.91,33.47,0.53,0
755,293,1866.05,410.59,27.85,29.34,0.33,0
759,293,1888.51,410.03,29.94,30.96,0.38,0
842,326,855.65,457.24,42.23,48.29,0.37,0
845,326,871.36,454.97,39.35,47.08,0.50,0
849,326,892.23,453.21,43.60,47.10,0.56,0
852,326,912.55,451.57,45.79,49.12,0.65,0
855,326,932.66,448.87,51.14,50.75,0.57,0
856,326,946.25,449.47,45.27,49.00,0.28,0
883,326,1074.37,427.41,40.60,48.10,0.62,0
890,326,1101.84,424.62,34.24,46.60,0.30,0
