4,3,803.32,516.18,36.52,38.90,0.62,0
5,3,798.61,516.58,37.05,40.51,0.35,0
6,3,794.02,513.55,36.59,41.32,0.32,0
7,3,791.68,512.58,36.67,43.21,0.53,0
8,3,788.98,512.65,37.11,42.24,0.46,0
9,3,785.69,511.12,36.44,43.46,0.36,0
10,3,784.03,510.93,35.21,42.96,0.65,0
11,3,782.10,511.36,34.67,41.76,0.69,0
12,3,776.97,508.97,35.55,43.28,0.46,0
13,3,775.51,505.49,36.78,42.78,0.54,0
15,8,862.70,414.80,34.22,36.86,0.38,0
16,3,769.72,488.07,37.01,43.35,0.35,0
17,3,767.66,484.00,35.10,45.11,0.30,0
18,3,764.16,479.78,35.85,44.97,0.34,0
19,3,762.82,477.17,37.06,44.54,0.26,0
19,8,854.50,393.58,35.75,36.65,0.42,0
20,8,852.34,390.48,37.59,35.63,0.32,0
21,3,758.34,468.14,36.75,39.52,0.57,0
22,3,753.73,464.01,35.76,40.20,0.40,0
24,8,833.66,369.17,39.76,36.77,0.36,0
24,3,740.38,453.81,38.78,42.17,0.67,0
25,8,823.17,366.46,41.96,36.39,0.37,0
25,3,733.75,449.57,36.59,43.33,0.46,0
26,3,724.84,445.76,38.27,40.92,0.38,0
27,3,716.62,443.32,38.69,42.74,0.28,0
28,3,710.67,441.78,36.89,41.84,0.61,0
28,8,801.54,359.26,37.99,39.72,0.52,0
29,3,704.77,438.48,36.30,44.28,0.47,0
30,3,698.07,438.19,36.53,43.85,0.38,0
30,8,791.45,357.28,34.87,39.14,0.28,0
31,3,687.34,438.69,34.64,41.75,0.68,0
32,3,675.27,434.36,36.58,43.87,0.36,0
33,3,664.02,432.07,37.68,44.40,0.65,0
34,3,653.24,431.19,39.46,43.88,0.49,0
35,3,643.59,430.73,40.16,44.75,0.65,0
36,3,633.79,429.06,39.62,46.22,0.55,0
37,3,624.32,429.07,37.93,46.09,0.37,0
38,3,612.61,427.28,38.53,45.15,0.70,0
39,3,602.77,426.23,40.81,46.13,0.36,0
40,3,593.56,426.61,42.01,45.55,0.64,0
41,3,581.68,427.17,42.59,45.00,0.61,0
42,3,570.03,426.83,42.62,45.28,0.54,0
43,3,559.65,426.34,42.43,45.39,0.69,0
44,3,552.50,425.32,41.29,47.20,0.38,0
45,3,545.41,424.94,42.53,47.08,0.58,0
46,3,540.32,426.33,41.03,46.90,0.69,0
46,8,640.01,343.73,34.90,39.31,0.47,0
47,3,533.97,426.04,41.89,46.53,0.65,0
48,3,528.68,425.17,41.68,47.10,0.53,0
49,3,523.96,424.72,41.34,45.84,0.62,0
50,3,521.38,424.65,42.68,45.59,0.55,0
51,3,518.60,426.58,43.35,46.04,0.49,0
52,3,514.12,427.84,42.48,46.27,0.75,0
53,3,512.01,427.39,43.24,47.37,0.76,0
53,8,612.69,344.28,36.33,38.99,0.31,0
54,3,511.57,428.91,41.91,46.36,0.69,0
54,8,611.92,343.76,36.96,39.45,0.38,0
55,3,508.96,430.75,41.32,44.47,0.66,0
55,8,606.71,343.47,39.86,41.74,0.27,0
56,3,503.69,431.17,41.84,45.16,0.61,0
57,3,502.06,434.03,41.82,45.29,0.66,0
58,3,498.37,434.49,43.33,47.80,0.78,0
59,3,494.09,436.16,42.42,47.20,0.75,0
59,8,593.98,347.60,38.50,41.00,0.34,0
60,3,489.63,437.65,42.06,46.90,0.79,0
61,3,487.95,439.41,41.89,45.83,0.78,0
62,3,485.68,440.39,41.47,46.88,0.71,0
63,3,482.35,440.41,43.67,49.55,0.72,0
63,8,580.16,350.36,38.19,45.05,0.35,0
64,3,479.33,440.76,46.19,49.22,0.60,0
65,3,479.41,443.58,42.55,47.59,0.55,0
65,24,233.57,268.23,56.21,55.31,0.37,0
65,8,579.23,354.49,36.42,44.01,0.37,0
66,3,475.44,445.24,41.17,46.12,0.47,0
66,8,576.11,355.54,36.07,45.21,0.42,0
67,3,471.36,444.91,42.49,47.32,0.48,0
67,8,571.77,356.72,37.04,43.90,0.50,0
68,3,470.32,446.05,42.83,47.49,0.68,0
68,8,569.06,357.02,37.75,44.12,0.43,0
69,3,465.02,447.67,43.33,47.45,0.69,0
70,3,462.04,449.58,42.37,44.64,0.76,0
70,8,562.37,359.57,38.79,43.17,0.27,0
71,3,459.77,449.49,43.65,45.57,0.77,0
71,8,558.38,360.29,40.98,43.88,0.36,0
72,3,455.40,449.97,42.67,44.96,0.63,0
72,8,555.42,360.55,40.43,42.88,0.51,0
73,3,454.58,450.42,43.62,45.70,0.67,0
73,8,555.40,361.79,40.59,43.48,0.52,0
74,3,452.17,452.10,43.26,46.21,0.77,0
74,8,555.23,364.25,40.50,41.73,0.42,0
75,3,444.21,452.97,43.86,47.91,0.66,0
76,3,444.14,455.25,44.00,48.75,0.79,0
76,8,547.42,366.67,38.06,42.39,0.37,0
77,3,445.22,459.63,43.03,47.44,0.71,0
77,8,546.95,369.14,39.27,42.83,0.26,0
78,3,440.82,461.98,43.17,47.48,0.78,0
79,3,437.40,462.70,44.40,50.64,0.69,0
80,3,437.26,467.34,44.13,47.11,0.55,0
80,24,178.60,287.36,61.38,86.90,0.51,0
81,3,437.56,473.00,41.59,45.73,0.67,0
82,3,437.04,476.73,43.02,46.68,0.81,0
83,3,437.14,479.92,45.46,47.65,0.68,0
83,8,543.05,393.09,35.33,38.12,0.36,0
84,3,438.14,482.14,43.40,46.63,0.63,0
85,3,443.88,483.79,41.78,46.58,0.68,0
85,8,545.98,393.49,38.07,40.87,0.40,0
86,3,451.41,485.81,42.43,47.08,0.70,0
86,8,553.80,391.61,38.42,45.39,0.27,0
87,3,459.75,486.82,42.88,50.23,0.70,0
88,3,469.63,491.67,44.02,46.95,0.28,0
89,3,480.73,495.12,40.95,46.18,0.66,0
89,8,581.44,401.81,34.69,45.91,0.34,0
90,3,486.76,497.92,42.49,45.35,0.72,0
91,3,491.97,498.81,42.10,46.17,0.72,0
91,8,593.58,409.70,37.75,42.94,0.51,0
92,3,497.36,500.09,43.75,47.30,0.75,0
92,8,601.50,409.65,35.59,44.67,0.28,0
93,3,507.94,501.99,42.91,45.70,0.74,0
94,3,518.55,501.11,44.33,46.52,0.76,0
94,8,619.16,411.77,36.72,42.14,0.43,0
95,3,530.35,503.18,43.53,45.27,0.55,0
96,3,539.94,502.29,43.22,46.38,0.66,0
97,3,548.74,502.84,44.05,46.50,0.68,0
98,3,555.76,503.61,43.24,46.45,0.76,0
99,3,558.09,503.03,42.92,46.32,0.77,0
99,8,658.99,415.54,33.90,37.77,0.27,0
100,3,559.41,501.83,43.62,46.97,0.68,0
100,8,661.10,415.00,35.07,38.47,0.38,0
101,3,561.82,501.63,43.01,47.11,0.72,0
101,8,663.48,415.94,34.81,37.53,0.46,0
102,3,562.42,501.63,43.43,47.84,0.74,0
102,8,664.26,416.34,34.12,37.08,0.33,0
103,3,561.47,501.50,43.41,47.11,0.72,0
103,8,663.66,416.17,34.32,36.98,0.49,0
104,3,561.63,501.55,43.49,47.71,0.71,0
104,8,663.96,416.27,34.22,36.75,0.49,0
105,3,560.64,501.67,43.98,46.71,0.69,0
105,8,663.25,416.10,34.64,37.32,0.60,0
106,3,559.44,501.88,43.80,46.19,0.68,0
106,8,662.25,415.49,35.41,38.13,0.59,0
107,3,558.41,501.75,43.74,45.93,0.69,0
107,8,661.35,414.18,35.93,39.31,0.56,0
108,3,557.65,501.88,42.72,45.57,0.72,0
108,8,660.19,413.33,36.25,39.00,0.49,0
109,3,558.40,502.19,42.78,45.14,0.68,0
109,8,660.32,414.07,36.51,39.89,0.46,0
110,3,557.67,503.33,42.90,45.21,0.65,0
110,8,659.95,414.70,36.89,40.62,0.44,0
111,3,555.87,504.00,43.53,46.22,0.59,0
111,8,656.10,414.65,39.12,40.61,0.29,0
112,3,556.64,504.47,42.82,45.57,0.62,0
112,8,655.66,414.83,38.98,40.86,0.30,0
113,3,556.74,505.05,43.44,46.85,0.60,0
113,8,656.53,415.08,38.45,40.63,0.41,0
114,3,556.30,505.11,43.53,47.25,0.59,0
114,8,656.23,414.90,38.78,40.36,0.38,0
115,3,553.43,505.29,45.15,48.34,0.51,0
115,8,654.11,415.47,38.95,40.98,0.28,0
118,8,649.59,415.51,42.60,45.88,0.27,0
119,8,649.35,415.12,43.24,47.19,0.27,0
120,3,548.23,508.59,43.06,47.41,0.34,0
121,3,547.06,508.65,43.32,47.87,0.49,0
122,3,545.35,509.53,43.17,46.94,0.58,0
122,8,648.92,414.84,39.01,45.55,0.27,0
123,3,544.46,508.54,43.76,47.84,0.63,0
123,8,648.86,415.06,37.61,44.77,0.35,0
124,3,543.84,507.72,42.48,47.26,0.63,0
124,8,647.69,414.81,37.31,44.36,0.39,0
125,3,542.40,505.48,43.07,48.07,0.73,0
125,8,645.39,414.59,37.66,43.04,0.44,0
126,3,541.75,503.37,43.51,48.68,0.61,0
126,8,644.54,414.96,37.22,41.50,0.36,0
127,3,541.78,502.27,43.94,47.79,0.67,0
127,8,643.25,412.89,38.55,42.68,0.46,0
128,3,538.66,502.05,45.37,48.12,0.61,0
128,8,641.99,410.66,39.20,44.43,0.59,0
129,3,535.38,503.46,46.65,47.82,0.34,0
129,8,640.49,412.97,36.11,42.33,0.59,0
130,3,534.18,502.93,47.88,48.96,0.43,0
131,3,533.56,503.60,47.25,47.18,0.52,0
132,3,531.81,503.72,46.27,46.91,0.49,0
133,3,531.19,503.11,47.55,46.10,0.57,0
134,3,532.50,503.63,43.79,44.10,0.47,0
141,8,636.78,400.46,40.09,47.02,0.44,0
144,8,636.62,395.96,39.23,42.18,0.26,0
145,8,638.48,395.15,38.45,43.19,0.39,0
146,8,639.12,394.60,37.27,42.54,0.30,0
146,3,532.29,486.39,42.57,50.21,0.65,0
147,8,638.12,393.58,37.51,42.63,0.45,0
147,33,165.14,655.64,116.29,80.80,0.73,0
147,3,528.45,486.25,45.63,50.11,0.68,0
148,8,639.71,394.34,36.66,42.27,0.42,0
148,33,165.78,657.53,92.60,74.38,0.51,0
148,3,528.76,487.11,45.87,49.77,0.58,0
149,8,639.19,393.24,38.09,43.47,0.44,0
149,3,528.66,486.55,46.13,50.11,0.63,0
150,8,638.77,392.94,37.61,43.28,0.39,0
150,3,527.72,485.35,45.92,50.55,0.60,0
151,8,637.38,393.77,37.69,41.90,0.52,0
151,3,525.96,485.61,46.63,51.30,0.50,0
152,8,634.37,392.81,40.26,43.30,0.52,0
152,3,524.39,484.54,48.46,52.69,0.55,0
153,8,632.88,392.07,40.72,43.78,0.53,0
153,3,524.19,484.60,46.55,50.19,0.44,0
154,8,630.71,390.93,40.96,43.22,0.63,0
155,8,629.11,390.18,41.60,42.48,0.59,0
155,3,522.82,481.81,46.26,49.33,0.47,0
156,8,628.58,388.11,41.53,42.66,0.60,0
156,3,522.84,480.47,46.89,49.82,0.43,0
157,8,628.20,386.52,43.41,43.95,0.40,0
157,3,522.14,478.81,47.11,47.29,0.61,0
158,8,628.74,385.02,43.81,44.28,0.54,0
158,3,522.47,477.25,46.51,46.22,0.62,0
159,8,628.24,383.00,43.40,46.15,0.57,0
159,3,521.18,475.89,46.80,49.93,0.43,0
160,8,627.47,379.65,38.99,48.33,0.41,0
160,3,516.45,474.75,48.14,49.90,0.66,0
161,8,627.89,378.60,37.62,49.44,0.41,0
161,3,515.83,473.62,49.03,49.90,0.64,0
162,8,629.13,378.47,36.41,49.29,0.31,0
162,3,517.57,473.28,48.01,50.01,0.55,0
163,8,624.99,377.36,36.90,47.62,0.55,0
163,3,511.69,471.70,50.50,52.36,0.65,0
164,8,623.15,376.75,37.60,46.63,0.68,0
164,3,511.05,470.90,50.73,51.80,0.54,0
165,8,622.23,375.30,38.41,47.09,0.67,0
165,3,510.87,470.14,48.86,51.11,0.44,0
166,8,622.00,373.02,37.49,45.59,0.26,0
166,3,511.07,468.16,46.86,49.06,0.43,0
167,8,620.84,371.29,39.05,45.72,0.46,0
167,3,511.73,467.73,47.41,48.17,0.46,0
168,8,621.65,370.12,39.37,44.49,0.68,0
168,3,510.96,467.70,49.04,45.55,0.59,0
169,8,620.57,366.93,39.49,46.87,0.71,0
169,3,509.94,463.00,50.13,49.31,0.75,0
170,8,621.32,365.23,39.41,46.91,0.73,0
170,3,510.76,461.78,49.21,49.07,0.72,0
171,8,620.93,364.70,39.06,46.33,0.73,0
171,3,509.81,460.43,49.29,50.82,0.72,0
172,8,619.68,363.87,39.47,46.10,0.69,0
172,3,508.79,459.63,47.84,51.20,0.71,0
173,8,618.80,362.96,39.94,46.06,0.68,0
173,3,508.31,459.83,46.48,49.66,0.45,0
174,8,617.96,360.69,41.00,46.63,0.62,0
174,3,508.33,456.72,46.42,49.90,0.56,0
175,8,617.84,358.15,40.12,45.67,0.74,0
175,3,507.21,453.87,46.33,48.87,0.73,0
176,8,617.57,355.77,38.75,45.60,0.72,0
176,3,507.14,452.17,45.31,48.06,0.79,0
177,8,616.39,353.91,37.98,44.72,0.73,0
177,3,505.69,450.54,45.49,47.89,0.77,0
178,8,616.92,350.91,36.54,44.87,0.40,0
178,3,505.46,448.54,44.96,47.80,0.69,0
179,8,616.20,347.48,38.29,43.87,0.58,0
179,3,504.92,445.14,44.34,47.37,0.42,0
180,8,615.62,344.03,38.94,44.34,0.64,0
180,3,502.73,440.02,47.69,50.25,0.74,0
181,8,615.07,343.53,39.42,44.76,0.65,0
181,3,501.13,438.29,49.05,51.87,0.74,0
182,8,608.04,341.39,40.62,44.37,0.63,0
182,3,494.82,435.85,50.37,53.30,0.82,0
183,8,608.89,341.16,40.11,43.89,0.65,0
183,3,496.70,435.77,50.52,52.43,0.60,0
184,8,608.31,340.97,40.80,43.90,0.61,0
184,3,496.75,435.90,50.63,52.62,0.66,0
184,47,496.13,435.50,54.29,53.30,0.48,0
185,8,603.77,338.32,43.18,45.86,0.62,0
185,3,492.17,434.15,50.36,53.28,0.78,0
186,8,603.01,337.84,39.08,44.81,0.29,0
186,3,487.05,431.85,51.05,54.53,0.71,0
187,8,600.91,336.34,37.92,44.19,0.47,0
187,3,484.03,430.76,49.83,53.42,0.69,0
188,8,597.36,332.70,38.66,46.33,0.71,0
188,3,482.77,430.66,48.05,51.33,0.82,0
189,8,595.50,332.39,38.80,45.60,0.80,0
189,3,483.04,430.66,45.23,48.71,0.77,0
190,8,592.88,330.86,39.37,46.82,0.70,0
190,3,481.04,428.98,46.44,49.12,0.74,0
191,8,591.16,330.54,38.53,46.17,0.69,0
191,3,476.21,427.44,49.47,50.23,0.64,0
192,8,589.99,329.60,36.70,45.36,0.45,0
192,3,474.28,425.16,49.35,50.12,0.65,0
193,8,587.80,328.05,37.45,45.79,0.32,0
193,3,472.51,423.63,48.07,49.69,0.70,0
194,3,468.87,423.30,47.64,49.65,0.73,0
195,3,463.38,420.32,48.68,50.27,0.57,0
195,8,579.08,321.53,40.54,48.48,0.31,0
196,3,463.16,419.06,48.79,50.02,0.28,0
196,8,578.36,320.39,40.59,48.02,0.35,0
197,3,459.54,418.08,47.55,50.79,0.55,0
197,8,574.08,318.57,41.74,48.74,0.66,0
198,3,455.73,415.66,46.82,52.49,0.70,0
198,8,571.66,317.16,41.15,49.08,0.73,0
199,3,454.37,415.46,47.25,53.07,0.70,0
199,8,570.68,318.80,40.95,47.92,0.76,0
200,3,450.71,414.47,49.87,53.77,0.50,0
200,8,567.71,317.65,41.41,48.28,0.78,0
201,3,447.84,414.09,49.36,52.93,0.79,0
201,8,563.16,316.69,42.23,47.22,0.77,0
202,3,446.81,413.74,49.07,51.97,0.81,0
202,8,561.15,316.90,42.79,45.87,0.73,0
203,3,443.23,412.54,49.83,52.29,0.79,0
203,8,557.87,316.10,43.52,46.08,0.73,0
204,3,437.27,410.84,52.53,53.77,0.79,0
204,8,556.42,315.30,41.63,45.25,0.59,0
205,3,435.15,410.68,50.97,54.03,0.76,0
205,8,555.03,314.55,41.27,45.73,0.43,0
206,3,432.67,411.11,48.78,52.86,0.74,0
206,8,552.94,312.68,42.45,46.92,0.26,0
207,3,431.18,409.31,47.27,53.26,0.71,0
207,8,548.12,310.79,43.29,47.07,0.31,0
208,3,429.33,408.08,49.03,52.77,0.78,0
208,8,546.27,308.89,42.66,47.67,0.56,0
209,3,426.93,407.22,48.73,51.85,0.59,0
209,8,544.12,308.70,42.85,46.90,0.70,0
210,3,424.84,404.76,50.61,52.35,0.78,0
210,8,543.74,307.89,40.93,46.15,0.73,0
211,3,424.12,401.98,49.94,52.17,0.76,0
211,8,542.28,306.87,41.66,45.65,0.56,0
212,3,422.19,400.00,50.84,54.40,0.76,0
212,8,541.21,304.39,40.14,46.59,0.32,0
213,3,417.35,397.33,51.33,52.83,0.81,0
214,3,415.48,396.60,51.04,51.81,0.69,0
214,8,533.97,298.79,43.17,44.74,0.39,0
215,3,408.92,394.60,48.87,51.70,0.55,0
215,8,528.88,294.62,43.46,49.95,0.39,0
216,3,402.32,390.61,52.68,54.79,0.78,0
216,8,524.25,294.11,43.19,47.09,0.40,0
217,3,401.35,390.43,53.38,54.95,0.69,0
217,8,523.45,293.98,43.21,46.62,0.43,0
218,3,388.69,389.25,56.86,56.85,0.76,0
218,8,510.91,294.98,44.32,43.68,0.40,0
219,3,385.06,391.59,53.06,55.57,0.52,0
219,8,506.81,295.06,43.96,46.44,0.70,0
220,3,381.77,394.95,49.77,51.67,0.37,0
220,8,503.56,294.43,43.12,48.52,0.50,0
221,3,378.19,397.41,49.73,51.50,0.71,0
221,8,499.33,295.77,41.54,47.25,0.55,0
222,3,376.27,398.52,49.27,51.64,0.76,0
222,8,496.89,297.15,41.18,46.31,0.61,0
223,3,374.77,399.39,47.51,50.93,0.69,0
223,8,494.49,296.57,41.73,47.28,0.58,0
224,3,370.50,399.37,48.16,50.37,0.70,0
224,8,490.77,296.13,42.33,46.36,0.60,0
225,3,367.14,398.60,50.57,50.55,0.72,0
225,8,487.38,295.96,43.70,46.15,0.45,0
226,3,364.34,398.99,50.99,50.35,0.77,0
226,8,484.31,297.26,43.29,44.30,0.60,0
227,3,363.75,400.16,51.55,50.80,0.75,0
227,8,483.67,298.54,42.57,44.20,0.54,0
228,3,362.06,400.85,50.75,50.84,0.74,0
228,8,482.06,297.57,41.98,46.43,0.53,0
229,3,359.82,401.96,50.22,49.94,0.79,0
229,8,479.86,297.56,42.99,47.33,0.45,0
230,3,357.10,401.99,51.04,50.88,0.79,0
230,8,476.94,297.25,42.88,47.72,0.35,0
231,3,353.35,400.95,51.94,53.05,0.71,0
231,8,474.22,297.34,42.84,47.25,0.52,0
232,3,348.16,399.62,52.66,52.80,0.83,0
232,8,471.04,296.80,41.58,47.35,0.40,0
233,3,347.32,399.42,52.45,51.83,0.81,0
233,8,470.85,296.22,40.62,47.24,0.36,0
234,3,346.18,399.58,52.39,50.96,0.78,0
234,8,470.35,296.07,40.63,46.80,0.54,0
235,3,343.43,400.19,51.95,49.90,0.69,0
235,8,469.08,297.73,39.54,43.41,0.51,0
236,3,341.82,400.43,51.84,49.14,0.77,0
236,8,467.11,298.24,40.76,43.11,0.37,0
237,3,340.91,400.75,49.68,49.21,0.78,0
237,8,464.63,297.69,42.11,43.45,0.43,0
238,3,339.80,400.86,50.25,50.51,0.74,0
238,8,462.34,297.00,41.56,44.22,0.66,0
239,3,338.74,400.91,49.55,50.55,0.73,0
239,8,460.77,295.91,41.89,45.73,0.71,0
240,3,335.29,399.00,50.75,50.95,0.65,0
240,8,459.40,295.04,41.20,46.40,0.67,0
241,3,333.63,397.98,50.10,50.20,0.28,0
241,8,459.06,294.60,40.74,46.91,0.63,0
242,3,332.56,397.18,49.85,50.53,0.37,0
242,8,458.20,293.78,41.46,47.50,0.66,0
243,3,331.68,396.47,50.25,50.13,0.49,0
243,8,457.35,293.32,41.02,46.58,0.52,0
244,3,330.52,396.53,49.87,50.30,0.63,0
244,8,454.88,292.01,42.12,47.80,0.26,0
244,64,328.84,395.47,53.89,50.92,0.35,0
245,3,329.20,395.32,49.88,51.41,0.54,0
246,3,327.86,394.09,51.46,52.03,0.27,0
246,8,450.64,290.80,42.05,46.02,0.47,0
247,3,325.17,390.57,53.13,53.58,0.81,0
247,8,449.53,287.59,41.95,46.97,0.58,0
248,3,322.54,388.91,54.77,53.96,0.78,0
248,8,449.37,286.27,41.41,46.14,0.51,0
249,3,316.35,386.98,55.15,54.77,0.77,0
249,8,445.11,284.62,41.78,45.46,0.70,0
250,3,313.94,385.91,54.90,55.05,0.83,0
250,8,442.47,284.44,41.47,44.55,0.36,0
251,3,314.93,387.19,53.86,53.19,0.79,0
251,8,443.14,285.23,40.83,43.61,0.57,0
252,3,313.21,387.26,53.54,53.29,0.81,0
252,8,440.97,284.14,42.08,45.16,0.60,0
253,3,312.33,387.34,53.48,53.30,0.80,0
253,8,440.17,283.60,41.91,45.95,0.48,0
254,3,310.79,387.58,51.85,52.35,0.77,0
254,8,438.74,284.28,42.39,45.80,0.52,0
255,3,307.16,386.17,52.54,53.56,0.77,0
255,8,436.03,282.27,42.12,47.44,0.57,0
256,3,304.71,385.62,52.62,53.10,0.63,0
256,8,432.20,279.08,43.49,48.96,0.34,0
257,3,304.68,386.09,51.54,52.69,0.54,0
257,8,430.74,278.37,44.37,48.99,0.35,0
257,66,304.55,385.71,52.40,52.83,0.43,0
258,3,304.89,385.85,50.60,52.59,0.71,0
258,8,430.87,278.56,44.01,47.85,0.36,0
259,3,304.46,385.18,51.25,53.12,0.77,0
259,8,429.61,279.23,44.19,46.63,0.26,0
260,3,304.46,384.60,51.12,53.49,0.82,0
261,3,304.28,383.71,51.15,54.15,0.81,0
261,8,428.03,274.29,48.30,51.42,0.30,0
262,3,304.08,381.32,51.84,54.71,0.73,0
262,8,427.88,273.14,49.42,51.80,0.61,0
263,3,308.97,381.28,50.68,53.06,0.68,0
263,8,432.12,273.24,47.61,51.17,0.62,0
264,3,313.46,379.77,52.87,55.59,0.82,0
264,8,436.24,272.12,47.91,52.31,0.64,0
265,3,319.00,378.55,55.50,56.30,0.84,0
265,8,446.28,273.29,46.04,51.37,0.55,0
266,3,324.60,378.40,54.46,56.59,0.74,0
266,8,450.14,272.36,47.28,50.99,0.63,0
267,3,331.60,380.11,51.50,54.18,0.73,0
267,8,454.18,271.37,48.84,51.97,0.77,0
268,3,334.69,379.48,51.67,54.16,0.79,0
268,8,457.79,271.65,47.87,51.06,0.76,0
269,3,338.78,378.37,53.04,55.51,0.83,0
269,8,461.68,272.87,47.82,49.10,0.76,0
270,3,341.47,377.28,56.08,57.28,0.82,0
270,8,467.76,271.83,47.19,49.58,0.78,0
271,3,348.66,376.19,56.66,56.00,0.69,0
271,8,473.64,270.76,47.32,49.70,0.78,0
272,3,359.39,376.01,55.52,55.91,0.80,0
272,8,482.24,270.58,46.74,49.85,0.84,0
273,3,365.91,375.29,56.16,55.79,0.78,0
273,8,492.46,269.66,45.29,49.24,0.82,0
274,3,377.90,376.26,53.05,50.98,0.58,0
274,8,499.69,268.34,47.20,50.34,0.66,0
275,3,386.54,376.07,53.07,52.73,0.80,0
275,8,507.73,268.80,46.67,50.24,0.81,0
276,3,391.42,374.27,54.09,52.37,0.74,0
276,8,515.07,266.60,46.61,50.27,0.87,0
277,3,398.03,372.91,55.66,52.79,0.72,0
277,8,520.54,265.99,46.67,50.04,0.82,0
278,3,403.83,371.64,53.77,52.90,0.36,0
278,8,525.72,265.15,45.85,49.57,0.45,0
279,3,407.73,370.75,51.46,53.10,0.75,0
279,8,530.27,264.40,44.74,49.64,0.79,0
280,3,408.81,368.13,53.62,55.12,0.35,0
280,8,532.06,262.80,44.93,49.53,0.84,0
281,3,409.23,365.34,56.53,56.20,0.81,0
281,8,533.40,260.32,47.40,49.90,0.85,0
282,3,410.46,364.08,57.48,55.57,0.78,0
282,8,534.56,258.93,49.11,49.05,0.83,0
283,3,413.59,363.40,58.27,54.72,0.79,0
283,8,539.40,258.90,45.69,48.14,0.83,0
284,3,411.82,362.41,59.19,54.79,0.76,0
284,8,538.12,257.03,47.04,48.45,0.78,0
285,3,411.30,361.67,59.38,55.10,0.79,0
285,8,538.04,255.66,47.34,48.72,0.74,0
286,3,410.54,361.27,58.64,55.01,0.77,0
286,8,538.04,254.91,47.39,48.76,0.68,0
287,3,410.94,361.15,59.47,55.19,0.79,0
287,8,539.18,255.26,46.13,48.28,0.66,0
288,3,408.93,361.04,57.64,55.55,0.78,0
288,8,536.63,254.81,47.62,48.58,0.67,0
289,3,406.62,360.15,57.33,56.52,0.84,0
289,8,533.64,252.80,47.70,49.51,0.62,0
290,3,406.32,360.49,57.10,56.66,0.85,0
290,8,532.72,252.64,46.30,49.34,0.57,0
291,3,406.45,359.81,56.11,56.50,0.85,0
291,8,532.03,251.79,46.07,48.68,0.53,0
292,3,406.06,357.94,56.29,57.07,0.85,0
292,8,530.67,249.91,46.15,49.97,0.65,0
293,3,406.51,355.54,57.56,58.56,0.85,0
293,8,530.96,248.82,46.26,50.00,0.74,0
294,3,407.06,354.72,58.19,58.97,0.85,0
294,8,531.43,248.77,45.56,48.97,0.76,0
295,3,406.80,354.06,57.52,58.34,0.86,0
295,8,531.10,247.52,45.91,50.19,0.79,0
296,3,406.30,353.47,57.59,58.27,0.86,0
296,8,530.45,246.78,46.73,50.72,0.80,0
297,3,406.58,353.41,57.63,57.86,0.85,0
297,8,530.61,246.77,47.42,50.37,0.76,0
298,3,404.99,353.13,56.54,56.41,0.83,0
298,8,530.75,245.65,46.50,51.33,0.76,0
299,3,405.85,352.63,56.71,55.63,0.84,0
300,3,406.37,353.00,57.50,55.80,0.81,0
301,3,403.81,353.19,57.03,54.71,0.81,0
302,3,403.90,353.83,53.90,51.45,0.80,0
306,8,540.15,245.48,35.01,46.86,0.51,0
307,8,531.05,243.06,42.21,50.23,0.73,0
308,8,529.62,242.12,43.54,51.14,0.63,0
309,8,528.06,241.29,44.88,51.57,0.57,0
310,8,527.00,240.27,45.85,51.24,0.53,0
310,3,415.66,350.34,38.26,50.75,0.51,0
311,8,526.47,239.16,46.50,51.09,0.58,0
311,3,400.99,347.95,50.37,52.69,0.76,0
312,8,525.51,237.76,47.08,51.19,0.38,0
313,8,524.40,235.58,47.51,51.62,0.47,0
313,3,393.93,342.66,56.92,56.13,0.25,0
314,8,523.02,233.75,46.60,50.28,0.70,0
314,3,391.23,340.44,57.18,56.95,0.75,0
315,8,521.99,232.49,46.32,49.94,0.66,0
315,3,388.29,338.83,58.71,57.52,0.72,0
316,8,522.75,233.39,46.31,49.31,0.71,0
316,3,389.12,339.50,58.16,57.54,0.73,0
317,8,520.97,232.51,46.82,49.85,0.42,0
317,3,384.74,339.38,59.44,58.07,0.78,0
318,8,513.48,230.21,50.13,52.10,0.26,0
318,3,379.37,337.86,59.13,59.40,0.85,0
319,8,516.53,232.56,48.57,50.72,0.38,0
319,3,381.49,339.54,57.26,58.28,0.78,0
320,8,514.35,231.97,49.44,50.13,0.47,0
320,3,380.07,339.31,56.60,58.68,0.82,0
321,8,512.98,231.95,49.48,49.39,0.43,0
321,3,379.08,340.23,55.50,57.53,0.85,0
322,8,510.80,233.29,49.37,49.51,0.63,0
322,3,377.78,341.35,53.92,56.78,0.83,0
323,8,509.97,233.54,49.07,49.72,0.60,0
323,3,376.40,341.36,53.50,56.85,0.75,0
324,8,509.60,234.18,49.56,49.86,0.68,0
324,3,376.33,341.74,53.58,57.13,0.76,0
325,8,509.26,234.46,50.09,50.33,0.70,0
325,3,376.13,341.85,53.50,58.51,0.47,0
326,8,508.98,234.29,49.70,50.69,0.66,0
326,3,376.25,341.88,52.09,55.97,0.37,0
327,8,509.16,234.31,49.13,50.71,0.67,0
328,8,508.71,234.81,48.10,50.32,0.53,0
329,8,508.68,234.90,47.61,50.40,0.51,0
330,8,509.72,234.57,47.33,49.68,0.55,0
331,8,511.66,234.69,47.05,49.27,0.48,0
332,8,514.30,235.12,47.75,51.21,0.71,0
333,8,517.10,234.88,46.85,51.44,0.63,0
334,8,517.83,235.11,46.92,52.55,0.53,0
335,8,520.01,236.65,46.51,53.73,0.41,0
335,3,389.03,349.60,50.96,56.44,0.33,0
336,8,521.95,236.23,47.44,54.60,0.37,0
336,3,386.95,348.74,55.65,57.33,0.77,0
337,8,524.20,236.40,49.98,55.83,0.54,0
337,3,387.70,349.76,56.93,56.53,0.76,0
338,8,528.99,237.50,47.56,56.18,0.60,0
338,3,390.25,348.51,59.83,59.22,0.79,0
339,8,531.51,237.58,48.31,56.14,0.79,0
339,3,396.79,348.94,57.34,57.50,0.76,0
340,8,534.83,237.32,49.54,56.10,0.71,0
340,3,403.38,350.05,56.03,56.12,0.79,0
341,8,541.63,238.34,47.15,55.02,0.74,0
341,3,407.54,351.14,56.63,55.72,0.81,0
342,8,545.17,236.92,48.52,56.69,0.67,0
342,3,410.73,351.04,56.26,55.95,0.83,0
343,8,549.14,238.43,47.90,55.36,0.37,0
343,3,414.30,350.10,56.01,56.25,0.79,0
344,8,551.29,237.46,48.37,56.24,0.62,0
344,3,416.44,350.02,56.55,55.09,0.66,0
345,8,552.30,237.07,48.08,56.50,0.70,0
345,3,416.93,349.51,57.55,55.63,0.76,0
346,8,552.55,236.45,49.20,56.88,0.76,0
346,3,416.92,348.97,58.51,55.95,0.80,0
347,8,552.60,235.95,50.14,57.09,0.79,0
347,3,418.69,348.49,57.95,55.74,0.78,0
348,8,553.23,236.34,49.81,56.58,0.74,0
348,3,420.75,349.21,56.89,55.29,0.79,0
349,8,554.05,236.90,50.27,56.92,0.76,0
349,3,423.18,350.10,54.55,54.62,0.76,0
350,8,551.78,235.73,51.70,57.73,0.77,0
350,3,417.96,348.80,57.89,57.14,0.78,0
351,8,549.95,234.64,51.94,57.83,0.65,0
351,3,414.42,347.18,60.41,59.42,0.82,0
352,8,551.17,235.91,51.47,57.61,0.80,0
352,3,415.43,348.36,60.56,58.45,0.80,0
353,8,552.69,236.23,51.73,57.88,0.77,0
353,3,415.96,348.49,60.44,58.07,0.79,0
354,8,550.77,235.99,51.55,57.79,0.77,0
354,3,413.89,348.53,60.34,58.25,0.80,0
355,8,548.29,235.98,51.72,58.16,0.62,0
355,3,411.61,350.07,58.42,57.10,0.83,0
356,8,546.76,236.29,50.51,57.35,0.60,0
356,3,408.53,351.20,58.35,56.41,0.81,0
356,84,1187.37,343.19,37.77,42.71,0.37,0
357,8,544.71,235.84,51.31,57.68,0.66,0
357,3,406.18,351.58,58.53,55.87,0.82,0
358,8,544.52,235.98,50.91,57.72,0.64,0
358,3,405.83,351.93,58.25,55.80,0.83,0
359,8,544.74,236.06,50.58,57.58,0.65,0
359,3,406.13,352.04,58.03,55.54,0.83,0
360,8,544.40,235.63,50.67,57.70,0.72,0
360,3,404.78,350.88,58.74,56.06,0.82,0
360,84,1187.22,340.10,38.39,46.35,0.36,0
361,8,543.46,234.76,51.09,58.05,0.75,0
361,3,403.01,349.34,60.28,56.73,0.79,0
361,84,1188.18,340.31,36.65,44.70,0.52,0
362,8,541.95,234.23,52.16,58.64,0.73,0
362,3,401.95,348.04,62.47,57.87,0.83,0
362,84,1188.54,341.16,35.92,42.20,0.44,0
363,8,542.75,234.56,51.27,58.41,0.70,0
363,3,402.15,348.29,61.71,56.86,0.80,0
363,84,1188.75,340.90,35.76,42.12,0.33,0
364,8,543.49,234.27,50.51,58.19,0.68,0
364,3,403.31,347.50,59.89,56.31,0.76,0
365,8,544.85,234.88,50.14,57.65,0.62,0
365,3,405.04,348.43,58.34,55.00,0.77,0
366,8,543.18,235.07,49.74,58.34,0.72,0
366,3,402.32,347.71,60.38,57.41,0.82,0
366,84,1191.68,341.17,32.34,42.67,0.29,0
367,8,540.11,235.14,41.14,54.92,0.38,0
367,3,400.88,346.95,58.90,57.33,0.53,0
367,84,1192.06,340.54,32.25,43.21,0.26,0
368,3,402.62,348.49,56.44,55.81,0.64,0
368,84,1191.39,341.03,32.56,43.16,0.35,0
369,3,402.07,349.32,55.42,54.74,0.47,0
369,84,1190.88,341.59,33.17,42.15,0.34,0
369,86,401.24,349.03,55.83,55.15,0.34,0
370,3,402.40,349.90,54.47,54.29,0.53,0
370,84,1191.45,342.50,32.24,41.12,0.35,0
371,3,402.66,349.68,54.18,53.70,0.60,0
372,3,404.01,350.59,48.41,51.87,0.67,0
382,8,536.03,228.96,51.16,55.85,0.75,0
383,8,530.88,222.45,55.37,59.83,0.73,0
384,8,529.10,220.19,56.84,60.29,0.77,0
387,84,1200.68,333.03,35.79,41.99,0.51,0
387,3,388.17,338.67,62.50,60.14,0.70,0
388,84,1202.53,333.76,34.84,44.77,0.40,0
388,3,390.79,339.13,60.75,59.75,0.72,0
389,3,388.80,338.91,57.88,58.72,0.63,0
390,3,398.61,340.68,55.41,58.08,0.50,0
390,94,544.85,225.98,51.37,56.09,0.58,0
391,3,403.28,341.26,55.26,57.76,0.77,0
391,94,546.78,225.02,50.15,55.62,0.59,0
392,3,405.48,340.66,56.12,58.08,0.80,0
392,94,547.96,222.91,51.82,58.60,0.39,0
393,3,410.42,340.69,58.32,57.37,0.74,0
394,3,414.26,340.05,59.92,58.00,0.68,0
395,3,421.62,339.90,56.95,58.26,0.59,0
396,3,426.66,340.12,57.31,58.23,0.77,0
396,94,569.09,221.58,53.06,58.40,0.31,0
397,3,430.63,339.56,59.19,58.95,0.73,0
397,94,570.46,220.97,54.54,59.98,0.70,0
398,3,434.88,339.55,60.62,59.51,0.67,0
398,94,575.94,220.05,56.54,61.98,0.57,0
399,3,435.31,338.28,63.18,60.41,0.69,0
399,94,578.03,220.09,56.24,60.49,0.72,0
400,3,444.66,339.36,57.92,59.78,0.46,0
400,94,585.68,220.43,54.83,60.96,0.28,0
401,3,451.72,339.68,59.72,60.29,0.84,0
401,94,593.20,221.98,54.09,59.85,0.47,0
402,3,454.77,339.21,60.35,61.73,0.74,0
402,94,595.73,221.35,54.26,59.95,0.69,0
403,3,457.66,338.59,60.29,59.34,0.79,0
403,94,598.22,221.11,53.59,59.16,0.73,0
404,3,458.53,337.41,60.05,58.66,0.69,0
404,94,599.19,219.77,53.13,59.33,0.67,0
404,100,1282.08,319.88,37.38,42.92,0.49,0
405,3,459.56,334.64,61.03,60.07,0.78,0
405,94,601.37,217.61,52.83,58.67,0.76,0
406,3,460.63,334.06,61.83,58.98,0.77,0
406,94,603.53,216.35,51.99,57.49,0.79,0
407,3,461.38,331.72,61.78,60.62,0.72,0
407,94,603.37,213.94,52.82,57.65,0.82,0
407,101,1141.56,297.43,33.89,39.48,0.47,0
408,3,463.21,329.60,61.55,61.93,0.75,0
408,94,603.21,212.41,53.22,57.32,0.82,0
409,3,463.32,328.45,61.26,62.56,0.79,0
409,94,603.79,210.99,52.88,58.02,0.80,0
410,3,463.10,328.48,60.57,61.64,0.83,0
410,94,603.78,210.70,52.36,57.77,0.84,0
411,3,463.17,328.01,59.23,60.90,0.80,0
411,94,603.42,210.69,52.02,56.27,0.87,0
412,3,461.52,326.11,60.67,61.15,0.74,0
412,94,603.19,208.94,51.66,56.49,0.80,0
413,3,462.41,326.53,60.09,61.42,0.74,0
413,94,604.31,209.55,51.38,56.13,0.80,0
414,3,460.32,324.15,62.26,64.06,0.72,0
414,94,603.53,206.48,53.49,57.89,0.66,0
415,3,461.32,322.91,62.64,61.47,0.69,0
415,94,604.46,205.03,55.49,57.80,0.80,0
416,3,462.03,324.26,58.24,58.13,0.65,0
416,94,600.85,205.86,55.23,57.51,0.72,0
417,3,466.42,322.74,60.11,59.16,0.39,0
418,3,467.08,321.66,61.69,59.67,0.61,0
419,3,465.81,321.92,64.23,60.12,0.61,0
420,3,473.15,324.82,55.05,55.53,0.74,0
421,104,1167.07,287.03,31.67,39.14,0.40,0
422,104,1168.48,286.57,32.51,40.02,0.35,0
422,94,633.00,202.08,40.00,59.73,0.42,0
423,94,630.33,202.72,51.75,59.48,0.67,0
424,94,637.17,202.86,54.92,59.83,0.78,0
425,94,645.90,203.46,54.93,59.21,0.73,0
426,94,651.86,203.72,55.99,60.07,0.77,0
426,3,513.12,323.15,58.86,58.23,0.63,0
427,94,658.69,203.43,57.13,60.46,0.68,0
427,3,521.74,324.23,55.93,57.17,0.44,0
428,94,667.97,205.43,54.91,59.31,0.67,0
428,3,528.96,325.60,56.84,58.29,0.63,0
429,94,673.79,206.93,54.68,58.08,0.67,0
429,3,533.13,325.93,58.16,58.84,0.74,0
430,94,678.05,206.72,59.45,60.25,0.69,0
430,3,540.68,326.16,58.48,59.36,0.70,0
431,94,688.29,208.93,56.18,60.34,0.66,0
431,3,548.55,327.95,57.89,58.21,0.80,0
432,94,695.35,210.16,55.64,60.27,0.82,0
432,3,555.79,328.87,58.03,58.27,0.87,0
433,94,699.89,211.49,54.80,58.66,0.85,0
433,3,559.43,329.07,59.77,60.53,0.84,0
434,94,701.59,211.38,55.41,59.18,0.84,0
434,3,562.11,329.51,58.84,60.36,0.78,0
434,104,1262.93,285.88,31.69,40.49,0.36,0
435,94,702.17,210.81,56.12,59.28,0.80,0
435,3,563.23,329.20,57.98,60.51,0.74,0
435,104,1264.52,285.65,31.37,39.93,0.40,0
436,94,704.06,211.36,55.43,59.51,0.75,0
436,3,565.78,329.70,56.26,60.14,0.74,0
436,104,1264.64,285.81,31.41,39.66,0.44,0
437,94,705.21,211.40,54.38,59.66,0.77,0
437,3,565.40,329.82,56.57,60.42,0.77,0
437,104,1265.03,286.09,31.20,38.46,0.30,0
438,94,704.45,210.98,54.90,59.86,0.77,0
438,3,563.02,330.09,58.01,60.31,0.81,0
438,104,1265.50,286.42,30.95,37.61,0.31,0
439,94,703.27,210.72,54.94,59.82,0.81,0
439,3,560.85,329.61,59.19,60.60,0.82,0
439,104,1265.13,286.12,30.98,37.90,0.31,0
440,94,701.91,210.82,55.36,60.23,0.82,0
440,3,558.58,330.10,61.03,60.75,0.84,0
440,104,1263.89,287.05,31.18,38.04,0.45,0
441,94,700.98,210.95,54.28,59.11,0.84,0
441,3,556.58,329.15,63.35,62.00,0.86,0
441,104,1264.03,286.11,31.51,39.10,0.37,0
442,94,700.35,211.70,52.85,57.45,0.86,0
442,3,554.98,328.72,64.35,62.64,0.89,0
442,104,1264.19,285.67,31.36,39.68,0.29,0
443,94,700.00,212.36,52.41,56.60,0.87,0
443,3,554.58,328.86,64.34,62.80,0.88,0
443,104,1263.69,285.84,31.81,39.89,0.37,0
444,94,699.27,212.74,52.21,56.24,0.85,0
444,3,553.81,328.86,63.96,62.74,0.88,0
444,104,1262.18,286.06,32.19,40.27,0.41,0
445,94,698.48,212.36,53.97,57.33,0.80,0
445,3,553.44,329.44,63.42,62.91,0.88,0
445,104,1263.22,287.36,32.03,39.24,0.37,0
446,94,694.63,209.09,56.96,60.57,0.79,0
446,3,549.41,328.49,63.97,63.84,0.87,0
447,94,694.39,209.97,56.92,60.19,0.87,0
447,3,549.56,329.88,62.45,61.96,0.88,0
447,104,1264.62,286.53,31.91,39.36,0.33,0
448,94,693.79,210.83,56.03,59.36,0.86,0
448,3,548.89,330.79,61.59,61.07,0.90,0
448,104,1263.85,286.62,31.55,40.07,0.36,0
449,94,692.53,211.90,54.14,58.37,0.82,0
449,3,547.74,332.27,61.39,59.43,0.91,0
449,104,1262.93,287.09,31.87,40.84,0.27,0
450,94,691.09,212.90,51.72,57.23,0.59,0
450,3,544.13,332.49,62.23,59.59,0.88,0
450,104,1261.49,287.85,32.52,41.38,0.33,0
451,94,687.98,211.94,52.43,57.94,0.72,0
451,3,540.41,332.85,60.58,59.62,0.79,0
452,94,684.71,211.84,54.52,59.92,0.69,0
452,3,540.00,334.41,58.34,58.92,0.79,0
452,104,1257.33,287.02,35.69,45.72,0.52,0
453,94,682.15,211.47,55.55,60.53,0.73,0
453,3,535.90,334.01,60.52,60.35,0.83,0
453,104,1256.73,286.83,35.93,45.69,0.26,0
454,94,678.31,209.84,59.11,62.86,0.74,0
454,3,532.67,333.86,61.97,60.55,0.85,0
454,104,1257.13,286.79,34.30,42.15,0.59,0
455,94,673.79,209.42,61.81,63.61,0.84,0
455,3,530.54,334.58,62.90,60.71,0.84,0
456,94,672.67,209.32,60.29,63.62,0.86,0
456,3,528.66,334.74,61.60,60.00,0.86,0
456,104,1258.32,287.71,30.20,39.65,0.27,0
457,94,670.93,209.02,60.31,62.89,0.86,0
457,3,525.44,334.11,61.50,60.16,0.88,0
457,104,1253.21,288.58,32.75,39.01,0.38,0
458,94,670.25,209.53,59.88,61.87,0.85,0
458,3,523.38,333.85,61.32,60.43,0.90,0
458,104,1251.22,288.73,32.67,41.15,0.48,0
459,94,667.47,208.22,60.76,61.54,0.87,0
459,3,521.20,332.17,62.94,60.19,0.91,0
459,104,1248.83,288.64,31.44,38.58,0.40,0
460,94,666.22,207.26,60.32,60.95,0.85,0
460,3,519.62,329.66,63.16,61.82,0.88,0
461,94,665.52,207.62,60.54,60.86,0.85,0
461,3,519.80,329.72,60.86,61.81,0.86,0
461,104,1244.01,287.09,30.02,37.46,0.29,0
462,94,663.23,208.23,60.35,60.66,0.70,0
462,3,512.41,329.80,62.02,62.74,0.85,0
462,104,1242.37,286.96,30.57,38.90,0.40,0
463,94,655.03,205.92,65.43,62.80,0.77,0
463,3,505.12,328.58,65.68,65.61,0.90,0
463,104,1241.13,286.58,31.78,40.23,0.38,0
464,94,652.28,207.08,66.96,62.69,0.81,0
464,3,503.99,329.80,65.30,64.25,0.90,0
464,104,1237.45,286.69,33.30,44.03,0.26,0
465,94,650.61,208.31,66.77,62.83,0.79,0
465,3,503.89,332.35,63.37,61.47,0.86,0
465,104,1235.40,288.58,33.72,44.89,0.34,0
466,94,648.16,209.30,62.91,62.84,0.76,0
466,3,500.43,334.31,63.03,61.31,0.86,0
466,104,1233.29,289.54,34.90,45.26,0.49,0
467,94,646.83,209.87,61.16,62.71,0.82,0
467,3,497.10,336.11,61.99,60.46,0.88,0
467,104,1232.38,290.82,34.91,44.38,0.46,0
468,94,645.87,210.05,60.32,62.90,0.81,0
468,3,494.96,336.89,61.02,60.52,0.85,0
468,104,1232.54,291.95,34.64,43.81,0.26,0
469,94,642.61,209.60,61.12,62.43,0.78,0
469,3,494.29,336.05,57.04,61.63,0.57,0
470,94,640.33,209.20,60.83,61.90,0.72,0
470,3,490.87,334.78,58.43,61.35,0.70,0
470,104,1228.28,292.14,32.04,45.38,0.27,0
471,94,635.34,208.08,63.58,62.47,0.77,0
471,3,486.09,333.43,61.92,61.89,0.78,0
471,104,1226.41,291.94,31.51,43.99,0.46,0
472,94,632.72,208.00,61.93,61.45,0.73,0
472,3,482.00,332.96,63.97,60.96,0.85,0
472,104,1224.77,291.70,30.91,43.20,0.41,0
473,94,627.65,206.62,64.18,62.65,0.82,0
473,3,478.22,330.71,62.33,61.28,0.88,0
473,104,1222.87,290.56,30.68,41.68,0.30,0
474,94,624.59,206.81,64.13,62.98,0.76,0
474,3,475.25,330.16,61.84,62.07,0.90,0
474,104,1217.45,288.98,32.71,44.50,0.31,0
475,94,621.68,206.48,63.39,62.93,0.78,0
475,3,472.51,330.45,61.85,60.94,0.87,0
476,94,618.52,204.33,64.86,63.34,0.79,0
476,3,467.19,329.14,59.97,60.97,0.75,0
477,94,614.77,203.22,61.61,62.69,0.46,0
477,3,463.97,328.11,60.34,61.57,0.81,0
477,104,1208.91,287.63,35.02,46.88,0.47,0
478,94,613.06,204.78,58.58,61.62,0.73,0
478,3,459.74,328.52,62.06,63.58,0.88,0
478,104,1207.40,289.13,36.13,44.33,0.54,0
479,94,602.57,201.00,65.69,65.37,0.79,0
479,3,450.73,327.01,65.07,65.14,0.84,0
479,119,1359.20,309.29,34.39,37.41,0.49,0
480,94,600.70,202.65,65.04,64.48,0.78,0
480,3,450.50,328.68,62.51,62.41,0.89,0
480,119,1352.01,311.26,35.90,43.66,0.67,0
480,104,1202.99,290.43,33.50,44.37,0.31,0
481,94,599.56,205.21,62.77,62.72,0.78,0
481,3,449.31,330.30,61.80,60.51,0.91,0
481,119,1348.25,312.79,39.44,43.60,0.28,0
481,120,450.22,394.04,59.27,33.49,0.47,0
482,94,597.13,205.99,62.39,62.81,0.82,0
482,3,445.20,330.60,61.08,60.79,0.61,0
482,119,1347.19,314.34,35.62,44.54,0.30,0
482,120,445.24,392.44,59.83,37.43,0.37,0
482,104,1199.23,291.47,31.02,41.16,0.40,0
483,94,591.19,206.69,61.98,62.71,0.75,0
483,3,434.33,329.96,64.88,63.15,0.88,0
483,119,1344.26,314.85,33.75,44.12,0.58,0
484,94,582.28,206.85,62.28,63.96,0.83,0
484,3,427.44,331.36,64.49,63.13,0.86,0
484,119,1339.55,315.65,36.80,44.77,0.37,0
484,104,1187.52,294.34,38.39,41.78,0.42,0
485,94,576.90,208.55,61.30,62.73,0.87,0
485,3,421.86,333.04,65.24,62.31,0.86,0
486,94,573.80,209.40,61.78,62.83,0.82,0
486,3,418.64,334.23,62.95,62.27,0.75,0
486,119,1328.17,317.51,39.12,45.56,0.27,0
487,94,570.78,209.14,62.40,62.93,0.81,0
487,3,413.15,334.20,64.44,61.72,0.81,0
488,94,568.35,208.66,59.50,61.58,0.76,0
488,3,409.28,333.53,64.93,60.42,0.86,0
488,120,413.72,394.06,62.95,38.35,0.38,0
489,94,567.70,208.99,57.61,60.41,0.45,0
489,3,407.92,331.68,64.88,61.25,0.89,0
489,104,1172.01,293.02,33.66,40.85,0.48,0
490,94,561.38,206.29,61.27,62.68,0.72,0
490,3,404.86,330.28,63.94,61.85,0.90,0
490,104,1172.83,294.26,29.33,38.34,0.34,0
491,94,556.86,203.61,62.47,63.93,0.71,0
491,3,401.00,328.61,65.81,62.90,0.88,0
491,104,1168.97,291.22,30.80,39.48,0.44,0
492,94,554.78,203.08,62.31,63.52,0.81,0
492,3,399.84,328.21,63.43,61.61,0.88,0
493,94,553.06,202.81,60.12,61.39,0.85,0
493,3,392.14,326.64,64.67,63.03,0.88,0
493,104,1164.96,291.75,30.09,39.65,0.42,0
494,94,551.08,202.17,58.01,59.81,0.77,0
494,3,388.57,325.76,64.71,64.28,0.87,0
494,104,1162.65,290.52,32.52,40.60,0.44,0
494,119,1310.74,313.94,34.30,45.18,0.46,0
495,94,549.16,203.70,57.88,59.23,0.80,0
495,3,387.33,327.35,63.10,63.80,0.90,0
495,104,1161.46,291.90,32.92,41.01,0.58,0
495,119,1309.53,315.56,33.53,45.11,0.59,0
495,120,389.51,390.97,65.16,38.40,0.31,0
496,94,542.96,202.40,56.93,59.06,0.78,0
496,3,380.68,327.18,62.89,62.46,0.89,0
496,104,1157.62,292.53,30.63,42.33,0.32,0
496,119,1306.03,315.54,34.46,46.56,0.56,0
497,94,540.35,202.18,57.12,59.30,0.76,0
497,3,379.30,326.81,63.12,62.74,0.84,0
497,104,1154.72,292.27,31.15,43.04,0.35,0
497,119,1302.33,315.31,36.25,48.26,0.39,0
498,94,537.86,201.86,59.11,59.64,0.78,0
498,3,377.96,326.21,63.65,62.31,0.57,0
498,104,1151.30,291.57,31.22,43.05,0.34,0
498,119,1298.59,315.08,36.59,49.10,0.49,0
499,94,534.39,201.24,61.69,61.33,0.78,0
499,3,377.29,327.96,59.84,58.84,0.78,0
499,104,1147.46,291.37,33.84,44.81,0.35,0
499,119,1299.22,316.63,33.88,46.53,0.26,0
499,120,381.01,390.89,56.76,38.78,0.31,0
500,94,531.81,199.12,61.59,62.35,0.83,0
500,3,372.35,327.66,62.89,57.92,0.61,0
500,104,1146.81,291.10,34.21,45.02,0.36,0
501,94,529.31,199.03,62.65,63.07,0.84,0
501,3,367.18,325.87,62.15,60.64,0.72,0
501,104,1145.76,292.64,33.86,44.45,0.30,0
501,119,1299.98,317.78,32.49,44.26,0.32,0
502,94,528.12,198.70,61.95,63.46,0.51,0
502,3,364.57,324.04,62.81,61.14,0.81,0
502,104,1144.58,294.31,33.58,43.72,0.55,0
503,94,527.14,196.71,61.24,63.86,0.65,0
503,3,362.27,322.80,62.06,62.27,0.82,0
503,104,1143.36,294.82,33.68,42.76,0.63,0
503,119,1294.47,320.81,37.83,44.91,0.43,0
504,94,525.81,194.58,59.36,64.33,0.79,0
504,3,362.33,318.77,62.42,62.84,0.73,0
504,104,1142.54,293.89,34.16,43.41,0.57,0
504,119,1292.98,321.00,39.03,44.27,0.55,0
505,94,525.76,194.39,57.17,63.30,0.80,0
505,3,361.12,318.18,63.20,61.99,0.40,0
505,104,1140.20,293.43,35.33,43.78,0.65,0
505,119,1291.58,321.12,38.63,43.80,0.52,0
506,94,524.47,194.11,57.32,61.71,0.72,0
506,3,356.51,316.36,64.62,63.46,0.73,0
506,104,1139.10,293.34,35.59,42.92,0.57,0
507,94,521.89,192.78,56.24,60.55,0.65,0
507,3,354.02,315.49,63.98,62.22,0.85,0
507,104,1138.09,294.05,37.21,42.72,0.32,0
507,119,1289.91,320.48,37.15,43.60,0.50,0
508,94,520.06,192.40,55.84,59.86,0.53,0
508,3,352.85,316.26,61.58,62.03,0.80,0
509,94,517.86,189.61,54.74,60.41,0.60,0
510,94,511.16,186.73,61.19,63.49,0.74,0
510,104,1137.21,293.42,34.71,41.21,0.29,0
510,3,347.01,312.98,60.37,61.74,0.63,0
511,94,508.42,186.54,63.20,63.61,0.80,0
511,127,348.97,312.38,58.95,60.38,0.43,0
511,3,348.45,312.18,58.12,60.82,0.43,0
512,94,507.03,186.12,62.99,63.57,0.81,0
512,3,342.34,310.80,61.97,63.15,0.84,0
513,94,504.71,185.86,63.01,63.56,0.86,0
513,3,335.92,309.66,65.55,63.19,0.87,0
514,94,505.69,187.11,62.21,62.81,0.84,0
514,3,338.94,312.98,64.50,61.99,0.79,0
515,94,505.70,188.17,61.75,62.24,0.85,0
515,3,338.00,313.74,63.93,63.43,0.80,0
516,94,504.48,187.82,62.20,62.83,0.85,0
516,3,333.68,314.20,63.76,63.77,0.66,0
517,94,503.45,187.46,61.68,63.30,0.85,0
518,94,504.10,188.92,60.38,63.30,0.83,0
518,3,332.59,316.63,65.92,63.24,0.53,0
519,94,504.54,190.06,59.44,61.82,0.82,0
519,3,334.57,317.76,65.81,63.20,0.78,0
520,94,505.64,191.10,59.66,61.60,0.80,0
520,3,337.54,318.25,63.94,62.73,0.76,0
521,94,508.92,192.38,60.36,63.59,0.74,0
521,3,340.82,318.79,63.56,62.02,0.75,0
522,94,515.16,194.62,58.07,63.19,0.44,0
522,3,348.21,321.26,62.35,60.10,0.43,0
523,94,520.26,195.82,57.21,63.07,0.75,0
523,3,353.80,323.69,61.38,59.30,0.76,0
524,94,523.90,197.74,60.81,62.92,0.64,0
524,3,358.72,326.96,61.88,59.51,0.86,0
525,94,528.16,201.45,59.00,61.90,0.78,0
525,3,360.26,328.77,64.94,61.50,0.90,0
526,94,531.16,206.72,60.23,59.67,0.86,0
526,3,363.02,330.87,65.02,62.31,0.89,0
526,119,1316.30,332.07,35.28,42.63,0.41,0
527,94,536.35,209.45,59.85,60.54,0.82,0
527,3,366.76,331.85,66.07,64.49,0.81,0
527,119,1322.48,335.08,35.44,43.17,0.50,0
528,94,545.66,212.34,56.09,59.24,0.79,0
528,3,375.21,335.29,65.17,61.42,0.86,0
528,119,1328.18,338.01,36.28,47.08,0.43,0
529,94,549.21,215.26,58.12,60.84,0.82,0
529,3,378.15,339.96,67.53,62.00,0.73,0
529,119,1336.68,342.34,35.48,45.28,0.33,0
530,94,553.83,224.24,59.30,60.90,0.80,0
530,3,384.09,349.01,65.61,61.62,0.90,0
531,94,557.06,225.22,61.75,63.39,0.81,0
531,3,389.52,349.63,64.88,62.34,0.85,0
531,132,1191.16,321.14,35.07,44.68,0.44,0
532,94,561.53,226.00,60.80,62.02,0.75,0
532,3,396.18,351.90,63.55,61.02,0.76,0
532,132,1196.16,322.89,35.88,42.03,0.54,0
533,94,565.98,226.14,58.47,59.71,0.57,0
533,3,399.60,352.42,62.86,61.27,0.84,0
533,132,1200.91,322.89,35.53,42.63,0.39,0
533,134,399.57,417.47,67.95,36.38,0.37,0
534,94,568.72,224.79,59.67,60.91,0.61,0
534,3,401.79,350.92,63.82,62.41,0.83,0
535,94,571.39,225.26,60.02,60.72,0.81,0
535,3,404.40,351.09,63.39,62.41,0.88,0
535,134,401.91,416.72,74.61,37.75,0.30,0
536,3,404.82,350.62,63.73,62.41,0.89,0
536,132,1210.87,323.56,34.60,38.57,0.48,0
537,3,404.46,350.03,64.48,62.95,0.89,0
537,132,1211.24,323.41,34.82,39.02,0.44,0
538,3,403.98,349.76,64.90,62.20,0.88,0
538,132,1211.34,322.76,34.93,39.65,0.45,0
539,3,403.63,348.77,65.60,61.92,0.86,0
539,132,1211.00,322.01,35.49,41.03,0.43,0
540,3,403.48,348.60,54.85,58.62,0.56,0
540,132,1210.81,320.84,35.10,42.41,0.53,0
541,132,1210.99,318.14,35.92,44.84,0.46,0
542,132,1210.98,317.04,35.49,43.03,0.50,0
542,119,1364.56,344.42,36.73,43.51,0.44,0
542,94,585.58,218.74,40.72,58.74,0.64,0
543,132,1209.85,314.54,34.00,43.38,0.64,0
543,119,1361.91,341.10,36.91,45.27,0.45,0
543,94,567.97,213.97,54.87,60.95,0.74,0
544,132,1209.03,311.65,33.16,42.90,0.53,0
544,119,1360.19,336.54,37.60,48.19,0.41,0
544,94,560.41,208.47,62.97,63.50,0.79,0
545,132,1204.65,308.86,34.59,42.02,0.38,0
545,119,1359.22,332.63,37.43,47.83,0.32,0
545,94,557.51,206.27,65.24,62.73,0.81,0
546,94,554.44,204.17,66.40,63.58,0.79,0
546,3,401.29,330.12,55.19,61.87,0.76,0
547,94,551.25,200.11,67.69,66.15,0.79,0
547,3,388.18,326.61,64.73,64.64,0.89,0
547,119,1363.09,328.24,37.28,50.15,0.35,0
548,94,552.10,199.10,64.94,63.78,0.67,0
548,3,385.25,325.86,66.39,65.11,0.88,0
549,94,550.87,198.76,64.27,63.15,0.61,0
549,3,381.95,325.60,67.60,64.89,0.89,0
550,94,549.29,199.95,63.71,61.97,0.46,0
550,3,378.61,326.70,68.73,64.54,0.88,0
551,94,545.83,201.26,63.05,60.34,0.57,0
551,3,374.07,327.60,68.64,64.42,0.86,0
551,132,1202.79,298.58,34.99,43.01,0.38,0
552,94,543.78,203.24,59.73,58.68,0.70,0
552,3,368.42,328.25,68.99,66.32,0.72,0
552,132,1198.96,298.76,35.46,42.05,0.27,0
553,94,537.09,200.88,61.70,58.13,0.65,0
553,3,363.69,327.47,67.76,66.53,0.88,0
553,132,1195.59,295.73,35.79,42.40,0.69,0
553,119,1348.47,319.01,37.64,53.11,0.45,0
554,94,531.96,201.94,63.33,61.72,0.78,0
554,3,361.12,331.38,66.88,64.07,0.86,0
554,132,1192.57,294.98,34.28,42.30,0.64,0
554,119,1347.72,319.27,36.51,49.83,0.33,0
555,94,529.29,205.56,63.79,61.21,0.84,0
555,3,360.72,334.29,65.34,63.77,0.85,0
555,132,1187.29,294.66,36.21,41.96,0.60,0
555,119,1344.48,317.42,36.13,47.31,0.59,0
556,94,527.40,206.70,62.78,61.47,0.82,0
556,3,359.69,335.79,64.58,63.29,0.89,0
556,132,1185.78,293.38,37.65,43.48,0.52,0
556,119,1344.25,316.50,35.90,46.93,0.63,0
557,94,524.91,206.77,62.20,60.86,0.82,0
557,3,356.82,335.60,67.26,64.47,0.86,0
557,132,1186.52,291.88,37.95,45.26,0.43,0
557,119,1344.07,315.39,37.21,46.92,0.61,0
558,94,522.89,206.61,62.26,60.63,0.84,0
558,3,353.12,335.59,67.05,65.11,0.88,0
558,132,1185.91,292.22,37.85,45.06,0.49,0
558,119,1342.29,316.26,38.03,47.22,0.63,0
559,94,520.65,206.23,63.03,60.61,0.84,0
559,3,349.87,336.27,65.45,64.95,0.84,0
559,132,1186.93,292.20,35.77,44.18,0.50,0
559,119,1339.75,315.23,38.81,46.54,0.60,0
560,94,520.13,206.70,62.10,59.78,0.86,0
560,3,348.49,338.12,63.66,63.05,0.83,0
560,132,1185.92,292.04,34.33,43.20,0.48,0
560,119,1337.22,314.83,37.40,47.09,0.58,0
561,94,518.56,205.65,60.07,61.16,0.49,0
561,3,345.82,337.54,65.65,63.21,0.82,0
561,132,1182.78,292.32,36.67,41.87,0.60,0
561,119,1336.05,314.50,36.69,45.90,0.65,0
562,94,514.91,206.09,61.56,62.00,0.82,0
562,3,341.21,337.51,68.46,63.87,0.79,0
562,119,1335.07,315.60,36.68,45.67,0.42,0
563,94,509.18,206.20,63.46,64.22,0.83,0
563,3,336.57,338.58,68.84,63.74,0.83,0
563,119,1333.79,317.97,37.24,43.93,0.56,0
563,132,1177.08,294.13,38.36,41.50,0.49,0
564,94,505.40,207.07,64.54,65.03,0.90,0
564,3,331.81,339.71,71.54,64.26,0.69,0
564,132,1175.88,294.89,36.08,41.97,0.60,0
565,94,505.38,208.76,62.82,64.38,0.88,0
565,3,331.15,340.66,70.35,63.31,0.72,0
565,132,1173.64,296.48,34.59,41.89,0.40,0
565,119,1326.94,319.08,39.45,46.78,0.66,0
566,94,507.06,208.15,63.61,65.76,0.90,0
566,3,334.95,341.88,69.26,63.84,0.84,0
566,132,1175.60,296.65,34.13,43.26,0.38,0
566,119,1327.91,320.41,41.11,44.21,0.57,0
567,94,507.58,207.86,64.45,66.80,0.89,0
567,3,336.68,341.68,68.98,64.27,0.80,0
567,132,1176.11,297.11,34.24,43.15,0.55,0
567,119,1330.87,322.26,38.37,42.67,0.45,0
568,94,508.45,208.43,64.54,65.75,0.86,0
568,3,338.05,341.03,69.06,64.83,0.70,0
568,119,1337.41,321.61,36.40,43.53,0.31,0
568,143,334.92,406.26,79.54,51.00,0.42,0
569,94,507.65,208.85,64.22,64.59,0.87,0
569,3,338.06,340.98,68.27,64.59,0.81,0
570,94,508.48,208.41,64.05,64.75,0.83,0
570,3,339.00,341.08,67.39,63.79,0.69,0
570,119,1336.39,321.49,36.94,43.96,0.54,0
571,94,509.58,207.36,64.08,65.01,0.82,0
571,3,338.51,338.84,68.94,65.40,0.80,0
571,119,1338.98,320.41,38.41,45.35,0.47,0
571,132,1184.21,295.74,34.56,42.27,0.66,0
571,143,332.50,402.50,85.06,51.21,0.37,0
572,94,510.88,205.95,63.64,65.99,0.83,0
572,3,339.80,338.03,69.05,65.92,0.81,0
572,119,1340.96,320.06,39.17,45.51,0.49,0
572,132,1186.67,294.62,35.84,43.85,0.43,0
573,94,513.41,205.89,62.13,65.63,0.81,0
573,3,340.34,337.72,69.90,66.09,0.73,0
573,119,1343.26,317.80,39.58,48.41,0.66,0
573,132,1187.65,294.27,36.81,44.04,0.57,0
573,143,337.67,402.68,91.17,53.33,0.27,0
574,94,514.65,205.62,61.22,64.82,0.81,0
574,3,342.19,337.72,70.12,64.86,0.80,0
574,119,1344.92,316.79,38.78,49.30,0.37,0
574,132,1185.64,292.34,39.00,46.73,0.69,0
575,94,516.77,206.94,59.15,63.52,0.82,0
575,3,342.50,337.83,70.68,65.27,0.76,0
575,119,1348.06,316.79,38.37,49.27,0.55,0
575,132,1188.60,291.92,41.49,46.41,0.31,0
575,143,339.01,402.08,92.18,56.21,0.32,0
576,94,516.50,206.33,58.88,62.45,0.79,0
576,3,342.10,336.14,70.74,65.32,0.72,0
576,119,1347.98,317.20,38.65,48.69,0.62,0
576,132,1188.40,293.99,39.12,42.28,0.63,0
576,143,339.07,400.66,91.67,56.23,0.32,0
577,94,512.46,202.92,61.36,63.49,0.80,0
577,3,339.35,333.14,69.95,66.46,0.83,0
577,119,1346.08,314.24,38.04,51.20,0.43,0
577,132,1189.03,291.50,36.75,43.89,0.62,0
578,94,512.27,199.97,61.10,62.13,0.81,0
578,3,339.22,328.67,71.05,67.25,0.86,0
578,132,1189.08,287.92,35.09,44.39,0.64,0
579,94,508.93,193.92,62.85,66.80,0.75,0
579,3,335.30,326.37,71.65,68.12,0.89,0
579,132,1190.97,287.52,33.54,42.35,0.66,0
579,119,1347.53,310.08,40.45,44.88,0.71,0
580,94,505.78,188.65,65.37,68.71,0.88,0
580,3,332.98,324.62,70.86,66.98,0.90,0
580,132,1192.56,285.21,33.20,40.89,0.35,0
580,119,1349.55,306.96,40.87,46.18,0.41,0
581,94,506.43,188.38,64.78,67.53,0.86,0
581,3,335.59,325.31,67.79,65.63,0.86,0
581,119,1347.97,304.56,40.03,49.00,0.37,0
582,94,504.90,186.92,65.18,66.92,0.88,0
582,3,333.47,323.17,69.34,65.66,0.87,0
582,119,1347.37,303.99,40.50,50.03,0.42,0
583,94,502.98,183.81,64.90,67.60,0.90,0
583,3,328.46,320.09,70.66,66.27,0.80,0
583,119,1347.54,301.28,41.00,51.56,0.30,0
583,132,1191.20,277.68,37.72,40.30,0.44,0
584,94,500.76,181.25,65.06,67.46,0.86,0
584,3,325.29,317.25,71.05,66.61,0.64,0
584,119,1347.91,297.94,39.08,51.56,0.37,0
584,132,1190.01,273.68,36.97,42.63,0.68,0
585,94,500.77,181.51,64.20,66.65,0.86,0
585,3,326.79,317.43,68.97,65.45,0.72,0
585,119,1347.79,296.54,38.65,48.95,0.36,0
585,132,1188.65,270.61,39.38,45.46,0.74,0
586,94,499.58,167.23,62.71,68.30,0.87,0
586,3,324.00,303.10,70.51,66.49,0.84,0
586,119,1347.27,283.41,39.35,48.34,0.55,0
586,132,1188.86,257.91,37.67,44.29,0.32,0
587,94,498.15,164.84,63.55,68.78,0.88,0
587,3,321.67,301.56,72.42,66.21,0.68,0
587,119,1347.15,280.57,38.74,49.20,0.48,0
588,94,497.50,163.75,63.47,68.70,0.88,0
588,3,318.04,300.97,73.39,66.87,0.66,0
588,132,1190.08,254.46,38.58,41.09,0.31,0
589,94,497.15,164.35,62.75,67.68,0.87,0
589,3,316.99,300.63,72.87,67.94,0.89,0
589,132,1189.09,253.16,39.79,42.53,0.46,0
589,119,1347.44,274.91,40.98,50.65,0.40,0
590,94,498.08,166.40,61.71,66.66,0.86,0
590,3,317.78,301.33,73.42,67.93,0.76,0
590,132,1189.05,253.45,39.76,41.99,0.45,0
590,119,1347.88,277.17,37.77,47.71,0.33,0
591,94,498.57,168.08,61.45,66.76,0.86,0
591,3,318.17,302.13,74.51,68.49,0.60,0
591,119,1346.94,278.15,38.69,48.63,0.33,0
592,94,499.05,168.83,61.36,66.69,0.83,0
592,3,318.11,302.53,74.61,69.99,0.78,0
592,119,1351.09,278.23,39.68,51.35,0.49,0
593,94,499.65,170.14,61.57,65.73,0.86,0
593,3,322.69,304.08,72.54,68.34,0.86,0
593,119,1350.17,279.05,45.70,52.37,0.64,0
594,94,501.30,174.74,61.24,62.22,0.59,0
594,3,326.53,307.46,69.36,67.35,0.89,0
594,119,1348.71,282.11,46.37,57.90,0.49,0
594,132,1193.16,260.01,34.85,40.88,0.46,0
595,94,499.58,175.03,62.37,62.52,0.73,0
595,3,322.23,308.57,70.77,67.69,0.82,0
595,119,1354.09,281.63,41.79,50.90,0.40,0
596,94,499.58,175.99,62.59,62.59,0.81,0
596,3,324.99,311.71,67.00,65.96,0.87,0
596,132,1195.95,262.61,34.32,43.39,0.40,0
597,94,501.92,179.03,61.71,61.78,0.82,0
597,3,328.92,314.52,66.61,65.12,0.85,0
597,119,1353.76,285.63,40.86,45.12,0.61,0
598,94,502.75,180.10,61.96,61.71,0.85,0
598,3,330.37,315.62,64.87,64.78,0.85,0
598,132,1199.25,264.48,37.07,43.01,0.41,0
599,94,503.12,181.77,62.49,60.78,0.86,0
599,3,331.19,316.12,65.40,64.29,0.84,0
599,119,1359.79,285.87,42.13,52.29,0.72,0
600,94,503.84,181.80,62.90,61.17,0.87,0
600,3,330.45,315.35,68.08,66.34,0.81,0
600,119,1363.54,286.99,42.69,52.22,0.70,0
600,132,1200.58,264.28,39.56,47.09,0.49,0
601,94,504.54,181.92,64.07,61.58,0.84,0
601,3,332.63,317.15,68.40,64.66,0.67,0
601,119,1365.20,286.23,42.32,50.67,0.75,0
601,132,1205.81,264.17,36.61,44.53,0.52,0
602,94,505.30,182.88,63.66,61.24,0.85,0
602,3,333.15,318.07,68.29,64.20,0.78,0
602,119,1367.54,286.85,39.77,49.89,0.77,0
602,132,1206.98,264.53,37.02,46.53,0.73,0
603,94,504.99,183.51,63.56,61.70,0.84,0
603,3,332.64,318.14,67.98,64.22,0.45,0
603,119,1368.47,288.36,38.54,47.59,0.60,0
603,132,1207.96,263.95,37.49,47.43,0.66,0
604,94,504.00,183.12,63.88,61.89,0.87,0
604,3,331.84,318.07,66.79,63.46,0.52,0
604,119,1367.27,288.33,39.47,48.67,0.67,0
604,132,1207.90,265.76,37.17,42.20,0.59,0
604,156,329.89,315.81,68.55,65.77,0.36,0
605,94,501.02,182.29,64.91,61.69,0.88,0
605,119,1364.97,287.18,41.13,52.25,0.61,0
605,132,1207.84,265.48,37.38,45.05,0.74,0
606,94,499.02,180.78,64.35,61.87,0.87,0
606,119,1362.87,285.96,40.61,52.43,0.53,0
606,132,1204.78,264.41,36.52,45.40,0.27,0
606,3,325.62,315.68,68.16,65.80,0.56,0
607,94,497.88,180.12,63.92,61.92,0.83,0
607,119,1361.71,287.01,42.41,51.41,0.73,0
607,132,1202.29,264.21,36.18,44.68,0.56,0
607,3,321.30,315.27,66.52,64.90,0.60,0
608,94,495.96,178.78,63.16,62.80,0.77,0
608,119,1360.01,286.39,41.37,51.51,0.72,0
608,132,1201.04,264.03,37.49,49.59,0.48,0
608,3,318.63,314.01,66.66,66.53,0.62,0
609,94,494.36,179.06,61.82,61.35,0.64,0
609,119,1357.54,285.83,42.14,51.91,0.76,0
609,132,1199.24,265.53,35.04,45.36,0.36,0
609,3,315.71,313.95,66.42,66.11,0.78,0
610,94,488.95,177.26,63.87,61.67,0.75,0
610,119,1353.95,285.34,43.32,51.89,0.74,0
610,132,1196.54,265.24,34.14,41.50,0.63,0
610,3,314.00,313.96,65.74,65.46,0.84,0
611,94,482.57,174.97,67.19,65.54,0.80,0
611,119,1352.16,287.98,43.67,48.97,0.54,0
611,132,1195.75,265.74,34.50,43.42,0.69,0
611,3,307.80,313.83,67.71,65.88,0.86,0
612,94,473.72,169.89,69.82,69.30,0.79,0
612,119,1352.13,286.23,42.54,45.86,0.29,0
612,132,1194.29,263.38,33.98,42.93,0.50,0
612,3,295.54,308.81,72.47,72.37,0.67,0
613,94,461.14,170.15,68.83,69.91,0.81,0
613,3,284.14,309.87,69.58,70.99,0.84,0
614,94,464.85,168.45,68.37,70.19,0.77,0
614,3,289.25,308.44,66.55,69.32,0.86,0
614,161,1187.01,261.41,35.87,48.27,0.54,0
615,94,460.19,166.40,68.95,70.20,0.81,0
615,3,286.22,307.69,66.62,65.33,0.86,0
615,161,1183.50,260.85,37.18,48.03,0.45,0
616,94,454.67,164.63,66.46,68.52,0.86,0
616,3,276.02,304.27,71.49,68.44,0.84,0
616,164,1335.56,281.21,45.25,53.89,0.56,0
617,94,447.22,164.64,66.76,70.34,0.86,0
617,3,267.19,306.19,70.13,67.30,0.88,0
617,164,1331.33,280.01,41.11,51.25,0.47,0
618,94,438.94,164.64,68.71,71.63,0.74,0
618,3,261.12,307.55,68.29,67.08,0.91,0
618,164,1324.40,281.64,42.32,50.15,0.62,0
619,94,434.21,166.42,67.69,70.24,0.81,0
619,3,257.80,308.94,66.20,67.61,0.90,0
619,164,1319.63,280.38,41.85,51.74,0.45,0
619,161,1166.49,259.58,36.54,45.80,0.42,0
620,94,431.85,168.91,65.10,67.93,0.80,0
620,3,254.85,310.50,65.82,66.64,0.87,0
621,94,428.37,169.22,64.69,66.27,0.85,0
621,3,248.65,310.58,69.94,67.70,0.60,0
622,94,423.79,168.18,64.49,66.82,0.85,0
622,3,243.99,310.52,68.03,67.84,0.87,0
622,164,1309.40,276.30,43.96,52.27,0.32,0
622,161,1151.61,252.15,35.22,44.06,0.34,0
623,94,417.16,164.82,67.25,70.23,0.60,0
623,3,238.78,309.90,67.36,65.24,0.90,0
623,164,1308.85,273.08,41.43,50.54,0.63,0
624,94,412.98,162.14,66.47,67.64,0.80,0
624,3,235.03,306.92,67.96,64.95,0.86,0
624,164,1304.67,270.24,40.08,46.27,0.32,0
624,161,1147.33,247.93,35.75,42.02,0.68,0
625,94,410.50,159.69,66.03,65.90,0.88,0
625,3,231.00,303.39,68.17,64.80,0.86,0
625,164,1299.96,265.12,42.57,49.12,0.80,0
625,161,1144.44,245.24,33.79,42.02,0.35,0
626,94,407.33,156.67,67.50,65.94,0.80,0
626,3,226.00,299.54,69.54,65.00,0.54,0
626,164,1296.68,257.78,44.12,51.13,0.66,0
626,161,1142.35,239.54,34.23,42.02,0.44,0
627,94,402.97,153.30,68.06,64.73,0.79,0
627,3,222.42,296.75,72.95,63.43,0.76,0
627,164,1293.00,253.35,45.52,51.38,0.43,0
628,94,398.08,149.96,65.94,65.21,0.60,0
628,3,218.33,294.97,68.92,62.82,0.52,0
628,164,1293.84,251.59,44.58,51.73,0.39,0
629,94,391.52,148.66,66.71,65.93,0.85,0
629,3,215.06,293.53,62.98,61.59,0.43,0
630,94,387.51,146.20,66.49,67.43,0.73,0
631,94,385.13,145.70,65.70,66.65,0.83,0
631,3,205.31,293.42,62.32,61.25,0.58,0
632,94,378.35,141.63,67.36,68.16,0.88,0
632,3,198.57,290.50,64.98,61.25,0.48,0
633,94,373.48,137.68,67.01,68.42,0.70,0
633,3,194.10,285.75,66.39,63.35,0.79,0
633,161,1119.53,218.99,38.75,46.03,0.68,0
634,94,367.31,135.53,69.27,68.89,0.89,0
634,3,189.42,283.74,65.26,62.36,0.85,0
634,161,1117.27,215.81,39.70,46.92,0.57,0
635,94,363.32,135.21,67.46,67.33,0.89,0
635,3,188.28,283.59,63.74,60.95,0.86,0
636,94,360.39,133.80,66.56,67.93,0.87,0
636,3,182.34,281.93,66.05,62.06,0.84,0
637,94,357.05,133.61,68.02,68.02,0.89,0
637,3,176.66,280.55,68.01,62.91,0.84,0
638,94,352.80,132.00,67.09,64.93,0.86,0
638,3,171.97,279.99,65.80,62.57,0.87,0
638,172,1260.22,229.15,42.51,48.89,0.54,0
639,94,349.17,126.86,66.66,66.40,0.75,0
639,3,168.20,276.99,64.96,62.47,0.87,0
639,172,1259.98,225.80,37.31,43.69,0.69,0
640,94,344.57,124.83,67.98,64.29,0.84,0
640,3,165.09,273.93,64.83,61.20,0.84,0
640,172,1254.73,223.84,39.89,44.38,0.72,0
641,94,338.33,118.86,68.25,67.55,0.75,0
641,3,155.25,270.02,68.12,62.35,0.77,0
641,172,1252.71,218.34,42.01,49.01,0.76,0
642,94,332.57,113.39,67.77,68.22,0.88,0
642,3,149.11,265.15,67.64,64.38,0.75,0
642,172,1247.80,213.20,44.66,51.15,0.27,0
643,94,329.24,109.23,66.67,67.15,0.86,0
643,3,143.50,259.76,67.30,64.21,0.90,0
643,172,1244.09,207.43,43.72,50.73,0.54,0
644,94,319.17,100.44,71.94,71.34,0.87,0
644,3,137.91,257.27,67.54,62.07,0.87,0
644,172,1241.40,204.37,41.42,46.50,0.44,0
645,94,304.70,89.23,76.22,74.96,0.90,0
645,3,122.98,248.80,66.28,63.17,0.73,0
646,94,291.27,86.20,76.55,73.09,0.88,0
646,3,108.42,245.04,72.62,64.41,0.82,0
647,94,296.60,86.39,72.40,70.82,0.78,0
647,3,111.61,242.80,70.75,62.68,0.84,0
647,172,1226.67,188.62,41.93,47.55,0.64,0
648,94,292.74,85.33,73.19,69.72,0.91,0
648,3,110.08,239.11,68.86,65.44,0.87,0
648,172,1225.19,185.04,43.46,48.90,0.48,0
649,94,285.71,82.89,75.07,71.80,0.86,0
649,3,101.25,235.79,68.75,68.91,0.88,0
649,172,1221.12,182.33,45.33,51.26,0.62,0
650,94,278.04,80.70,75.66,72.27,0.80,0
650,3,89.95,233.44,74.32,70.31,0.88,0
650,172,1219.08,180.73,46.70,51.09,0.31,0
651,94,274.39,83.20,74.10,68.87,0.59,0
651,3,87.89,236.65,70.53,65.83,0.87,0
651,172,1216.00,183.81,43.98,49.49,0.49,0
652,94,269.95,85.79,73.32,67.63,0.82,0
652,3,81.26,238.53,69.13,67.97,0.71,0
652,172,1212.73,187.43,40.83,47.35,0.50,0
653,94,267.78,90.58,73.11,71.87,0.89,0
653,3,83.86,247.87,62.46,62.58,0.70,0
653,172,1207.67,194.33,42.00,48.76,0.65,0
653,179,1051.55,173.32,36.67,44.12,0.55,0
654,94,267.47,99.35,72.87,70.84,0.80,0
654,3,83.15,256.30,62.51,62.19,0.79,0
654,172,1205.85,205.64,40.25,46.51,0.37,0
655,3,77.66,259.40,64.96,66.35,0.89,0
655,172,1205.50,217.25,39.63,46.75,0.68,0
655,179,1047.39,195.13,36.26,42.79,0.48,0
656,3,78.00,261.22,65.07,64.97,0.86,0
656,172,1206.20,225.23,39.06,45.68,0.67,0
656,179,1047.61,202.59,38.75,41.58,0.47,0
657,3,77.07,271.18,63.73,61.70,0.35,0
657,172,1206.12,240.53,39.92,46.51,0.70,0
657,179,1048.74,216.54,36.74,43.16,0.35,0
658,3,78.25,281.75,56.45,59.33,0.87,0
658,172,1203.31,255.73,41.21,47.90,0.32,0
659,179,1044.55,244.42,42.37,45.26,0.35,0
660,179,1044.95,261.70,38.61,43.38,0.37,0
660,172,1198.94,287.17,42.94,49.05,0.25,0
661,179,1041.00,287.75,37.44,44.35,0.45,0
661,172,1192.35,314.49,45.41,50.85,0.37,0
661,94,265.33,168.68,80.25,79.36,0.82,0
662,172,1193.90,357.48,44.62,49.01,0.38,0
662,94,274.48,207.53,76.34,72.40,0.84,0
663,172,1194.87,362.05,43.40,49.70,0.61,0
663,94,281.59,209.94,70.30,69.65,0.86,0
663,179,1044.77,334.26,36.81,44.17,0.46,0
664,172,1194.30,365.53,42.71,48.73,0.70,0
664,94,275.65,209.04,73.17,71.94,0.79,0
664,179,1043.23,335.91,37.63,44.58,0.39,0
664,3,78.34,349.86,59.88,62.78,0.81,0
665,172,1193.90,369.74,40.63,46.86,0.54,0
665,94,274.97,208.88,74.21,72.97,0.64,0
665,179,1042.81,340.06,37.75,43.46,0.64,0
665,3,73.81,348.17,65.96,64.76,0.85,0
666,172,1195.76,369.69,40.26,46.74,0.53,0
666,94,270.36,207.60,72.08,69.65,0.86,0
666,179,1042.66,339.68,38.59,42.95,0.66,0
666,3,67.62,345.45,67.94,64.34,0.89,0
667,172,1191.74,366.16,40.50,47.39,0.69,0
667,94,266.26,205.82,70.74,69.34,0.90,0
667,179,1038.82,336.43,37.94,42.98,0.57,0
667,3,59.56,341.87,70.30,65.29,0.69,0
668,172,1185.93,356.87,45.18,52.27,0.78,0
668,94,261.51,198.63,71.60,70.89,0.85,0
668,3,53.93,337.67,69.81,63.83,0.79,0
669,172,1185.50,348.50,44.33,52.84,0.44,0
669,94,259.47,192.53,71.96,69.47,0.76,0
669,3,52.59,330.98,69.77,65.80,0.85,0
670,172,1181.05,339.81,46.05,53.26,0.53,0
670,94,254.67,185.89,73.12,71.15,0.89,0
670,3,51.71,327.98,66.53,62.63,0.79,0
671,172,1180.14,328.64,48.25,54.30,0.60,0
671,94,248.65,177.44,74.75,69.89,0.46,0
671,3,43.87,318.63,72.15,64.39,0.79,0
672,172,1178.04,318.86,44.60,50.18,0.69,0
672,94,241.71,165.63,75.81,73.15,0.64,0
672,3,42.37,310.07,69.86,64.90,0.86,0
672,179,1029.42,291.18,37.01,44.11,0.59,0
673,172,1178.49,306.91,45.00,49.93,0.45,0
673,94,239.50,156.02,73.32,71.49,0.89,0
673,3,38.65,302.67,66.66,61.73,0.59,0
674,172,1175.18,296.20,47.91,54.74,0.35,0
674,94,236.18,148.06,74.99,72.17,0.83,0
674,3,33.91,295.73,68.06,61.17,0.56,0
674,179,1025.18,269.78,39.61,45.40,0.58,0
675,172,1173.13,287.02,45.28,53.37,0.67,0
675,94,230.93,137.23,75.50,73.35,0.88,0
675,3,28.95,283.07,68.88,66.36,0.86,0
675,179,1022.24,260.31,38.60,46.63,0.34,0
676,172,1173.23,279.54,44.61,51.23,0.40,0
676,94,228.15,129.42,74.04,70.89,0.81,0
676,3,25.06,274.66,69.83,66.49,0.88,0
676,179,1022.76,251.75,37.62,43.27,0.37,0
677,172,1173.83,270.80,42.72,52.83,0.47,0
677,94,223.23,119.17,79.57,74.20,0.72,0
677,3,20.90,267.29,71.46,65.25,0.59,0
677,179,1022.29,244.06,37.11,43.83,0.58,0
678,172,1169.04,263.25,44.64,53.37,0.75,0
678,94,209.64,110.64,77.01,74.88,0.89,0
678,3,7.08,259.05,69.82,67.49,0.90,0
678,179,1017.20,236.52,36.26,44.55,0.55,0
679,172,1170.38,256.45,45.29,50.77,0.55,0
679,94,209.65,103.59,75.85,73.40,0.89,0
679,3,4.84,252.63,70.76,67.11,0.86,0
679,179,1016.89,228.87,39.90,42.26,0.38,0
680,94,200.30,98.29,77.84,73.22,0.87,0
680,3,0.00,247.05,66.23,67.37,0.89,0
680,179,1011.66,221.09,40.22,43.30,0.56,0
681,94,198.16,75.96,76.35,73.45,0.86,0
681,3,0.00,224.95,61.97,67.48,0.88,0
681,179,1010.50,198.62,40.69,43.31,0.42,0
682,94,198.38,75.99,73.06,72.90,0.83,0
682,3,0.00,225.42,60.30,66.74,0.89,0
682,179,1008.27,197.49,42.10,43.82,0.53,0
682,189,1165.47,224.12,44.55,53.03,0.60,0
683,94,205.96,74.88,71.68,72.80,0.66,0
683,3,1.64,223.26,66.54,66.96,0.89,0
683,179,1012.03,195.17,43.53,44.91,0.62,0
683,189,1168.15,224.17,42.54,50.04,0.65,0
684,94,202.31,75.07,74.42,71.92,0.83,0
684,3,3.87,222.63,66.17,66.76,0.90,0
684,179,1012.19,195.17,43.44,45.70,0.68,0
684,189,1168.74,225.43,43.20,49.60,0.64,0
685,94,200.65,74.72,74.90,70.94,0.85,0
685,3,4.77,222.75,64.75,65.78,0.91,0
685,179,1011.09,196.15,42.97,45.99,0.66,0
685,189,1166.78,225.36,43.99,52.95,0.57,0
686,94,212.10,76.04,75.24,71.32,0.86,0
686,3,10.61,223.32,68.01,67.28,0.88,0
686,179,1022.27,196.21,40.09,45.43,0.66,0
686,189,1173.34,225.36,41.81,51.29,0.38,0
687,94,222.35,86.78,73.59,70.55,0.90,0
687,3,20.85,232.26,69.79,68.60,0.89,0
687,189,1177.83,234.20,46.64,52.20,0.63,0
688,94,229.92,91.55,71.80,72.40,0.86,0
688,3,24.05,238.32,71.28,67.70,0.86,0
688,189,1185.82,238.81,46.10,52.95,0.63,0
688,190,1432.11,293.85,78.48,67.12,0.76,0
689,94,235.94,99.02,73.81,71.21,0.86,0
689,3,30.59,245.44,70.44,66.10,0.82,0
689,189,1191.21,244.63,45.83,53.33,0.53,0
689,191,1034.38,217.91,42.60,46.28,0.47,0
690,94,246.14,107.06,72.06,70.49,0.85,0
690,3,42.46,253.94,67.88,63.97,0.84,0
690,189,1197.95,251.66,45.62,52.94,0.51,0
690,191,1046.06,226.46,37.71,42.26,0.72,0
691,94,250.79,112.81,74.06,71.67,0.52,0
691,3,46.82,257.84,70.23,67.14,0.91,0
691,189,1203.64,261.01,43.72,51.43,0.80,0
691,191,1051.88,231.91,36.49,44.70,0.30,0
692,94,258.56,117.33,72.73,72.91,0.86,0
692,3,54.38,262.16,70.83,68.40,0.70,0
692,189,1214.94,268.27,40.94,47.96,0.61,0
692,191,1057.42,237.53,37.96,46.56,0.38,0
693,94,271.57,144.50,69.02,71.00,0.27,0
693,3,66.57,287.75,71.73,67.33,0.87,0
693,189,1220.93,293.21,42.47,47.90,0.71,0
693,191,1064.27,263.82,38.64,45.78,0.59,0
694,94,281.85,168.12,69.10,69.65,0.81,0
694,3,76.61,308.61,69.81,67.19,0.87,0
694,189,1227.79,315.07,41.81,48.88,0.76,0
694,191,1071.22,284.49,40.87,48.15,0.69,0
695,94,293.26,175.26,65.96,68.22,0.85,0
695,3,88.10,316.06,69.53,63.84,0.40,0
695,189,1230.00,322.27,41.98,50.73,0.47,0
695,191,1078.24,293.36,36.00,46.08,0.60,0
696,94,293.88,175.26,67.70,69.12,0.84,0
696,3,89.78,318.11,69.34,64.87,0.85,0
696,189,1240.42,325.94,43.62,50.98,0.35,0
696,191,1084.43,296.37,39.88,45.57,0.70,0
697,94,295.13,175.82,69.78,69.96,0.84,0
697,3,91.52,319.36,70.26,64.99,0.88,0
697,189,1244.60,328.86,43.97,49.57,0.68,0
697,191,1089.82,298.16,39.86,43.67,0.58,0
698,94,303.28,179.02,67.00,67.28,0.85,0
698,3,96.10,318.97,70.00,64.88,0.86,0
698,189,1247.25,330.47,45.85,51.79,0.48,0
698,191,1093.17,301.06,40.12,42.46,0.40,0
699,94,310.61,182.55,66.68,65.13,0.88,0
699,3,103.81,319.82,71.12,65.37,0.83,0
699,189,1251.20,332.30,45.60,51.27,0.78,0
699,191,1096.94,301.92,40.71,42.54,0.39,0
700,94,316.24,183.22,65.32,65.22,0.88,0
700,3,110.81,319.92,70.13,65.77,0.84,0
700,189,1252.60,331.68,50.64,54.27,0.79,0
701,94,318.90,182.24,69.46,66.06,0.84,0
701,3,116.34,319.85,71.14,64.99,0.86,0
701,189,1262.27,331.83,49.06,55.73,0.54,0
701,191,1106.28,302.58,45.09,41.23,0.31,0
702,94,328.60,184.33,65.26,63.31,0.84,0
702,3,124.46,318.60,68.16,65.20,0.84,0
702,189,1266.04,333.80,48.44,54.43,0.80,0
703,94,331.32,183.87,64.89,62.98,0.83,0
703,3,124.50,317.00,69.44,66.40,0.85,0
703,189,1269.44,335.03,51.48,55.09,0.74,0
704,94,330.61,182.07,66.22,63.02,0.77,0
704,3,123.51,315.83,70.41,66.22,0.75,0
704,189,1272.34,335.71,48.24,54.79,0.66,0
705,94,331.75,182.75,67.71,62.89,0.81,0
705,3,124.84,316.02,72.05,66.00,0.83,0
705,189,1276.06,337.86,42.87,52.18,0.64,0
705,191,1119.62,308.24,37.59,42.58,0.55,0
706,94,332.09,181.65,68.61,63.56,0.87,0
706,3,125.37,314.18,70.32,66.01,0.36,0
706,189,1276.25,339.04,44.30,50.49,0.81,0
706,191,1121.00,308.22,37.72,45.15,0.63,0
707,94,332.58,181.00,68.51,63.15,0.86,0
707,3,125.28,311.82,69.85,66.49,0.84,0
707,189,1274.49,339.99,43.62,50.29,0.77,0
707,191,1120.83,308.23,37.17,45.11,0.65,0
708,94,335.99,179.96,68.06,63.54,0.87,0
708,3,125.52,309.59,71.98,67.67,0.85,0
708,189,1275.59,340.98,43.18,50.58,0.72,0
708,191,1123.90,307.31,37.56,45.60,0.51,0
709,94,340.20,178.91,66.50,63.21,0.84,0
709,3,131.25,309.67,71.05,67.34,0.87,0
709,189,1287.28,341.79,37.39,48.35,0.44,0
709,191,1127.54,307.51,39.25,45.30,0.51,0
710,94,341.87,178.48,68.06,63.57,0.80,0
710,3,136.07,308.38,72.21,68.35,0.90,0
710,189,1288.38,343.00,37.27,46.74,0.65,0
710,191,1129.80,308.96,43.27,46.70,0.71,0
711,94,340.08,176.76,69.51,61.96,0.78,0
711,3,135.95,307.08,72.93,68.47,0.89,0
711,189,1292.52,342.14,41.61,48.69,0.60,0
711,191,1133.07,310.53,40.92,45.82,0.56,0
712,94,340.82,176.74,70.08,61.97,0.81,0
712,3,138.24,307.85,71.83,67.88,0.90,0
712,189,1292.15,343.36,41.63,47.90,0.63,0
712,191,1135.95,310.75,39.19,45.01,0.71,0
713,94,342.13,177.39,69.78,61.17,0.80,0
713,3,138.72,308.21,72.66,68.45,0.91,0
713,189,1291.97,344.85,42.97,48.41,0.54,0
713,191,1137.98,311.66,37.87,45.23,0.67,0
714,94,341.59,176.94,70.68,61.28,0.81,0
714,3,137.96,307.17,72.93,69.46,0.91,0
714,189,1292.64,343.73,48.33,52.70,0.38,0
714,191,1139.94,312.42,35.65,44.49,0.72,0
715,94,342.79,175.26,70.01,62.19,0.79,0
715,3,138.12,306.73,73.32,68.85,0.91,0
715,189,1297.32,344.38,47.07,52.02,0.47,0
715,191,1144.73,311.58,34.68,43.53,0.57,0
716,94,345.10,174.91,68.90,62.57,0.76,0
716,3,138.17,306.77,73.88,69.29,0.91,0
716,189,1300.20,345.55,46.47,50.69,0.47,0
716,191,1146.41,311.62,35.93,44.41,0.58,0
717,94,351.09,176.53,70.29,64.26,0.82,0
717,3,144.79,308.15,71.03,68.13,0.87,0
717,189,1299.61,343.59,50.10,55.75,0.60,0
717,191,1147.84,310.84,39.94,45.86,0.69,0
718,94,358.31,177.54,68.42,63.38,0.90,0
718,3,149.13,307.75,74.94,69.64,0.75,0
718,189,1305.40,342.28,48.20,54.02,0.70,0
718,191,1152.29,310.28,38.34,45.20,0.31,0
719,94,361.99,176.39,67.93,64.46,0.88,0
719,3,155.47,308.28,73.37,69.34,0.89,0
719,189,1311.67,343.36,45.80,52.40,0.74,0
719,191,1158.73,310.89,36.89,41.72,0.65,0
720,94,361.88,176.12,68.92,64.65,0.83,0
720,3,156.77,308.70,73.16,69.58,0.88,0
720,189,1314.09,343.50,49.53,54.68,0.27,0
720,191,1161.21,310.71,38.92,44.82,0.54,0
721,94,364.45,177.48,68.83,63.57,0.82,0
721,3,160.33,308.93,71.18,69.07,0.87,0
721,189,1319.00,343.27,48.98,56.97,0.75,0
721,191,1165.68,310.92,40.00,46.02,0.62,0
722,94,371.18,179.48,68.56,63.65,0.55,0
722,3,165.07,310.02,70.64,67.10,0.89,0
722,189,1322.52,343.82,49.39,54.86,0.79,0
722,191,1169.39,310.81,40.37,47.50,0.65,0
723,94,376.83,180.93,66.82,62.82,0.84,0
723,3,169.96,312.12,68.99,67.29,0.84,0
723,189,1325.39,342.59,49.25,53.94,0.71,0
723,191,1173.12,309.85,41.19,45.52,0.64,0
724,94,380.76,182.63,66.51,61.69,0.78,0
724,3,172.94,312.33,69.85,68.82,0.78,0
724,189,1332.99,341.89,47.31,52.42,0.70,0
724,191,1178.25,310.92,39.01,44.12,0.48,0
725,94,383.77,182.25,66.33,63.20,0.78,0
725,3,174.99,313.17,74.62,68.98,0.82,0
725,189,1337.90,339.93,46.32,51.52,0.75,0
726,94,388.31,183.48,65.90,63.39,0.73,0
726,3,182.22,314.58,74.17,67.61,0.78,0
726,189,1341.77,336.90,47.38,53.53,0.50,0
726,191,1186.88,308.32,39.49,48.40,0.35,0
727,94,395.61,184.90,66.35,62.27,0.72,0
727,3,191.33,314.86,69.80,66.73,0.74,0
727,189,1346.77,335.35,51.64,55.51,0.59,0
728,94,403.50,183.73,65.54,62.13,0.83,0
728,3,197.17,314.92,71.17,68.28,0.41,0
728,189,1355.83,333.27,49.35,55.58,0.74,0
728,191,1198.35,304.32,40.58,47.23,0.39,0
729,94,411.05,183.09,65.92,63.66,0.88,0
729,3,207.12,315.85,70.76,66.54,0.62,0
729,189,1362.16,332.03,49.91,54.88,0.67,0
729,199,208.75,316.91,70.77,65.67,0.51,0
729,191,1205.16,303.86,41.56,46.82,0.32,0
730,94,413.30,182.14,68.99,63.70,0.82,0
730,3,213.90,315.23,70.47,65.78,0.51,0
730,189,1370.01,331.51,48.52,54.08,0.78,0
730,199,214.90,316.98,70.09,64.60,0.41,0
730,191,1210.74,302.35,40.91,43.28,0.38,0
731,94,424.37,183.47,67.49,62.56,0.84,0
731,3,222.06,315.89,70.58,67.34,0.77,0
731,189,1373.63,331.13,51.00,55.12,0.85,0
731,191,1215.51,301.67,42.76,44.59,0.28,0
732,94,431.27,183.24,65.92,61.39,0.82,0
732,3,230.66,315.19,69.58,66.07,0.82,0
732,189,1384.54,330.35,51.23,55.30,0.72,0
732,191,1225.52,300.86,44.52,45.37,0.43,0
733,94,436.55,181.44,65.61,63.09,0.69,0
733,3,239.15,314.27,69.67,64.75,0.83,0
733,189,1395.05,328.38,55.85,58.95,0.80,0
733,191,1238.22,299.21,40.66,43.45,0.67,0
734,94,454.20,181.39,58.96,61.16,0.61,0
734,3,252.65,314.91,64.02,64.27,0.84,0
734,189,1405.77,330.05,51.51,55.49,0.68,0
734,191,1247.64,299.79,38.41,40.49,0.50,0
735,94,460.26,180.48,65.38,62.62,0.72,0
735,3,265.66,314.52,65.40,61.79,0.75,0
735,191,1259.98,296.45,39.35,42.86,0.77,0
736,94,470.35,176.63,61.57,61.08,0.61,0
736,3,277.64,311.43,63.91,64.56,0.85,0
736,191,1270.43,292.95,39.70,46.70,0.80,0
736,189,1430.91,323.76,50.99,53.92,0.73,0
737,94,480.97,166.37,62.17,64.72,0.82,0
737,3,286.10,302.95,66.42,65.02,0.87,0
737,191,1284.70,284.38,36.24,44.61,0.65,0
737,189,1442.14,312.27,50.64,55.45,0.84,0
738,94,491.13,163.90,61.10,64.51,0.69,0
738,3,294.12,299.46,65.43,66.67,0.35,0
738,191,1292.68,279.10,40.30,46.59,0.39,0
738,189,1454.49,308.76,48.66,54.37,0.76,0
739,94,499.80,164.73,63.15,63.31,0.83,0
739,3,309.87,302.61,58.24,61.91,0.84,0
739,191,1299.74,278.17,45.47,45.15,0.30,0
739,189,1462.95,307.31,50.84,54.70,0.84,0
740,94,508.00,163.54,66.69,65.32,0.79,0
740,3,317.89,300.75,62.29,62.36,0.61,0
740,191,1312.15,275.79,41.81,44.39,0.58,0
740,189,1470.40,305.69,54.65,55.07,0.85,0
741,94,517.31,163.19,68.19,66.39,0.85,0
741,3,330.04,302.40,64.38,62.87,0.81,0
741,191,1322.20,274.83,40.69,43.78,0.67,0
741,189,1480.65,304.42,52.82,54.89,0.63,0
742,94,528.63,163.27,65.18,64.28,0.81,0
742,3,339.89,302.80,63.54,62.60,0.75,0
742,191,1333.58,272.66,39.69,43.69,0.72,0
742,189,1492.46,302.40,53.10,53.71,0.68,0
743,94,534.75,162.91,64.88,62.60,0.80,0
743,3,350.49,302.08,62.63,62.07,0.64,0
743,191,1339.61,270.79,40.42,46.45,0.68,0
743,189,1503.41,300.36,50.50,54.16,0.77,0
744,94,538.91,161.81,62.45,61.42,0.74,0
744,3,352.97,297.89,63.09,62.66,0.81,0
744,191,1343.73,267.48,42.42,48.25,0.48,0
744,189,1507.74,296.92,50.78,54.95,0.74,0
745,94,541.08,161.39,60.04,60.42,0.55,0
745,3,354.08,295.07,64.63,60.56,0.67,0
745,191,1346.09,265.76,41.61,47.30,0.68,0
745,189,1510.83,295.03,50.27,56.29,0.77,0
746,94,539.95,160.49,58.64,57.56,0.78,0
746,3,352.31,292.39,65.01,61.16,0.87,0
746,191,1347.22,263.24,41.11,47.34,0.75,0
746,189,1512.54,291.50,48.91,56.51,0.80,0
747,94,534.43,160.54,62.29,58.71,0.71,0
747,3,348.79,292.24,67.90,61.84,0.84,0
747,191,1346.30,263.67,40.36,46.53,0.51,0
747,189,1509.52,291.30,49.18,56.01,0.75,0
748,94,531.73,158.82,61.65,59.24,0.78,0
748,3,342.93,291.42,66.41,62.28,0.65,0
748,191,1346.79,263.89,39.74,46.22,0.56,0
748,189,1509.57,291.90,47.82,53.43,0.70,0
749,94,528.74,154.46,60.59,60.95,0.49,0
749,3,338.36,290.83,64.49,61.07,0.76,0
749,191,1343.87,261.58,41.21,46.52,0.51,0
749,189,1507.77,289.24,48.70,53.26,0.32,0
750,94,527.03,156.05,60.75,60.04,0.78,0
750,3,337.92,291.57,61.08,60.22,0.77,0
750,191,1337.75,259.99,42.68,48.00,0.63,0
750,189,1502.89,286.90,50.56,55.86,0.71,0
751,94,524.52,155.73,61.11,58.92,0.74,0
751,3,336.85,291.09,61.49,60.25,0.78,0
751,191,1335.70,259.41,42.69,48.29,0.61,0
751,189,1500.26,285.72,52.53,56.87,0.80,0
752,94,521.91,154.29,59.61,59.43,0.60,0
752,3,331.69,290.15,65.49,63.26,0.82,0
752,191,1334.88,259.04,41.60,47.54,0.73,0
752,189,1498.69,285.01,54.31,58.15,0.76,0
753,94,519.37,153.16,56.42,58.58,0.71,0
753,3,328.40,288.71,62.91,64.68,0.83,0
753,191,1333.96,258.10,41.09,46.53,0.67,0
753,189,1495.91,283.81,56.09,58.24,0.80,0
754,94,514.53,152.28,58.77,59.02,0.76,0
754,3,320.83,288.77,64.72,64.87,0.73,0
754,191,1332.45,258.86,40.09,46.16,0.66,0
754,189,1492.31,283.97,56.84,57.97,0.83,0
755,94,510.49,150.69,61.41,61.24,0.66,0
755,3,318.55,291.03,62.88,59.89,0.74,0
755,191,1330.01,260.15,38.83,44.08,0.64,0
755,189,1490.04,284.34,54.65,57.47,0.86,0
756,94,508.47,149.96,62.18,62.68,0.81,0
756,3,316.84,290.63,63.46,61.19,0.79,0
756,191,1326.08,259.56,41.47,45.23,0.45,0
756,189,1488.37,284.38,52.23,57.20,0.83,0
757,94,506.83,150.05,61.97,63.81,0.82,0
757,3,314.13,290.45,64.31,61.64,0.78,0
757,191,1323.81,259.75,43.14,46.66,0.54,0
757,189,1486.79,284.35,52.92,56.96,0.82,0
758,94,501.86,145.90,64.34,66.28,0.76,0
758,3,309.95,289.10,64.19,62.38,0.86,0
758,191,1322.02,257.94,44.44,46.37,0.48,0
758,189,1485.91,283.87,52.32,56.48,0.82,0
759,94,499.19,145.60,66.24,66.13,0.74,0
759,3,306.27,287.07,67.02,64.84,0.87,0
759,189,1483.15,284.11,51.44,56.56,0.50,0
760,94,496.92,144.83,66.05,66.90,0.85,0
760,3,304.16,285.76,67.64,66.98,0.86,0
760,189,1480.73,284.59,50.68,56.34,0.71,0
760,191,1315.39,255.78,46.72,48.02,0.35,0
761,94,494.80,148.29,62.63,61.71,0.58,0
761,3,301.00,284.85,67.93,67.06,0.83,0
761,189,1479.43,283.03,49.90,56.68,0.72,0
761,191,1315.26,254.07,45.26,48.43,0.43,0
762,94,492.87,149.64,61.41,60.38,0.71,0
762,3,296.55,284.72,66.44,66.53,0.82,0
762,189,1471.51,281.90,55.16,57.08,0.84,0
763,94,484.51,145.27,63.35,64.51,0.69,0
763,3,290.33,284.67,66.71,67.71,0.77,0
763,189,1466.41,281.47,54.39,57.39,0.87,0
763,191,1307.43,253.39,44.46,44.46,0.39,0
764,94,476.89,143.39,64.13,65.40,0.75,0
764,3,280.20,283.77,70.88,67.83,0.83,0
764,189,1461.34,281.97,51.81,55.61,0.81,0
764,191,1298.85,253.55,45.93,42.43,0.52,0
765,94,469.42,143.55,65.07,66.26,0.55,0
765,3,272.91,284.41,65.80,63.10,0.75,0
765,189,1456.89,282.25,49.23,56.58,0.70,0
765,191,1293.93,252.80,45.09,44.23,0.36,0
766,94,459.79,143.04,66.43,66.82,0.52,0
766,3,264.72,283.79,67.65,66.38,0.90,0
766,189,1446.84,281.95,54.19,57.40,0.83,0
766,191,1287.74,253.43,43.77,44.06,0.39,0
767,94,457.20,143.52,64.12,67.16,0.79,0
767,3,260.51,286.32,64.08,63.66,0.88,0
767,189,1441.96,282.81,54.14,56.70,0.82,0
768,94,451.55,146.00,66.59,65.48,0.80,0
768,3,257.96,289.92,64.56,61.91,0.82,0
768,189,1439.24,283.75,50.26,54.78,0.83,0
768,191,1277.74,256.93,43.02,44.20,0.50,0
769,94,446.70,145.82,67.12,67.29,0.55,0
769,3,248.82,292.47,67.42,63.94,0.78,0
769,189,1435.04,283.93,50.17,55.75,0.54,0
769,191,1274.38,257.13,43.47,45.15,0.44,0
770,94,438.03,148.77,66.56,64.56,0.78,0
770,3,240.89,293.55,68.16,65.55,0.71,0
770,189,1431.02,284.17,50.00,56.46,0.78,0
770,191,1270.06,256.61,42.42,47.69,0.48,0
771,94,429.35,149.67,67.71,64.46,0.61,0
771,3,232.19,292.75,70.74,67.78,0.35,0
771,189,1422.41,284.20,50.92,55.84,0.89,0
771,191,1265.07,256.36,42.15,47.66,0.69,0
772,94,420.07,146.10,72.81,68.56,0.51,0
772,3,221.14,293.33,71.07,69.13,0.88,0
772,191,1258.50,256.89,39.69,47.26,0.44,0
773,94,409.88,146.94,70.10,66.62,0.34,0
773,3,212.29,293.38,71.52,70.15,0.88,0
773,191,1246.60,255.98,42.46,48.71,0.36,0
774,94,400.06,144.89,71.28,69.30,0.78,0
774,3,200.60,292.96,70.97,67.80,0.57,0
774,191,1238.70,255.49,41.90,47.90,0.47,0
775,94,391.47,142.30,74.88,72.11,0.50,0
775,3,193.74,294.18,69.23,64.72,0.80,0
776,94,382.13,141.79,69.34,69.20,0.79,0
776,3,182.77,289.31,69.34,66.76,0.83,0
776,191,1221.66,252.66,46.76,46.31,0.37,0
777,94,372.06,137.82,71.11,71.18,0.74,0
777,3,169.82,283.98,69.90,68.77,0.86,0
778,94,362.57,135.69,69.41,69.93,0.81,0
778,3,161.04,280.51,68.64,68.15,0.89,0
779,94,354.93,134.59,68.69,68.74,0.86,0
779,3,151.23,278.38,69.62,68.23,0.89,0
779,189,1359.86,277.29,47.55,52.67,0.73,0
780,94,347.83,135.10,69.41,66.35,0.78,0
780,3,143.11,277.95,69.79,68.71,0.87,0
780,189,1348.89,275.69,53.71,55.76,0.76,0
781,94,337.01,132.25,69.39,69.06,0.51,0
781,3,129.64,275.64,75.47,70.20,0.86,0
781,189,1343.50,272.67,54.03,58.88,0.39,0
782,3,122.43,276.00,73.15,69.18,0.85,0
782,189,1337.33,271.26,53.95,59.25,0.60,0
782,210,1.91,115.87,38.43,63.84,0.35,0
783,3,118.89,275.91,72.32,69.66,0.90,0
783,189,1333.21,274.86,51.90,54.88,0.39,0
783,94,325.06,129.02,66.33,66.59,0.40,0
784,3,113.99,276.46,74.03,69.48,0.92,0
784,189,1326.71,275.36,54.19,56.56,0.69,0
784,94,318.51,131.30,69.62,65.33,0.77,0
784,191,1172.08,247.67,43.24,44.38,0.76,0
785,3,106.78,277.10,76.11,71.96,0.85,0
785,189,1322.85,276.58,54.53,57.65,0.79,0
785,94,313.98,134.22,68.95,65.64,0.73,0
785,191,1171.30,249.48,40.76,44.44,0.73,0
786,3,99.52,278.94,73.48,71.80,0.91,0
786,189,1321.26,280.40,51.69,56.61,0.82,0
786,94,307.98,135.41,70.42,66.68,0.80,0
786,191,1169.05,251.68,40.76,43.56,0.61,0
787,3,91.92,279.47,75.59,73.47,0.91,0
787,189,1316.59,282.68,52.08,56.09,0.83,0
787,94,301.64,136.27,71.14,67.57,0.78,0
787,191,1164.74,253.01,42.37,43.58,0.53,0
788,3,87.58,281.21,75.46,75.99,0.87,0
788,189,1313.31,284.62,50.78,56.68,0.74,0
788,94,294.89,134.04,73.35,75.92,0.73,0
788,191,1159.61,256.06,41.79,44.54,0.33,0
789,3,84.87,285.61,76.47,73.35,0.81,0
789,189,1310.63,286.75,50.13,56.59,0.77,0
789,94,291.55,136.10,73.43,76.91,0.50,0
789,191,1155.63,259.85,42.61,44.43,0.62,0
790,3,83.42,289.42,76.54,73.02,0.60,0
790,189,1308.68,288.11,48.84,55.20,0.76,0
790,94,289.48,140.87,71.77,73.51,0.42,0
790,191,1154.94,262.27,41.43,44.37,0.66,0
791,3,78.12,290.85,76.57,73.11,0.87,0
791,189,1301.08,289.53,53.24,56.69,0.82,0
791,94,286.29,143.90,71.45,71.12,0.70,0
791,191,1151.21,263.90,40.67,45.71,0.61,0
792,3,73.83,292.92,76.98,73.65,0.86,0
792,189,1299.37,293.36,48.90,56.07,0.63,0
792,94,283.68,146.47,71.81,69.63,0.42,0
792,191,1146.88,264.90,41.78,47.39,0.76,0
793,3,70.35,294.58,76.31,75.10,0.90,0
793,189,1296.63,298.58,45.04,53.12,0.38,0
793,94,281.53,148.88,72.07,70.31,0.76,0
793,191,1143.24,267.92,41.81,47.28,0.85,0
794,3,68.92,313.76,76.41,75.05,0.84,0
794,189,1295.75,316.84,44.82,51.15,0.73,0
794,94,281.07,168.83,70.74,70.74,0.61,0
794,191,1140.90,286.68,40.23,46.21,0.73,0
795,3,68.78,324.17,73.95,72.12,0.90,0
795,189,1290.71,327.61,45.24,51.96,0.74,0
795,94,280.84,180.37,72.57,69.28,0.47,0
795,191,1138.27,297.60,40.00,44.14,0.73,0
796,3,70.74,325.95,74.81,74.22,0.88,0
796,189,1289.06,331.66,45.31,53.91,0.65,0
796,94,282.88,185.95,56.46,65.85,0.45,0
796,191,1135.82,303.06,40.31,44.89,0.37,0
796,213,68.18,259.77,77.29,63.37,0.67,0
797,3,59.54,323.99,80.02,76.44,0.85,0
797,189,1291.71,333.38,46.21,55.77,0.43,0
797,191,1136.25,304.57,39.86,45.18,0.42,0
797,213,60.19,258.37,81.62,65.02,0.49,0
798,3,53.75,322.57,82.39,77.56,0.81,0
798,189,1283.49,334.88,52.50,55.68,0.80,0
798,191,1133.95,305.76,42.08,46.22,0.52,0
799,3,54.69,325.02,77.53,72.00,0.66,0
799,189,1276.53,334.66,55.53,57.30,0.85,0
799,191,1129.36,307.16,40.78,45.72,0.43,0
799,213,59.03,259.82,75.24,64.55,0.71,0
800,189,1275.61,335.03,55.17,56.11,0.81,0
800,191,1128.80,307.94,39.99,45.17,0.57,0
801,189,1277.25,334.26,53.16,55.24,0.84,0
801,191,1127.54,307.15,40.92,45.61,0.47,0
802,189,1274.26,333.06,56.09,56.92,0.86,0
802,191,1126.53,305.23,40.46,49.13,0.28,0
802,94,262.13,182.12,70.79,68.59,0.75,0
803,189,1272.66,332.71,55.34,56.87,0.89,0
803,191,1126.76,304.41,39.02,49.48,0.36,0
803,94,261.41,182.48,70.36,66.37,0.85,0
804,189,1273.64,332.14,53.75,56.57,0.88,0
804,191,1124.75,302.00,41.28,47.93,0.27,0
804,94,260.62,180.83,71.24,64.88,0.82,0
805,189,1274.50,327.04,50.15,56.37,0.49,0
805,191,1121.18,295.24,45.48,49.13,0.76,0
805,94,258.27,172.04,71.60,67.77,0.69,0
806,189,1274.84,321.62,50.95,53.40,0.59,0
806,191,1122.16,290.53,43.30,47.11,0.81,0
806,94,256.81,162.87,71.70,71.42,0.83,0
806,3,45.39,303.48,74.57,76.67,0.91,0
807,189,1273.17,311.34,52.79,56.50,0.85,0
807,191,1124.80,282.39,40.21,45.38,0.63,0
807,94,256.56,157.86,70.96,68.34,0.84,0
807,3,44.48,297.65,73.89,74.52,0.90,0
807,213,43.01,233.66,74.33,61.47,0.56,0
808,189,1275.02,305.75,51.50,55.07,0.84,0
808,191,1124.26,274.68,41.22,45.10,0.74,0
808,94,254.97,147.30,72.21,70.88,0.65,0
808,3,41.85,291.72,74.39,72.12,0.82,0
809,189,1273.58,301.11,52.53,57.43,0.74,0
809,191,1122.39,272.01,40.99,44.72,0.74,0
809,94,254.57,143.52,73.53,71.74,0.78,0
809,3,41.40,285.73,76.07,75.23,0.80,0
810,189,1273.42,295.05,54.76,59.24,0.83,0
810,191,1122.20,265.88,44.11,48.55,0.76,0
810,94,249.47,134.30,75.26,77.32,0.79,0
810,3,36.82,278.91,78.90,77.83,0.87,0
811,189,1273.97,288.61,54.34,59.71,0.85,0
811,191,1121.50,259.32,41.76,48.63,0.78,0
811,94,245.61,131.12,77.56,74.10,0.61,0
811,3,34.46,274.50,80.67,78.18,0.84,0
811,213,33.07,209.26,79.56,66.52,0.52,0
812,189,1273.69,283.98,51.99,57.85,0.87,0
812,191,1125.25,254.92,39.49,47.00,0.51,0
812,94,244.72,126.59,75.24,72.25,0.68,0
812,3,35.35,271.19,79.47,75.04,0.81,0
812,213,34.54,205.40,79.49,64.34,0.45,0
813,189,1274.33,279.47,52.29,57.50,0.72,0
813,191,1123.88,249.01,43.34,46.58,0.76,0
813,3,29.65,264.25,80.20,76.08,0.51,0
814,189,1275.13,270.28,54.75,57.97,0.82,0
814,191,1124.44,240.19,42.89,48.02,0.71,0
814,3,24.27,254.60,82.68,79.69,0.86,0
814,94,239.97,112.35,72.79,71.58,0.69,0
815,189,1274.05,256.99,54.56,58.41,0.79,0
815,191,1123.22,226.70,42.71,47.21,0.50,0
815,3,24.22,243.24,82.59,78.65,0.88,0
815,94,238.39,97.61,74.55,73.70,0.33,0
816,189,1274.47,244.19,54.21,58.72,0.82,0
816,191,1122.23,214.47,42.68,49.00,0.75,0
816,3,23.76,232.82,81.24,79.44,0.86,0
816,94,236.08,86.61,76.69,75.22,0.77,0
817,189,1274.67,240.29,54.05,59.61,0.82,0
817,191,1121.69,212.03,43.39,48.98,0.68,0
817,3,23.39,233.74,81.11,78.86,0.83,0
817,94,235.36,86.57,77.25,76.10,0.78,0
818,189,1274.49,238.74,53.87,60.14,0.83,0
818,191,1121.56,211.48,43.15,49.04,0.65,0
818,3,19.68,234.59,80.71,78.71,0.85,0
818,94,230.61,86.64,77.21,75.70,0.79,0
819,189,1273.83,237.38,54.01,59.17,0.88,0
819,191,1121.68,210.68,41.98,49.39,0.63,0
819,3,15.87,236.68,79.73,77.18,0.84,0
819,94,225.17,84.94,81.59,78.78,0.82,0
820,189,1272.20,235.57,52.89,57.99,0.88,0
820,191,1119.93,208.41,42.61,48.69,0.69,0
820,3,14.40,240.09,79.66,74.23,0.68,0
820,94,223.45,83.06,80.61,80.34,0.72,0
821,189,1270.60,235.40,52.76,57.59,0.82,0
821,191,1118.11,207.86,42.24,49.10,0.67,0
821,3,12.79,243.00,79.05,73.03,0.83,0
821,94,219.72,85.49,83.00,79.80,0.39,0
822,189,1268.68,235.49,55.08,58.19,0.85,0
822,191,1116.10,206.46,42.93,49.55,0.51,0
822,3,13.53,244.76,78.37,73.10,0.84,0
822,94,219.25,87.07,82.80,80.15,0.59,0
823,189,1267.54,235.75,54.07,57.51,0.86,0
823,191,1115.31,205.70,43.39,50.44,0.33,0
823,3,12.12,245.19,78.49,74.09,0.84,0
823,94,216.68,89.43,81.44,79.62,0.29,0
823,229,1118.92,255.06,37.46,25.63,0.35,0
824,189,1270.39,235.50,50.82,55.44,0.82,0
824,191,1112.50,205.22,47.07,48.81,0.27,0
824,3,10.86,245.42,78.19,72.55,0.84,0
824,94,215.82,91.21,79.37,79.06,0.52,0
824,229,1119.74,253.78,37.76,24.44,0.38,0
825,189,1273.88,234.76,50.24,55.75,0.85,0
825,191,1117.83,206.00,45.51,45.21,0.31,0
825,3,16.36,247.40,79.13,73.78,0.84,0
825,94,219.57,91.64,86.99,82.36,0.42,0
826,189,1277.44,232.84,55.33,58.37,0.86,0
826,191,1126.21,204.93,45.27,47.26,0.31,0
826,3,23.99,249.97,77.19,73.72,0.81,0
826,94,229.84,96.34,79.32,74.93,0.67,0
827,189,1284.51,233.30,53.97,58.62,0.72,0
827,3,30.27,252.42,76.74,72.27,0.80,0
828,189,1288.96,232.51,54.19,59.59,0.32,0
828,3,33.70,252.63,77.65,75.16,0.84,0
828,191,1137.20,205.00,43.78,49.49,0.29,0
828,94,241.54,101.28,75.40,70.60,0.30,0
829,189,1297.29,231.77,55.18,59.09,0.73,0
829,3,47.54,255.34,74.13,70.17,0.77,0
829,191,1146.05,204.49,44.68,48.69,0.54,0
830,189,1308.53,233.43,51.70,58.13,0.47,0
830,3,62.17,257.13,71.86,71.41,0.89,0
830,191,1155.21,207.06,43.46,45.03,0.26,0
831,189,1319.22,234.78,50.85,56.64,0.71,0
831,3,72.28,258.48,69.62,70.40,0.91,0
831,191,1163.06,206.34,46.62,49.59,0.69,0
831,94,273.36,112.70,73.14,64.19,0.73,0
832,189,1326.25,233.79,53.80,56.71,0.78,0
832,3,76.03,260.56,81.44,72.23,0.77,0
832,191,1169.79,205.05,50.14,51.30,0.34,0
832,94,284.49,113.64,71.99,67.29,0.66,0
833,189,1336.86,234.56,49.58,55.86,0.43,0
833,3,92.48,264.09,78.83,73.76,0.55,0
833,191,1180.37,206.76,45.18,48.64,0.31,0
833,94,293.76,113.45,72.39,69.76,0.75,0
833,235,94.35,264.16,76.21,73.87,0.42,0
834,3,101.99,264.87,80.86,72.91,0.75,0
834,191,1188.90,206.39,43.68,49.56,0.46,0
834,94,307.12,116.84,65.97,66.79,0.74,0
834,235,102.17,265.61,77.49,72.86,0.45,0
835,191,1199.31,207.32,45.24,49.75,0.34,0
835,189,1358.78,235.40,48.96,55.57,0.40,0
836,191,1212.17,206.50,44.27,50.90,0.53,0
837,3,142.47,269.45,76.84,71.16,0.81,0
837,189,1383.37,232.68,51.06,58.39,0.64,0
838,3,156.43,269.53,71.64,69.67,0.69,0
838,189,1393.83,232.14,53.10,59.14,0.75,0
838,94,351.88,119.14,71.40,74.24,0.36,0
838,191,1235.93,205.49,46.26,54.08,0.43,0
839,3,167.54,272.46,59.62,67.73,0.39,0
839,189,1400.19,232.40,56.33,58.88,0.62,0
840,3,185.07,270.28,65.15,70.05,0.62,0
840,189,1409.04,231.22,50.46,58.46,0.49,0
840,94,368.62,117.66,74.15,77.66,0.49,0
841,3,177.59,270.90,67.10,66.53,0.79,0
841,189,1404.86,231.27,58.75,59.25,0.72,0
842,3,185.91,269.25,69.77,65.14,0.82,0
842,189,1417.03,234.17,55.58,55.44,0.79,0
842,241,381.50,117.77,69.15,71.93,0.39,0
843,3,193.34,270.35,66.15,61.11,0.61,0
843,189,1418.84,237.35,55.25,55.90,0.60,0
844,3,192.69,267.19,68.25,66.16,0.65,0
844,245,191.51,267.11,68.96,66.35,0.53,0
844,191,1262.38,209.05,45.44,49.89,0.65,0
845,245,191.89,263.94,70.13,71.92,0.77,0
845,191,1263.59,209.37,44.35,49.61,0.44,0
845,189,1422.84,237.28,54.33,54.73,0.43,0
846,245,190.78,262.47,70.52,72.65,0.82,0
846,191,1264.97,211.58,42.82,48.61,0.64,0
846,241,385.67,115.64,67.88,72.75,0.27,0
847,245,185.10,257.50,70.98,72.33,0.88,0
847,241,382.22,113.90,70.24,70.55,0.41,0
847,189,1429.99,239.77,48.88,56.07,0.67,0
848,245,183.83,256.79,71.53,71.92,0.90,0
848,241,380.91,111.78,70.54,70.09,0.50,0
848,189,1425.01,242.97,43.58,55.64,0.63,0
848,191,1265.92,214.39,44.17,49.18,0.41,0
849,3,185.24,256.58,65.95,68.06,0.87,0
850,250,379.80,111.35,67.59,66.85,0.75,0
850,3,180.28,254.43,71.73,70.57,0.81,0
851,3,163.77,252.12,73.66,71.25,0.77,0
859,279,164.36,254.45,71.04,73.30,0.88,0
868,313,1404.21,252.39,49.04,56.65,0.70,0
873,324,1389.29,259.01,51.61,57.87,0.74,0
874,324,1390.62,261.25,47.83,53.29,0.71,0
875,324,1389.67,261.18,51.53,56.08,0.54,0
882,345,1373.62,255.34,56.60,58.66,0.80,0
887,324,1189.62,208.03,40.62,50.63,0.77,0
888,324,1172.53,203.74,46.14,50.50,0.55,0
889,324,1158.51,196.63,43.78,50.34,0.79,0
890,324,1141.96,186.38,46.58,50.50,0.57,0
891,324,1129.62,173.39,45.45,50.87,0.74,0
