0,1,880.83,640.52,57.63,60.07,0.86,0
1,1,880.81,638.13,59.08,61.34,0.82,0
2,1,880.54,636.27,59.22,62.32,0.61,0
3,1,882.22,634.94,58.07,60.34,0.63,0
3,2,883.85,635.67,57.42,59.98,0.53,0
5,1,883.48,628.80,57.34,60.57,0.85,0
6,1,882.67,624.72,58.91,59.38,0.79,0
7,1,882.78,620.46,59.54,60.08,0.79,0
8,1,881.92,616.02,58.80,61.71,0.85,0
9,1,881.27,613.39,60.55,63.14,0.86,0
10,1,881.50,610.49,61.63,63.22,0.83,0
11,1,882.79,607.32,62.76,61.98,0.85,0
12,1,882.06,604.38,60.39,59.49,0.87,0
13,1,881.84,595.37,60.78,60.00,0.90,0
14,1,880.98,588.96,61.65,61.62,0.87,0
15,1,883.38,584.86,60.09,61.80,0.79,0
16,1,881.95,578.36,60.63,61.84,0.81,0
17,1,880.41,576.70,59.93,59.90,0.73,0
18,1,879.65,575.79,59.28,59.58,0.73,0
19,1,878.35,574.93,58.20,58.47,0.85,0
20,1,876.29,572.93,59.44,59.90,0.87,0
21,1,877.40,571.67,58.71,60.83,0.88,0
22,1,877.49,570.03,58.98,61.61,0.89,0
23,1,877.75,567.86,58.58,62.76,0.88,0
24,1,876.03,566.55,60.81,62.98,0.88,0
25,1,874.19,565.35,62.01,62.02,0.87,0
26,1,874.25,563.73,60.58,60.64,0.88,0
27,1,874.84,563.92,58.54,58.49,0.87,0
28,1,873.86,561.82,59.59,60.20,0.73,0
29,1,872.22,559.08,60.77,60.95,0.89,0
30,1,871.84,556.25,60.39,59.84,0.89,0
31,1,870.55,552.50,61.08,61.45,0.89,0
32,1,870.59,552.12,60.04,60.30,0.89,0
33,1,870.46,550.25,60.08,58.97,0.91,0
34,1,870.49,550.15,60.48,58.94,0.91,0
35,1,869.63,550.14,60.51,59.16,0.90,0
36,1,869.34,549.71,60.47,59.41,0.89,0
37,1,868.74,548.75,60.84,58.98,0.89,0
38,1,867.88,548.18,60.23,59.26,0.89,0
39,1,867.16,547.23,59.18,60.09,0.89,0
40,1,867.25,546.39,58.60,60.61,0.89,0
41,1,867.57,545.49,57.74,60.52,0.89,0
42,1,867.51,544.89,57.18,60.10,0.89,0
43,1,867.41,544.61,56.62,59.04,0.88,0
44,1,867.43,544.48,56.95,59.03,0.89,0
45,1,867.56,544.11,57.27,59.70,0.89,0
46,1,867.92,543.17,57.70,60.66,0.88,0
47,1,868.53,542.68,57.35,60.98,0.88,0
48,1,868.13,542.35,56.65,60.33,0.88,0
48,3,1521.53,661.47,81.85,89.36,0.33,0
49,1,867.68,541.17,55.90,60.10,0.88,0
49,3,1522.03,660.89,80.86,90.04,0.30,0
50,1,867.02,540.50,56.10,60.39,0.88,0
50,3,1522.85,660.71,79.28,89.54,0.27,0
51,1,866.69,539.67,56.31,61.10,0.88,0
51,3,1522.44,660.72,79.92,88.82,0.27,0
52,1,866.76,538.77,56.23,61.33,0.88,0
52,3,1524.31,660.66,77.75,89.04,0.28,0
53,1,866.87,538.22,56.51,60.87,0.67,0
54,1,866.37,537.09,57.24,60.75,0.88,0
54,3,1523.13,658.99,79.72,88.49,0.25,0
55,1,866.10,536.92,57.25,60.29,0.88,0
56,1,865.83,536.28,58.14,60.67,0.88,0
57,1,866.83,535.05,58.30,62.06,0.87,0
58,1,867.14,534.11,58.42,63.26,0.87,0
59,1,867.70,533.29,58.70,64.17,0.87,0
60,1,868.14,533.03,59.16,64.51,0.87,0
61,1,867.76,532.84,59.81,63.72,0.88,0
62,1,868.04,532.68,60.29,63.29,0.88,0
63,1,867.86,532.25,60.62,64.00,0.89,0
64,1,868.26,532.11,59.60,64.43,0.88,0
65,1,868.99,531.71,58.05,63.86,0.87,0
66,1,869.19,531.09,58.18,62.35,0.88,0
67,1,869.33,530.77,57.85,60.84,0.88,0
68,1,869.19,530.35,58.37,60.99,0.88,0
69,1,868.98,529.25,59.16,62.21,0.88,0
70,1,868.88,527.83,60.14,62.62,0.89,0
71,1,868.72,527.03,60.89,62.41,0.88,0
72,1,868.45,526.87,61.65,62.70,0.89,0
73,1,869.53,526.96,61.18,62.38,0.88,0
74,1,870.82,527.25,60.23,60.87,0.88,0
75,1,871.08,526.42,60.12,59.81,0.89,0
76,1,871.34,526.04,60.49,59.43,0.90,0
77,1,870.92,525.56,61.23,60.13,0.90,0
78,1,870.91,525.43,61.05,60.19,0.90,0
79,1,870.93,524.55,61.33,60.34,0.89,0
80,1,870.67,523.58,61.84,59.87,0.89,0
81,1,870.90,522.65,61.50,60.33,0.89,0
82,1,871.78,521.36,60.89,60.20,0.89,0
83,1,872.08,520.42,61.13,60.46,0.89,0
84,1,872.14,519.64,61.64,61.63,0.88,0
85,1,872.68,518.56,61.96,62.16,0.88,0
86,1,873.18,517.88,61.65,62.05,0.87,0
87,1,872.86,517.82,61.26,60.36,0.87,0
88,1,873.40,517.51,61.13,60.74,0.87,0
89,1,873.09,517.01,61.88,61.81,0.87,0
90,1,872.73,517.38,62.29,62.09,0.87,0
91,1,872.68,516.90,62.91,62.62,0.87,0
92,1,872.64,516.74,63.43,63.18,0.87,0
93,1,872.27,517.28,62.66,62.19,0.87,0
94,1,872.16,517.27,61.37,61.47,0.87,0
95,1,872.22,517.05,60.96,61.07,0.86,0
96,1,871.59,516.76,61.36,61.34,0.86,0
97,1,871.20,516.89,61.88,61.74,0.87,0
98,1,870.10,516.49,62.64,62.50,0.88,0
99,1,869.75,516.60,62.74,62.92,0.88,0
100,1,869.89,517.11,62.42,62.92,0.88,0
101,1,870.10,517.45,61.35,62.12,0.87,0
102,1,869.94,517.55,61.15,62.10,0.87,0
103,1,868.71,517.08,62.57,62.79,0.88,0
104,1,867.73,516.75,62.10,62.33,0.88,0
105,1,867.82,516.96,61.38,61.76,0.87,0
106,1,867.60,516.84,61.04,62.24,0.87,0
107,1,866.69,516.91,60.15,62.71,0.88,0
108,1,866.29,516.93,58.64,62.23,0.88,0
109,1,866.06,516.95,58.08,62.02,0.88,0
110,1,866.98,517.44,56.73,61.65,0.87,0
111,1,867.33,517.63,57.28,62.28,0.87,0
112,1,867.12,517.09,58.89,63.73,0.87,0
113,1,865.44,517.53,60.02,63.17,0.88,0
114,1,864.65,517.48,59.62,63.11,0.88,0
115,1,863.79,517.66,59.23,62.48,0.87,0
116,1,862.65,516.87,59.48,63.02,0.87,0
117,1,861.22,516.91,60.38,63.35,0.87,0
118,1,860.11,517.02,61.19,63.54,0.87,0
119,1,858.67,516.97,61.72,64.74,0.86,0
120,1,857.34,517.25,61.81,64.40,0.85,0
121,1,856.48,516.84,61.91,65.21,0.83,0
122,1,855.34,516.64,60.79,65.07,0.83,0
123,1,853.64,517.14,61.16,64.76,0.87,0
124,1,852.00,518.05,61.29,63.97,0.87,0
125,1,849.89,517.46,62.84,63.79,0.88,0
126,1,848.16,517.39,62.19,62.07,0.87,0
127,1,846.76,516.99,62.62,61.87,0.87,0
128,1,845.98,515.62,63.02,63.33,0.88,0
129,1,846.58,515.61,61.82,62.81,0.87,0
130,1,846.38,515.07,62.17,62.73,0.88,0
131,1,845.23,514.22,62.40,60.69,0.76,0
132,1,845.52,513.71,61.11,60.21,0.71,0
132,5,846.02,513.36,60.08,59.96,0.39,0
133,1,845.15,513.20,59.21,60.38,0.77,0
133,5,845.56,512.89,58.40,59.80,0.27,0
135,1,843.81,510.67,59.13,62.79,0.88,0
136,1,843.84,509.78,59.30,63.07,0.88,0
137,1,843.67,509.33,59.15,62.67,0.89,0
138,1,842.96,508.89,59.07,62.48,0.90,0
139,1,842.62,509.25,58.59,62.38,0.89,0
140,1,842.75,509.55,58.25,62.22,0.89,0
141,1,842.51,509.02,58.76,62.82,0.89,0
142,1,842.81,508.56,58.70,63.23,0.89,0
143,1,842.79,508.17,58.75,62.49,0.89,0
143,6,755.51,569.24,38.75,23.90,0.37,0
144,1,842.09,507.53,59.24,60.51,0.89,0
145,1,842.31,507.04,59.31,60.89,0.90,0
146,1,842.52,506.37,58.78,62.18,0.89,0
147,1,842.99,505.68,58.32,62.05,0.90,0
147,6,754.85,568.13,37.75,21.01,0.38,0
148,1,843.10,505.29,57.78,59.98,0.88,0
149,1,842.15,504.54,58.19,59.65,0.89,0
150,1,843.31,503.55,57.54,59.14,0.89,0
150,6,753.97,565.24,40.15,21.18,0.33,0
151,1,844.68,502.97,56.73,57.47,0.89,0
152,1,845.91,502.15,58.37,58.03,0.89,0
153,1,846.10,501.56,60.12,59.16,0.90,0
154,1,847.67,501.47,59.49,59.50,0.90,0
155,1,847.28,500.68,60.14,59.52,0.90,0
156,1,846.76,499.44,61.77,59.75,0.91,0
157,1,847.57,498.40,62.14,60.37,0.90,0
158,1,851.06,497.38,60.77,60.55,0.89,0
159,1,854.32,495.89,59.66,60.22,0.89,0
160,1,856.79,493.99,61.60,61.39,0.87,0
161,1,860.54,493.19,60.85,61.39,0.88,0
162,1,863.69,492.48,59.09,60.06,0.88,0
163,1,866.12,491.74,58.55,60.88,0.88,0
164,1,868.88,490.68,57.90,60.67,0.88,0
165,1,871.25,489.92,60.37,59.92,0.85,0
166,1,874.28,488.98,60.22,60.61,0.62,0
167,1,878.87,488.08,58.68,62.47,0.78,0
168,1,883.33,487.50,60.26,60.87,0.88,0
169,1,887.85,485.91,62.05,62.23,0.89,0
170,1,893.13,484.52,61.09,62.84,0.89,0
171,1,899.78,484.74,59.11,60.48,0.86,0
172,1,904.08,482.93,60.37,60.10,0.69,0
173,1,907.77,481.25,62.12,63.00,0.88,0
174,1,911.14,480.28,62.67,63.37,0.89,0
175,1,914.01,479.89,60.09,62.39,0.88,0
176,1,915.76,479.12,60.62,62.24,0.89,0
177,1,918.29,478.85,60.78,61.14,0.87,0
178,1,919.90,478.39,60.40,60.15,0.88,0
179,1,922.01,478.02,59.03,59.46,0.86,0
180,1,924.67,477.73,58.75,59.03,0.84,0
181,1,927.42,476.23,58.25,60.05,0.87,0
182,1,929.40,475.62,61.58,60.81,0.89,0
183,1,932.22,475.76,60.53,59.85,0.89,0
184,1,934.02,474.96,59.34,59.22,0.89,0
185,1,934.81,474.64,60.03,59.92,0.90,0
186,1,937.32,474.38,59.15,60.60,0.89,0
187,1,939.48,473.29,58.63,61.82,0.88,0
188,1,939.98,473.38,59.11,62.54,0.88,0
189,1,940.86,473.02,61.32,63.12,0.89,0
190,1,941.92,472.84,61.35,62.48,0.88,0
191,1,943.17,472.86,61.64,62.64,0.88,0
192,1,943.88,472.32,61.76,62.75,0.88,0
193,1,943.29,471.69,62.81,62.54,0.88,0
194,1,943.13,472.13,62.86,61.45,0.88,0
195,1,943.43,471.70,63.94,61.67,0.87,0
196,1,944.86,470.48,64.19,63.16,0.88,0
197,1,945.17,470.91,64.11,63.25,0.88,0
198,1,946.81,470.45,63.24,63.58,0.87,0
199,1,948.14,469.18,62.76,64.20,0.88,0
200,1,950.39,468.00,61.12,65.12,0.64,0
201,1,951.64,467.59,60.50,64.71,0.62,0
201,9,951.84,467.57,59.94,65.03,0.48,0
203,1,949.79,468.68,61.33,64.48,0.87,0
204,1,949.07,469.02,61.91,64.04,0.87,0
205,1,948.79,469.78,61.86,63.29,0.88,0
206,1,949.00,470.43,61.61,62.53,0.88,0
207,1,949.24,470.56,61.61,62.31,0.88,0
208,1,949.55,470.62,61.09,62.05,0.88,0
209,1,949.86,470.56,60.89,62.29,0.88,0
210,1,950.08,470.21,61.03,62.84,0.87,0
211,1,948.41,471.19,61.72,62.03,0.89,0
212,1,946.71,471.29,62.58,62.28,0.88,0
213,1,944.69,471.05,63.26,62.22,0.88,0
214,1,943.88,470.82,63.15,62.72,0.87,0
215,1,943.87,470.75,62.70,62.70,0.88,0
216,1,943.12,470.79,62.88,62.92,0.88,0
217,1,942.45,470.75,63.23,62.89,0.88,0
218,1,941.79,470.07,63.98,63.39,0.88,0
219,1,941.70,470.68,63.87,62.99,0.88,0
220,1,942.11,471.28,63.41,62.39,0.88,0
221,1,942.64,471.51,62.92,62.22,0.88,0
222,1,942.93,471.58,62.76,62.35,0.88,0
223,1,943.25,471.80,61.92,61.97,0.88,0
224,1,942.78,472.10,60.56,61.29,0.87,0
225,1,942.42,472.41,60.08,61.09,0.87,0
226,1,941.59,472.03,59.83,60.38,0.87,0
227,1,941.14,472.02,59.65,59.53,0.87,0
228,1,940.97,471.95,60.63,61.00,0.88,0
229,1,940.89,471.87,60.87,61.61,0.88,0
230,1,940.64,471.96,60.80,61.63,0.88,0
231,1,940.54,471.92,60.72,62.50,0.88,0
232,1,940.02,472.88,59.06,63.00,0.88,0
233,1,939.92,473.31,58.42,62.64,0.88,0
234,1,939.82,473.87,57.62,61.89,0.89,0
235,1,939.72,474.85,56.84,60.98,0.89,0
236,1,938.93,475.58,57.10,60.22,0.89,0
237,1,937.64,476.03,57.69,59.40,0.89,0
238,1,936.22,475.09,59.22,60.11,0.90,0
239,1,934.91,473.70,60.19,61.37,0.89,0
240,1,933.75,473.69,60.05,60.83,0.89,0
241,1,932.76,473.17,60.38,61.19,0.89,0
242,1,932.57,471.89,59.92,62.02,0.89,0
243,1,932.59,471.28,59.57,61.79,0.88,0
244,1,932.31,471.28,59.09,61.63,0.88,0
245,1,930.09,471.11,59.67,61.05,0.86,0
246,1,928.95,471.22,59.27,61.23,0.81,0
247,1,927.41,470.85,58.82,61.69,0.88,0
248,1,924.81,471.30,60.45,61.74,0.88,0
249,1,921.72,471.73,61.82,61.18,0.88,0
250,1,919.35,471.81,62.09,60.97,0.88,0
251,1,918.10,471.72,62.34,61.53,0.89,0
252,1,917.53,471.79,62.44,62.28,0.89,0
253,1,916.01,470.84,62.23,63.29,0.89,0
254,1,914.90,469.72,59.74,63.79,0.88,0
255,1,913.57,468.49,60.03,64.67,0.88,0
256,1,911.49,468.24,59.86,62.15,0.87,0
257,1,908.18,468.42,60.67,60.60,0.88,0
258,1,904.29,467.06,62.84,63.79,0.87,0
259,1,900.44,467.59,62.15,63.54,0.86,0
260,1,898.15,468.83,61.28,62.26,0.87,0
261,1,894.69,468.03,62.76,63.34,0.88,0
262,1,893.65,468.87,62.07,62.73,0.88,0
263,1,891.94,467.99,62.26,62.84,0.88,0
264,1,890.34,466.81,60.10,63.49,0.87,0
265,1,889.07,467.29,59.27,63.30,0.87,0
266,1,886.83,466.61,60.96,62.88,0.87,0
267,1,885.18,467.00,60.38,61.42,0.89,0
268,1,881.69,466.99,62.05,63.13,0.86,0
269,1,878.92,466.91,61.26,63.95,0.85,0
270,1,875.82,467.83,61.90,63.06,0.86,0
271,1,872.39,469.00,62.34,61.67,0.88,0
272,1,870.39,469.17,62.02,61.84,0.88,0
273,1,869.45,469.11,61.99,62.53,0.88,0
274,1,868.57,469.11,62.85,62.97,0.88,0
275,1,868.51,469.74,61.62,61.57,0.88,0
276,1,868.79,469.98,60.44,61.96,0.88,0
277,1,868.67,469.54,60.06,63.04,0.88,0
278,1,868.40,469.77,59.64,63.36,0.88,0
279,1,867.25,469.31,59.20,64.11,0.88,0
280,1,866.32,468.94,59.55,64.55,0.88,0
281,1,864.80,468.95,60.06,63.30,0.88,0
282,1,862.01,468.71,59.92,63.07,0.88,0
283,1,860.49,468.19,61.25,64.16,0.88,0
284,1,858.62,467.99,61.90,65.12,0.87,0
285,1,856.47,467.78,63.01,66.12,0.86,0
286,1,853.80,469.00,61.86,64.72,0.88,0
286,12,1423.27,661.23,172.02,63.51,0.34,0
287,1,850.74,470.45,63.02,63.60,0.89,0
288,1,848.32,471.04,63.06,62.91,0.88,0
289,1,846.49,471.47,63.31,62.66,0.89,0
290,1,846.36,471.69,62.60,62.43,0.89,0
291,1,845.09,472.12,63.21,62.22,0.89,0
292,1,844.25,472.09,61.67,61.56,0.88,0
293,1,842.94,472.04,59.54,60.83,0.87,0
294,1,842.48,472.09,59.28,60.22,0.88,0
295,1,841.28,471.58,59.96,60.74,0.89,0
296,1,839.93,471.34,60.82,60.78,0.89,0
297,1,839.63,471.34,59.87,60.54,0.89,0
298,1,840.09,471.08,59.19,60.54,0.89,0
299,1,840.18,471.25,58.65,60.24,0.88,0
300,1,840.00,471.38,57.87,60.10,0.88,0
301,1,839.78,471.60,57.58,59.93,0.88,0
302,1,839.46,471.87,57.76,60.08,0.88,0
303,1,838.50,471.64,58.14,60.66,0.88,0
304,1,837.96,471.35,58.63,61.08,0.88,0
305,1,837.75,471.37,58.90,61.50,0.88,0
306,1,837.70,471.24,59.10,61.42,0.88,0
307,1,837.58,471.33,59.11,61.38,0.89,0
308,1,837.52,471.57,59.15,61.47,0.88,0
309,1,837.02,471.65,59.55,61.75,0.89,0
310,1,836.78,471.73,59.75,61.94,0.89,0
311,1,836.57,471.94,59.91,62.01,0.89,0
312,1,836.56,472.12,60.05,61.95,0.89,0
313,1,836.55,472.39,60.18,61.92,0.89,0
314,1,836.28,472.91,60.41,61.50,0.89,0
315,1,836.16,473.68,60.41,60.98,0.89,0
316,1,836.33,474.18,60.42,60.40,0.88,0
317,1,836.21,474.45,60.55,60.22,0.88,0
318,1,836.88,474.94,60.00,59.36,0.89,0
319,1,836.97,474.92,60.30,59.41,0.89,0
320,1,838.01,474.88,60.15,59.71,0.89,0
321,1,838.77,474.68,60.24,59.96,0.89,0
322,1,839.20,475.01,60.47,60.16,0.89,0
323,1,839.56,475.51,60.28,59.90,0.89,0
324,1,839.77,475.71,60.05,60.06,0.89,0
325,1,840.23,475.94,59.47,60.25,0.88,0
326,1,841.20,476.43,58.22,60.04,0.88,0
327,1,842.06,476.55,57.50,59.99,0.87,0
328,1,842.95,476.43,56.71,59.78,0.88,0
329,1,843.26,476.54,56.57,59.94,0.87,0
330,1,843.60,476.31,57.29,60.80,0.87,0
331,1,843.78,475.66,58.02,61.31,0.88,0
332,1,843.94,475.76,57.97,60.98,0.88,0
333,1,844.44,475.74,57.44,60.82,0.88,0
334,1,845.33,475.60,58.73,60.88,0.88,0
335,1,846.30,475.99,60.55,61.27,0.88,0
336,1,846.90,476.47,60.68,61.35,0.89,0
337,1,847.50,476.41,60.31,61.01,0.89,0
338,1,848.05,476.36,60.56,60.70,0.89,0
339,1,847.73,476.45,60.89,60.43,0.89,0
340,1,847.62,476.64,60.89,60.07,0.89,0
341,1,847.99,476.80,61.34,60.28,0.89,0
342,1,848.48,476.90,61.18,60.30,0.89,0
343,1,849.60,476.69,61.36,61.00,0.89,0
344,1,849.88,476.60,61.96,61.63,0.89,0
345,1,850.18,476.36,61.88,62.17,0.89,0
346,1,850.25,476.31,61.88,62.15,0.89,0
347,1,851.42,475.94,61.31,62.18,0.88,0
348,1,853.27,475.43,60.04,62.36,0.88,0
349,1,856.13,475.15,58.07,62.28,0.76,0
350,1,857.44,474.75,59.85,62.25,0.89,0
351,1,858.02,475.10,62.19,61.80,0.88,0
352,1,859.35,476.25,61.22,60.17,0.88,0
353,1,859.42,476.58,61.50,59.24,0.88,0
354,1,859.18,477.00,61.55,58.69,0.88,0
355,1,860.19,477.11,61.22,58.42,0.88,0
356,1,860.88,476.57,60.72,58.90,0.88,0
357,1,861.84,476.58,59.93,58.90,0.87,0
358,1,862.82,476.69,60.59,59.21,0.87,0
359,1,864.69,476.39,59.88,60.09,0.88,0
360,1,865.76,477.18,58.93,59.78,0.88,0
361,1,866.21,477.27,58.39,59.74,0.87,0
362,1,867.34,477.19,58.50,60.07,0.87,0
363,1,868.76,477.10,57.89,59.75,0.88,0
364,1,869.39,476.35,60.65,60.88,0.88,0
365,1,871.22,476.71,60.44,61.15,0.88,0
366,1,871.16,476.22,61.32,61.82,0.89,0
367,1,871.74,476.06,61.37,61.20,0.89,0
368,1,872.04,475.73,62.41,60.90,0.89,0
369,1,874.53,475.46,61.79,61.37,0.89,0
370,1,876.70,474.76,60.74,61.82,0.89,0
371,1,879.42,473.80,60.86,62.35,0.74,0
372,1,882.17,473.08,60.52,62.62,0.90,0
373,1,883.92,472.31,60.69,62.57,0.89,0
374,1,885.27,472.45,59.97,61.88,0.88,0
375,1,887.77,471.96,59.34,62.50,0.88,0
376,1,891.21,472.49,57.65,62.02,0.88,0
377,1,892.22,472.21,57.66,62.12,0.87,0
378,1,893.86,472.00,59.65,61.66,0.88,0
379,1,895.91,471.73,61.18,62.10,0.88,0
380,1,894.90,471.21,63.00,61.97,0.87,0
381,1,896.48,471.37,62.36,61.74,0.87,0
382,1,899.91,471.43,61.83,62.03,0.88,0
383,1,901.89,470.09,61.36,63.26,0.86,0
384,1,903.12,469.09,60.38,64.36,0.60,0
385,1,904.11,468.58,61.24,65.17,0.85,0
386,1,904.64,468.04,62.90,65.40,0.86,0
387,1,904.74,468.01,63.56,65.22,0.87,0
388,1,907.04,468.36,62.32,64.58,0.88,0
389,1,908.86,468.69,61.80,63.06,0.88,0
390,1,911.49,468.92,59.80,61.91,0.88,0
391,1,913.21,468.45,60.51,62.82,0.89,0
392,1,915.30,468.71,58.06,63.01,0.87,0
393,1,916.33,469.08,58.15,63.33,0.88,0
394,1,917.57,468.93,59.01,62.81,0.88,0
395,1,917.58,468.97,61.62,62.80,0.88,0
396,1,918.76,469.25,61.14,61.52,0.87,0
397,1,919.02,469.02,61.73,61.83,0.88,0
398,1,919.98,467.91,61.74,61.85,0.88,0
399,1,921.10,467.50,61.82,61.33,0.89,0
400,1,922.99,467.01,61.03,60.66,0.89,0
401,1,925.71,466.90,59.36,59.74,0.87,0
402,1,927.42,466.43,58.48,59.82,0.55,0
403,1,927.19,465.64,59.23,60.30,0.75,0
404,1,927.74,465.09,59.50,61.11,0.36,0
405,1,928.54,464.25,59.89,61.07,0.60,0
405,20,929.83,464.73,58.83,61.65,0.46,0
406,1,929.88,462.75,60.80,62.28,0.52,0
406,20,930.85,463.18,60.30,63.40,0.43,0
408,1,930.24,463.05,63.42,61.48,0.88,0
409,1,929.75,463.40,63.93,61.00,0.88,0
410,1,929.56,463.54,62.96,60.15,0.89,0
411,1,929.37,463.15,62.54,60.66,0.90,0
412,1,929.78,462.44,61.82,61.67,0.89,0
413,1,929.25,462.02,62.34,62.35,0.88,0
414,1,930.10,461.33,61.53,61.96,0.89,0
415,1,930.10,459.92,61.45,60.60,0.89,0
416,1,929.32,459.17,62.24,59.91,0.89,0
417,1,927.73,459.00,63.65,59.59,0.90,0
418,1,927.10,458.70,64.47,60.01,0.90,0
419,1,927.37,458.04,64.57,61.74,0.89,0
420,1,927.13,457.54,65.12,62.94,0.87,0
421,1,927.73,457.19,64.69,63.03,0.87,0
422,1,928.32,456.88,63.92,62.26,0.86,0
423,1,928.20,456.98,63.27,61.82,0.85,0
424,1,927.97,456.90,63.29,61.00,0.85,0
425,1,928.40,456.87,62.67,60.55,0.86,0
426,1,928.73,456.55,62.54,60.70,0.88,0
427,1,929.30,456.82,61.81,60.24,0.88,0
428,1,930.49,456.74,60.77,60.86,0.87,0
429,1,930.72,456.61,60.68,61.35,0.88,0
430,1,930.85,456.47,61.36,61.91,0.87,0
431,1,931.00,456.44,62.37,62.08,0.88,0
432,1,930.95,456.48,62.63,62.47,0.88,0
433,1,930.31,456.66,62.99,63.69,0.88,0
434,1,929.93,456.79,62.94,63.92,0.88,0
435,1,930.05,456.68,62.70,63.94,0.88,0
436,1,930.29,456.59,62.76,63.77,0.89,0
437,1,930.46,456.23,62.40,63.47,0.88,0
438,1,930.13,456.22,61.98,63.28,0.88,0
439,1,930.42,456.45,61.57,62.52,0.88,0
440,1,930.69,456.76,60.96,61.80,0.88,0
441,1,930.25,456.91,60.91,61.43,0.88,0
442,1,929.31,457.03,61.68,62.45,0.87,0
443,1,929.09,457.43,62.06,62.60,0.86,0
444,1,928.76,457.49,62.74,62.64,0.85,0
445,1,928.69,457.03,63.33,62.37,0.85,0
446,1,928.69,456.99,63.40,61.34,0.86,0
447,1,928.78,456.72,62.85,60.37,0.87,0
448,1,927.83,456.19,63.80,60.24,0.88,0
449,1,927.23,455.35,65.30,60.99,0.89,0
450,1,926.24,454.21,65.28,62.39,0.70,0
451,1,926.38,454.63,62.15,61.70,0.83,0
452,1,926.07,455.19,60.59,60.84,0.86,0
453,1,926.02,455.57,59.38,59.95,0.87,0
454,1,926.75,455.73,57.76,58.83,0.88,0
455,1,926.12,456.32,58.44,58.48,0.84,0
456,1,925.45,456.35,59.35,58.61,0.86,0
457,1,925.62,456.47,58.97,58.02,0.85,0
458,1,924.32,456.49,59.90,58.57,0.84,0
459,1,923.75,456.34,59.73,58.93,0.86,0
460,1,923.10,456.09,59.92,59.01,0.87,0
461,1,922.95,455.77,59.60,58.73,0.85,0
462,1,922.67,455.67,59.10,59.06,0.84,0
463,1,920.73,455.17,60.45,59.65,0.85,0
464,1,919.66,454.88,61.00,59.67,0.88,0
465,1,919.18,455.55,60.98,59.57,0.89,0
466,1,919.36,456.50,60.21,59.75,0.89,0
467,1,917.83,456.68,60.78,60.85,0.90,0
468,1,917.20,456.65,60.72,61.61,0.90,0
469,1,916.61,456.97,60.42,61.98,0.89,0
470,1,915.84,457.28,60.16,62.17,0.89,0
471,1,914.45,457.48,58.82,62.20,0.90,0
472,1,914.07,459.36,58.65,60.23,0.89,0
473,1,912.53,460.79,60.85,61.03,0.90,0
474,1,911.59,462.02,61.97,61.81,0.89,0
475,1,910.56,463.98,60.51,61.15,0.89,0
476,1,908.65,466.04,60.88,59.32,0.72,0
477,1,906.81,467.41,62.01,62.00,0.87,0
478,1,905.45,468.86,62.28,63.44,0.85,0
479,1,904.12,472.32,59.82,62.02,0.83,0
480,1,900.21,475.40,61.07,62.19,0.87,0
481,1,899.66,478.36,59.12,60.40,0.84,0
482,1,897.93,481.41,59.35,60.50,0.87,0
483,1,896.99,484.94,59.03,61.28,0.88,0
484,1,895.67,488.33,60.69,61.00,0.86,0
485,1,894.82,491.77,60.33,60.25,0.88,0
486,1,894.40,495.09,60.25,59.82,0.88,0
487,1,893.99,496.86,60.31,60.26,0.88,0
488,1,892.66,499.12,59.97,60.74,0.88,0
489,1,892.17,501.46,58.16,59.74,0.88,0
490,1,891.14,504.22,56.96,57.99,0.88,0
491,1,890.62,506.48,57.23,59.73,0.88,0
492,1,888.34,508.89,60.00,60.45,0.90,0
493,1,886.95,512.79,60.72,60.54,0.88,0
494,1,885.70,515.75,60.71,60.59,0.88,0
495,1,884.38,518.87,60.03,60.87,0.88,0
496,1,882.73,521.73,60.62,61.60,0.89,0
497,1,880.45,523.23,59.22,60.91,0.88,0
498,1,878.30,523.80,59.12,61.35,0.88,0
499,1,875.26,524.01,61.39,61.08,0.89,0
500,1,873.75,524.06,61.35,60.91,0.89,0
501,1,874.37,524.92,59.95,60.12,0.88,0
502,1,873.68,525.29,59.40,59.38,0.88,0
503,1,871.42,525.56,60.80,59.26,0.88,0
504,1,870.75,526.28,60.96,58.85,0.88,0
505,1,870.76,527.27,60.63,58.99,0.88,0
506,1,869.86,527.23,61.06,60.35,0.87,0
507,1,869.47,527.29,60.78,60.81,0.87,0
508,1,868.22,527.56,61.33,61.98,0.88,0
509,1,867.30,527.78,60.79,62.09,0.88,0
510,1,866.21,528.56,59.67,62.03,0.87,0
511,1,865.77,529.10,58.84,62.15,0.88,0
512,1,865.48,529.54,59.08,62.18,0.88,0
513,1,864.22,529.58,60.99,62.50,0.89,0
514,1,862.24,529.55,61.16,62.07,0.89,0
515,1,860.26,529.67,61.48,62.07,0.88,0
516,1,859.86,530.50,60.59,60.90,0.88,0
517,1,857.00,530.84,60.25,60.59,0.79,0
518,1,855.94,531.98,60.09,62.07,0.54,0
519,1,852.62,533.74,61.43,62.72,0.84,0
520,1,851.14,535.83,60.85,61.16,0.85,0
521,1,848.07,536.41,61.51,61.65,0.84,0
522,1,846.56,536.89,62.08,61.27,0.86,0
523,1,845.92,537.04,61.46,61.01,0.86,0
524,1,845.11,537.15,62.10,61.90,0.87,0
525,1,842.66,538.07,60.83,61.90,0.87,0
526,1,842.28,538.82,59.40,61.87,0.87,0
527,1,841.11,540.35,58.78,61.17,0.87,0
528,1,841.19,540.78,57.89,61.40,0.87,0
529,1,841.04,540.54,58.27,62.04,0.88,0
530,1,840.85,540.87,59.47,62.12,0.88,0
531,1,839.85,539.06,60.69,62.71,0.87,0
532,1,839.53,538.92,60.05,60.83,0.88,0
533,1,840.52,539.09,58.50,59.07,0.87,0
534,1,839.66,538.47,59.08,58.66,0.69,0
535,1,838.55,538.32,59.73,59.15,0.88,0
536,1,838.08,537.15,60.40,60.33,0.89,0
537,1,837.76,536.71,60.32,61.00,0.89,0
538,1,838.49,536.76,58.86,60.68,0.89,0
539,1,839.35,536.40,58.05,60.39,0.89,0
540,1,839.42,535.42,58.29,60.74,0.88,0
541,1,838.29,534.27,59.37,61.26,0.89,0
542,1,837.74,532.93,59.78,61.85,0.89,0
543,1,837.81,531.81,59.88,61.16,0.89,0
544,1,836.82,529.53,60.56,62.73,0.88,0
545,1,837.03,529.18,59.63,60.53,0.88,0
546,1,836.70,527.52,60.25,60.38,0.88,0
547,1,837.68,526.95,59.30,58.28,0.88,0
548,1,838.05,525.93,59.33,57.72,0.89,0
549,1,838.34,525.17,58.35,57.65,0.89,0
550,1,839.03,523.33,57.59,58.01,0.89,0
551,1,838.02,521.77,59.51,59.77,0.88,0
552,1,838.77,520.65,59.67,61.21,0.88,0
552,34,753.14,587.13,35.26,18.91,0.46,0
553,1,839.91,519.99,59.19,61.26,0.88,0
553,34,752.99,587.95,35.42,17.38,0.34,0
554,1,841.02,519.22,59.03,60.50,0.89,0
555,1,841.53,518.26,59.56,62.02,0.88,0
556,1,841.73,518.24,59.39,62.40,0.87,0
557,1,842.53,517.73,58.68,62.59,0.87,0
558,1,843.63,516.98,58.27,62.24,0.87,0
559,1,842.76,514.81,60.02,63.72,0.87,0
560,1,843.36,513.87,62.32,64.16,0.88,0
561,1,845.09,514.12,62.62,63.04,0.88,0
562,1,846.62,513.76,62.17,61.12,0.65,0
563,1,849.12,512.97,60.84,61.14,0.71,0
564,1,848.57,512.20,61.97,61.56,0.75,0
565,1,852.20,512.70,61.04,61.00,0.39,0
566,1,856.12,511.85,60.70,61.16,0.41,0
566,36,856.41,512.40,59.11,62.11,0.40,0
567,1,857.28,510.61,60.85,60.95,0.89,0
568,1,858.79,509.60,61.43,61.87,0.89,0
569,1,861.41,508.74,60.82,62.45,0.90,0
570,1,864.22,508.34,60.13,61.11,0.90,0
571,1,865.74,507.42,60.38,60.14,0.90,0
572,1,867.40,506.28,58.73,60.91,0.90,0
573,1,868.67,505.49,59.31,62.00,0.89,0
574,1,870.86,504.56,60.15,62.20,0.90,0
575,1,872.12,502.48,61.19,61.03,0.88,0
576,1,874.33,501.20,60.51,59.55,0.89,0
577,1,878.37,499.48,59.47,60.56,0.90,0
578,1,881.43,497.58,60.88,61.45,0.90,0
579,1,885.57,495.99,59.17,61.01,0.89,0
580,1,888.35,496.00,58.68,60.98,0.88,0
581,1,890.79,496.68,58.28,59.72,0.89,0
582,1,892.14,496.36,58.91,59.98,0.88,0
583,1,895.51,496.36,60.27,59.64,0.88,0
584,1,896.92,495.89,61.92,59.94,0.88,0
585,1,899.31,495.28,62.29,60.16,0.88,0
586,1,903.13,493.86,61.01,62.02,0.59,0
587,1,908.16,494.02,59.97,60.11,0.88,0
588,1,911.39,493.50,59.54,60.47,0.88,0
589,1,913.83,493.97,59.45,61.44,0.89,0
590,1,915.89,494.27,58.32,60.25,0.88,0
591,1,918.78,493.58,59.93,60.94,0.88,0
592,1,919.38,492.50,62.19,60.97,0.88,0
593,1,922.07,492.12,62.48,60.83,0.90,0
594,1,926.24,491.35,60.35,60.61,0.69,0
595,1,927.65,490.79,59.57,60.82,0.58,0
596,1,928.97,490.54,58.64,59.68,0.55,0
597,1,929.78,489.59,59.04,60.13,0.87,0
598,1,931.60,487.95,58.81,61.74,0.86,0
599,1,935.21,487.97,58.96,61.10,0.87,0
600,1,937.17,487.60,59.04,60.86,0.89,0
601,1,938.34,485.85,59.76,61.93,0.88,0
602,1,939.63,484.34,59.81,63.28,0.89,0
603,1,941.63,484.10,60.59,63.29,0.89,0
604,1,942.05,483.84,60.54,63.35,0.89,0
605,1,942.78,483.47,59.80,62.45,0.88,0
606,1,943.70,483.01,59.79,60.85,0.88,0
607,1,943.84,481.89,60.23,61.70,0.88,0
608,1,946.08,481.45,60.97,61.71,0.88,0
609,1,948.73,480.61,60.02,60.54,0.88,0
610,1,950.51,479.13,59.97,61.15,0.84,0
611,1,953.53,478.16,63.16,61.52,0.86,0
612,1,955.32,478.54,61.75,60.13,0.86,0
613,1,958.15,478.98,59.71,57.96,0.89,0
614,1,958.99,479.01,58.37,57.15,0.89,0
615,1,959.19,479.06,57.72,57.18,0.88,0
616,1,959.42,479.15,57.72,57.50,0.88,0
617,1,959.99,479.48,57.57,57.47,0.88,0
618,1,960.88,479.68,58.02,57.67,0.89,0
619,1,961.21,479.50,58.56,57.92,0.89,0
620,1,961.21,479.50,58.72,57.93,0.89,0
621,1,961.11,479.39,59.13,58.20,0.89,0
622,1,961.17,479.34,59.05,58.26,0.89,0
623,1,963.31,479.35,57.78,58.00,0.88,0
624,1,965.41,478.75,58.96,59.92,0.87,0
625,1,967.31,479.26,59.47,59.58,0.88,0
626,1,967.76,478.95,60.15,59.27,0.89,0
627,1,969.63,478.49,59.30,59.54,0.86,0
628,1,970.82,478.45,58.45,59.51,0.86,0
629,1,971.03,478.23,59.13,59.54,0.87,0
630,1,971.46,478.20,58.57,59.01,0.86,0
631,1,972.50,478.43,58.69,58.82,0.85,0
632,1,974.07,478.56,58.16,58.50,0.86,0
633,1,974.68,477.98,58.32,58.67,0.87,0
634,1,975.36,476.91,58.94,59.58,0.81,0
635,1,977.96,475.95,61.34,60.72,0.87,0
636,1,978.46,475.99,61.44,60.19,0.88,0
637,1,980.28,476.46,59.91,59.03,0.88,0
638,1,982.40,475.64,58.55,59.10,0.88,0
639,1,981.91,474.32,59.71,59.69,0.88,0
640,1,982.66,473.18,60.14,61.08,0.89,0
641,1,983.89,472.21,60.45,62.41,0.89,0
642,1,985.49,472.91,58.83,61.54,0.88,0
643,1,987.83,472.27,58.61,61.14,0.89,0
644,1,989.83,471.93,59.49,61.18,0.88,0
645,1,990.66,471.07,62.04,62.91,0.88,0
646,1,991.55,470.15,62.99,63.66,0.88,0
647,1,993.22,470.14,62.69,63.19,0.87,0
648,1,994.98,469.74,63.41,63.52,0.88,0
649,1,998.47,468.73,61.44,64.34,0.83,0
650,1,999.78,467.96,60.61,63.73,0.80,0
651,1,1000.02,467.64,62.07,63.08,0.73,0
652,1,1001.04,466.75,63.41,64.04,0.87,0
653,1,1001.89,466.80,63.43,64.47,0.87,0
654,1,1004.53,467.45,62.04,61.97,0.88,0
655,1,1006.15,466.70,61.18,61.53,0.87,0
656,1,1008.70,466.63,60.63,62.07,0.88,0
657,1,1009.84,467.17,58.86,60.71,0.87,0
658,1,1010.73,466.57,58.85,61.36,0.88,0
659,1,1011.84,466.16,60.06,62.18,0.87,0
660,1,1013.53,466.19,61.66,62.33,0.89,0
661,1,1014.95,466.62,61.95,61.70,0.89,0
662,1,1015.86,466.83,61.25,60.69,0.86,0
663,1,1016.27,466.46,60.47,59.89,0.65,0
664,1,1020.32,466.51,58.78,58.97,0.68,0
664,47,1021.77,466.96,57.56,58.56,0.40,0
665,1,1021.21,466.19,60.16,59.00,0.61,0
665,47,1021.63,466.38,60.48,59.50,0.39,0
666,1,1020.92,465.82,61.05,59.30,0.37,0
666,47,1020.83,465.87,62.00,60.39,0.58,0
667,1,1023.06,464.82,60.84,61.03,0.28,0
667,47,1023.59,465.09,61.48,60.80,0.45,0
668,1,1024.10,464.39,60.79,61.29,0.75,0
669,1,1025.29,463.75,60.93,60.88,0.54,0
670,1,1027.22,463.01,62.04,62.15,0.78,0
671,1,1028.35,463.55,61.37,62.60,0.60,0
672,1,1028.65,464.11,61.26,62.02,0.75,0
673,1,1029.89,464.40,60.50,61.10,0.89,0
674,1,1030.76,464.30,59.96,61.22,0.89,0
675,1,1030.84,464.42,59.74,61.13,0.89,0
676,1,1031.26,464.14,60.68,61.54,0.88,0
677,1,1032.59,463.91,61.60,61.98,0.87,0
678,1,1034.30,462.66,61.36,62.69,0.88,0
679,1,1035.37,461.63,60.50,63.31,0.89,0
680,1,1036.16,461.30,59.78,62.86,0.89,0
681,1,1036.68,461.20,60.72,62.79,0.89,0
682,1,1036.78,461.47,61.71,62.71,0.89,0
683,1,1036.98,461.30,62.88,63.07,0.89,0
684,1,1037.49,461.14,63.28,63.05,0.89,0
685,1,1038.86,461.79,62.12,62.17,0.89,0
686,1,1039.68,462.18,61.81,61.46,0.89,0
687,1,1040.42,462.78,61.42,60.41,0.89,0
688,1,1040.40,463.15,61.96,60.04,0.89,0
689,1,1042.13,463.04,63.39,61.19,0.90,0
690,1,1044.38,462.37,62.57,63.00,0.87,0
691,1,1046.31,461.46,61.88,64.38,0.73,0
692,1,1048.22,460.96,61.09,63.83,0.88,0
693,1,1050.31,460.84,61.39,63.01,0.89,0
694,1,1051.17,460.89,60.87,63.08,0.89,0
695,1,1051.90,460.82,61.47,63.02,0.89,0
696,1,1053.55,460.68,60.84,62.96,0.90,0
697,1,1055.03,460.59,60.18,62.01,0.90,0
698,1,1055.59,460.79,60.47,61.62,0.90,0
699,1,1056.20,460.50,60.97,61.46,0.90,0
700,1,1056.82,460.31,61.50,61.24,0.90,0
701,1,1057.96,459.98,59.99,60.39,0.89,0
702,1,1059.50,459.43,58.80,60.73,0.90,0
703,1,1059.69,459.03,58.50,60.29,0.90,0
704,1,1060.97,459.11,58.55,59.68,0.90,0
705,1,1061.70,459.02,59.48,59.42,0.89,0
706,1,1061.62,458.33,61.27,60.32,0.89,0
707,1,1061.45,457.61,61.86,61.25,0.90,0
708,1,1062.73,457.83,61.34,61.38,0.89,0
709,1,1063.36,457.79,61.16,62.00,0.89,0
710,1,1064.23,457.33,60.91,62.34,0.89,0
711,1,1065.66,457.06,60.85,61.75,0.88,0
712,1,1066.53,456.76,60.90,60.80,0.88,0
713,1,1067.41,456.89,60.81,59.44,0.87,0
714,1,1068.90,455.81,60.27,59.81,0.87,0
715,1,1070.39,455.11,60.15,60.17,0.85,0
716,1,1072.79,454.48,62.93,60.29,0.87,0
717,1,1075.30,453.76,61.17,59.10,0.89,0
718,1,1075.70,453.98,61.07,58.28,0.90,0
719,1,1077.38,453.62,60.05,57.77,0.90,0
720,1,1078.02,452.95,60.20,58.47,0.90,0
721,1,1079.32,453.09,60.35,58.34,0.89,0
722,1,1081.17,453.32,59.43,58.54,0.90,0
723,1,1082.80,453.75,57.75,58.44,0.88,0
724,1,1083.98,453.70,57.55,58.65,0.89,0
725,1,1085.25,453.13,59.58,59.61,0.89,0
726,1,1086.11,452.86,61.52,60.97,0.89,0
727,1,1086.57,453.20,61.24,60.90,0.89,0
727,55,347.66,545.92,63.78,34.00,0.43,0
728,1,1087.01,453.08,60.59,60.76,0.90,0
728,55,349.31,546.27,62.59,33.91,0.44,0
729,1,1087.72,452.67,60.64,60.31,0.90,0
729,55,349.26,545.81,63.22,34.19,0.49,0
730,1,1088.00,452.44,60.30,59.46,0.91,0
730,55,348.97,545.42,64.90,32.74,0.65,0
731,1,1089.16,451.93,62.51,60.20,0.91,0
731,55,348.97,544.95,66.34,31.97,0.65,0
732,1,1091.36,450.84,61.46,61.45,0.89,0
732,55,351.15,544.74,66.35,31.85,0.41,0
733,1,1094.13,450.34,61.41,61.57,0.86,0
733,55,353.76,544.66,65.78,32.55,0.29,0
734,1,1096.35,450.37,61.32,60.61,0.91,0
735,1,1097.56,449.87,62.13,61.25,0.90,0
736,1,1099.93,450.24,61.35,60.39,0.90,0
737,1,1100.69,449.92,61.85,60.43,0.90,0
738,1,1103.23,450.40,61.47,60.24,0.90,0
739,1,1106.47,450.58,59.38,60.71,0.90,0
740,1,1107.30,450.56,60.27,61.07,0.90,0
740,55,371.73,543.79,57.61,33.67,0.39,0
741,1,1108.88,450.53,61.73,61.27,0.90,0
741,55,373.26,543.35,60.28,34.50,0.62,0
742,1,1110.28,450.33,62.32,61.74,0.91,0
742,55,374.95,543.02,60.08,35.28,0.54,0
743,1,1111.21,450.48,62.50,61.86,0.91,0
743,55,375.35,543.54,62.21,33.47,0.55,0
744,1,1110.92,450.93,62.77,61.30,0.91,0
744,55,375.41,543.58,63.06,33.09,0.54,0
745,1,1110.69,451.28,62.14,60.52,0.90,0
745,55,375.93,543.26,63.04,33.22,0.54,0
746,1,1110.47,451.14,62.74,60.40,0.90,0
746,55,376.36,543.59,63.13,32.67,0.55,0
747,1,1110.52,450.72,64.32,60.94,0.90,0
747,55,376.85,544.13,63.23,32.05,0.52,0
748,1,1112.86,450.02,64.49,62.14,0.90,0
748,55,379.35,543.54,63.00,33.15,0.37,0
749,1,1117.25,449.59,61.46,62.39,0.91,0
750,1,1118.85,448.86,63.40,62.66,0.91,0
750,55,383.37,543.33,62.95,33.20,0.31,0
751,1,1121.78,448.71,61.38,62.15,0.91,0
752,1,1123.08,448.09,61.60,62.34,0.90,0
752,60,32.92,450.19,60.87,88.91,0.40,0
753,1,1124.90,448.09,60.43,61.80,0.90,0
754,1,1126.08,448.46,59.30,60.95,0.89,0
755,1,1126.57,448.52,60.00,61.34,0.89,0
756,1,1127.68,449.17,60.85,61.45,0.90,0
757,1,1130.60,449.63,58.95,61.30,0.89,0
758,1,1131.62,449.65,58.74,61.47,0.89,0
758,55,397.18,542.75,62.90,30.80,0.32,0
759,1,1131.76,449.81,59.11,61.76,0.89,0
759,55,397.53,542.68,61.92,30.34,0.38,0
760,1,1131.81,449.59,58.87,61.52,0.89,0
760,55,397.91,541.97,60.63,30.67,0.46,0
761,1,1131.84,449.02,58.43,60.53,0.88,0
761,55,398.22,541.29,60.37,31.10,0.30,0
762,1,1131.55,448.38,59.35,60.15,0.89,0
763,1,1131.10,447.81,61.02,60.68,0.89,0
764,1,1130.53,446.71,62.11,62.29,0.89,0
765,1,1131.87,446.69,61.77,62.35,0.88,0
766,1,1133.13,446.30,62.38,62.80,0.88,0
767,1,1134.04,446.36,62.01,62.13,0.88,0
768,1,1134.91,445.26,61.23,61.54,0.88,0
769,1,1135.16,444.94,61.10,61.14,0.88,0
769,55,398.76,535.87,62.88,31.93,0.35,0
770,1,1135.47,444.20,61.15,61.05,0.89,0
771,1,1135.71,443.44,61.54,61.21,0.90,0
772,1,1136.25,441.53,61.13,61.16,0.76,0
773,1,1135.78,440.14,62.16,61.82,0.84,0
774,1,1135.54,439.77,62.92,62.09,0.86,0
774,55,400.38,530.89,62.22,33.29,0.29,0
775,1,1136.31,439.09,63.49,62.67,0.87,0
776,1,1136.13,438.46,63.73,62.07,0.88,0
776,55,400.63,529.34,62.75,32.53,0.27,0
777,1,1136.95,438.37,63.22,61.50,0.88,0
777,55,400.92,529.18,63.45,32.10,0.49,0
778,1,1137.35,437.65,63.75,62.59,0.89,0
778,55,400.56,528.44,63.80,32.58,0.55,0
779,1,1137.88,437.34,63.92,63.29,0.89,0
779,55,401.21,527.12,63.19,33.42,0.28,0
780,1,1138.65,436.26,62.81,63.46,0.88,0
781,1,1139.39,435.66,61.46,60.82,0.89,0
781,55,401.88,525.95,64.20,33.12,0.31,0
782,1,1139.47,434.02,61.42,62.78,0.88,0
783,1,1138.62,432.16,62.42,63.24,0.86,0
784,1,1138.00,430.47,63.13,62.69,0.87,0
785,1,1138.40,429.23,61.27,61.56,0.87,0
786,1,1137.79,427.68,61.50,61.13,0.89,0
787,1,1136.93,427.38,62.92,61.64,0.90,0
788,1,1136.57,427.08,63.85,62.07,0.90,0
789,1,1136.61,426.62,64.81,62.22,0.90,0
789,55,401.96,518.34,63.61,30.35,0.28,0
790,1,1136.08,426.22,65.84,62.42,0.90,0
790,55,401.06,517.74,64.04,30.56,0.38,0
791,1,1135.23,424.60,65.40,63.51,0.89,0
792,1,1135.82,423.35,64.97,63.68,0.89,0
793,1,1135.83,423.08,64.27,62.78,0.88,0
794,1,1135.83,422.35,64.83,63.27,0.89,0
795,1,1135.64,422.07,64.92,63.70,0.88,0
796,1,1135.35,421.80,64.52,64.03,0.88,0
797,1,1135.19,421.18,63.46,63.96,0.88,0
798,1,1134.58,418.97,63.85,63.92,0.88,0
799,1,1135.22,417.55,62.42,62.79,0.89,0
800,1,1135.56,416.69,61.54,61.54,0.81,0
801,1,1135.16,416.97,61.35,60.47,0.85,0
802,1,1134.96,416.82,61.54,60.76,0.80,0
803,1,1135.11,416.11,61.72,61.56,0.85,0
804,1,1135.01,414.40,62.29,63.01,0.89,0
805,1,1133.58,412.95,63.51,63.32,0.90,0
806,1,1134.16,411.70,63.07,64.15,0.89,0
807,1,1134.01,410.82,62.18,63.45,0.89,0
808,1,1133.05,409.58,62.58,62.46,0.90,0
809,1,1132.50,408.43,62.78,63.71,0.90,0
810,1,1132.39,407.69,62.09,64.11,0.90,0
811,1,1131.39,407.31,60.62,62.33,0.90,0
812,1,1129.74,407.31,59.88,61.41,0.90,0
813,1,1128.90,407.43,59.37,60.91,0.90,0
814,1,1127.63,407.24,60.36,60.22,0.90,0
815,1,1126.51,406.53,60.66,59.94,0.90,0
816,1,1125.56,406.71,59.51,58.84,0.90,0
817,1,1124.25,406.19,61.28,58.24,0.90,0
818,1,1122.31,405.88,62.32,58.97,0.91,0
819,1,1120.87,405.09,64.77,59.85,0.90,0
820,1,1118.81,405.03,61.26,59.72,0.90,0
820,55,375.28,503.79,66.45,34.18,0.28,0
821,1,1114.94,404.86,61.87,59.46,0.90,0
822,1,1111.67,404.79,62.45,59.34,0.91,0
823,1,1110.47,405.25,61.76,59.38,0.92,0
824,1,1109.31,405.43,61.89,60.23,0.91,0
825,1,1107.24,405.61,60.39,59.20,0.91,0
826,1,1104.75,405.59,60.18,58.71,0.91,0
826,55,360.96,505.72,68.09,33.73,0.27,0
827,1,1101.70,405.25,59.75,58.16,0.90,0
827,55,359.53,505.74,66.26,33.40,0.28,0
828,1,1098.82,405.08,61.38,58.36,0.91,0
829,1,1095.72,403.93,60.12,59.93,0.75,0
830,1,1091.28,404.25,60.23,60.20,0.90,0
831,1,1087.68,405.29,60.18,59.35,0.91,0
832,1,1082.99,405.55,58.96,58.80,0.90,0
833,1,1077.60,405.08,61.06,58.91,0.90,0
834,1,1072.97,404.23,63.97,60.18,0.91,0
835,1,1068.97,405.42,61.95,59.47,0.90,0
836,1,1063.70,406.08,61.77,59.61,0.89,0
837,1,1060.11,407.15,62.71,60.89,0.91,0
838,1,1057.79,408.58,59.77,61.48,0.90,0
839,1,1054.99,410.52,61.09,61.25,0.89,0
840,1,1050.30,410.38,62.52,61.45,0.90,0
841,1,1049.01,411.24,61.50,60.51,0.90,0
842,1,1045.92,413.18,62.12,62.68,0.86,0
843,1,1041.82,414.68,62.39,61.62,0.89,0
844,1,1040.55,416.12,61.03,61.46,0.88,0
845,1,1038.08,416.19,62.00,62.33,0.83,0
846,1,1036.24,416.33,60.43,61.85,0.87,0
847,1,1034.82,417.49,58.47,61.58,0.90,0
848,1,1032.50,417.72,61.12,62.69,0.89,0
849,1,1029.72,417.98,62.10,62.81,0.87,0
850,1,1028.14,419.03,62.15,61.47,0.89,0
851,1,1027.79,420.48,60.60,61.87,0.89,0
852,1,1027.99,420.75,60.38,62.22,0.89,0
853,1,1027.76,420.82,60.11,63.21,0.88,0
854,1,1026.76,420.76,61.19,64.22,0.87,0
855,1,1025.93,421.30,62.10,63.88,0.88,0
856,1,1025.00,421.25,62.91,63.47,0.89,0
857,1,1024.08,420.45,63.80,63.75,0.89,0
858,1,1023.64,419.77,63.98,64.17,0.90,0
859,1,1022.58,419.84,61.67,63.85,0.89,0
860,1,1020.18,420.73,62.58,63.54,0.90,0
861,1,1017.31,421.36,63.60,63.33,0.90,0
862,1,1015.33,420.89,63.43,63.72,0.89,0
863,1,1013.61,421.13,63.23,64.68,0.89,0
864,1,1012.58,420.79,63.26,64.99,0.89,0
865,1,1012.63,420.59,62.63,64.74,0.89,0
866,1,1012.21,420.58,62.17,63.98,0.89,0
867,1,1012.24,420.44,61.49,62.30,0.88,0
868,1,1010.96,420.02,60.78,62.73,0.88,0
869,1,1008.86,419.31,60.32,63.20,0.88,0
870,1,1007.52,418.60,61.24,63.41,0.88,0
871,1,1006.33,418.53,62.27,62.68,0.88,0
872,1,1005.05,417.75,62.43,62.97,0.88,0
873,1,1004.63,418.16,61.63,62.21,0.88,0
874,1,1004.40,418.78,61.57,61.16,0.89,0
875,1,1003.94,418.98,62.12,60.71,0.88,0
876,1,1003.73,419.55,61.71,60.73,0.88,0
877,1,1001.88,420.16,62.78,62.25,0.88,0
878,1,1000.91,420.06,63.23,62.74,0.89,0
879,1,999.88,418.68,64.54,63.15,0.89,0
880,1,999.84,419.18,64.36,62.91,0.89,0
881,1,1000.39,419.46,62.17,64.09,0.85,0
882,1,999.77,419.80,60.71,63.90,0.86,0
883,1,998.45,420.01,61.05,63.51,0.88,0
884,1,997.32,420.23,62.25,63.33,0.88,0
885,1,996.47,420.55,62.47,62.18,0.88,0
886,1,995.75,420.72,62.75,61.66,0.88,0
887,1,995.82,421.21,62.31,62.76,0.89,0
888,1,993.15,421.91,63.85,63.30,0.89,0
889,1,992.02,422.87,63.24,62.69,0.89,0
890,1,991.27,423.43,62.69,61.82,0.89,0
891,1,990.16,423.26,63.08,62.05,0.89,0
892,1,990.27,423.30,62.81,61.68,0.89,0
893,1,990.08,423.07,63.25,62.13,0.89,0
894,1,990.12,422.41,63.47,63.19,0.89,0
895,1,989.70,421.69,63.58,64.61,0.89,0
896,1,988.37,421.29,63.63,64.55,0.89,0
897,1,987.68,421.06,62.78,64.92,0.89,0
898,1,987.37,420.67,60.33,64.98,0.88,0
899,1,987.10,420.74,59.08,64.48,0.88,0
900,1,986.85,419.41,59.46,64.90,0.89,0
901,1,986.02,419.49,59.64,64.07,0.88,0
902,1,984.52,418.61,60.92,63.76,0.88,0
903,1,982.97,417.72,62.83,63.95,0.88,0
904,1,982.96,416.68,63.30,63.89,0.88,0
905,1,982.78,415.79,62.15,62.05,0.89,0
906,1,982.28,415.06,61.75,62.41,0.69,0
907,1,981.93,414.10,62.44,61.64,0.90,0
908,1,981.91,411.83,61.97,60.06,0.90,0
909,1,980.79,407.05,62.05,60.41,0.90,0
910,1,980.54,401.04,61.82,60.90,0.90,0
911,1,981.36,392.79,61.05,61.09,0.91,0
912,1,979.56,383.48,62.49,61.01,0.90,0
913,1,979.86,370.30,62.55,61.75,0.89,0
914,1,979.18,358.14,62.68,61.08,0.90,0
915,1,980.44,348.87,61.37,60.60,0.89,0
916,1,980.02,337.78,62.84,61.80,0.90,0
917,1,980.49,321.66,62.05,61.80,0.90,0
