61,3,696.49,400.56,54.97,52.87,0.48,0
62,3,696.61,400.52,55.42,52.69,0.57,0
63,3,698.72,400.82,53.74,53.41,0.47,0
64,3,699.40,400.56,53.46,54.05,0.49,0
65,3,700.74,400.56,52.74,53.08,0.62,0
68,3,698.63,407.08,56.54,51.14,0.73,0
70,3,697.22,408.49,56.69,53.84,0.52,0
71,3,697.82,409.12,56.08,54.24,0.73,0
73,3,699.34,409.22,56.36,54.51,0.35,0
74,3,699.93,408.79,56.50,55.49,0.28,0
86,3,704.11,409.68,57.27,57.40,0.51,0
87,3,706.96,409.38,55.26,57.24,0.61,0
88,3,708.91,408.56,55.66,57.28,0.51,0
93,3,719.17,406.04,56.64,55.78,0.26,0
96,5,2.07,478.19,34.03,35.70,0.38,0
97,5,2.23,477.56,34.70,36.37,0.44,0
98,5,2.06,477.85,35.82,36.64,0.49,0
98,3,735.71,402.51,56.67,58.16,0.36,0
99,5,8.14,481.04,32.60,33.89,0.34,0
100,3,741.32,401.96,57.34,59.55,0.42,0
123,3,790.20,349.17,58.75,59.15,0.40,0
127,3,794.72,310.09,61.31,61.40,0.61,0
151,3,847.11,262.72,64.97,63.43,0.27,0
160,3,894.02,239.54,66.70,64.03,0.49,0
181,14,166.59,264.69,34.96,39.89,0.60,0
182,14,165.86,264.29,34.99,40.78,0.42,0
183,14,166.46,265.10,35.01,40.12,0.47,0
184,14,167.83,265.07,34.87,38.96,0.63,0
185,14,167.61,263.27,35.61,39.06,0.41,0
191,14,170.84,244.77,32.47,39.76,0.27,0
192,14,171.30,237.65,32.47,39.70,0.31,0
194,14,168.15,238.72,33.91,38.30,0.41,0
208,14,158.53,316.67,30.95,44.52,0.32,0
211,14,150.46,350.07,30.04,37.90,0.41,0
212,14,148.80,358.71,30.47,37.36,0.56,0
213,14,146.18,365.72,31.45,41.47,0.34,0
214,14,142.34,377.42,31.05,42.68,0.35,0
215,14,140.57,389.49,29.77,38.59,0.56,0
216,14,137.52,393.26,29.34,40.90,0.43,0
217,14,133.58,398.71,28.50,40.51,0.36,0
219,14,125.37,412.60,29.65,37.99,0.34,0
220,14,122.86,418.54,29.99,37.49,0.39,0
221,14,120.34,422.46,30.93,37.39,0.58,0
222,14,117.76,425.65,30.44,39.79,0.35,0
223,14,115.31,425.30,30.34,41.12,0.48,0
224,14,110.20,427.82,29.59,40.53,0.32,0
226,14,102.70,441.08,29.28,37.43,0.53,0
227,14,102.71,445.49,31.29,36.06,0.46,0
228,14,96.65,444.84,32.27,35.63,0.34,0
229,14,89.89,445.58,32.76,39.62,0.30,0
230,14,84.84,446.87,31.56,41.47,0.33,0
232,14,82.68,457.11,31.05,40.28,0.64,0
233,14,78.38,462.33,31.50,40.90,0.44,0
234,14,76.07,467.44,31.97,38.92,0.49,0
235,14,72.46,479.09,31.85,38.50,0.75,0
236,14,70.40,481.61,32.62,40.70,0.53,0
237,14,69.92,485.18,33.31,41.65,0.43,0
238,14,68.07,488.63,32.89,40.76,0.53,0
239,14,64.64,489.39,32.01,39.96,0.66,0
240,14,59.63,491.09,32.11,40.79,0.60,0
241,14,59.33,492.45,31.46,41.31,0.47,0
242,14,60.06,491.05,31.47,42.13,0.58,0
243,14,58.88,490.15,32.46,42.07,0.49,0
244,14,56.12,489.83,31.25,39.50,0.35,0
245,14,60.08,486.36,30.61,41.85,0.64,0
246,14,65.01,486.54,30.53,41.48,0.70,0
246,31,895.17,357.06,75.08,75.21,0.48,0
247,14,65.11,488.21,30.74,41.91,0.55,0
247,31,895.43,359.01,77.13,77.80,0.42,0
248,14,66.73,490.39,30.64,39.45,0.44,0
249,14,67.56,491.30,31.86,39.33,0.62,0
250,14,68.78,492.03,32.50,40.21,0.26,0
252,14,72.34,496.98,32.76,39.49,0.43,0
253,14,78.12,507.45,32.06,39.00,0.70,0
253,31,914.92,383.03,72.25,74.38,0.56,0
254,14,82.60,514.74,32.61,40.39,0.69,0
254,31,921.56,394.08,70.73,72.05,0.69,0
255,14,78.77,519.96,32.24,39.62,0.33,0
255,31,926.55,397.16,71.79,73.03,0.83,0
255,33,584.92,508.83,30.44,45.43,0.54,0
256,14,77.84,525.25,31.93,38.16,0.31,0
256,31,927.52,401.94,71.42,75.32,0.74,0
256,33,584.52,511.20,31.62,43.06,0.51,0
256,34,848.81,452.07,41.47,28.87,0.54,0
257,14,84.60,529.75,31.60,39.01,0.71,0
257,33,586.33,517.68,33.83,34.25,0.47,0
257,34,850.75,457.83,39.35,27.30,0.27,0
258,14,90.40,534.97,32.56,39.66,0.41,0
258,34,847.94,463.47,45.79,27.03,0.46,0
259,14,91.76,542.36,31.58,38.99,0.69,0
259,31,938.44,422.01,68.47,72.40,0.29,0
260,14,93.54,550.46,31.91,38.85,0.82,0
261,14,97.07,555.66,31.70,39.87,0.76,0
261,33,598.73,542.61,32.11,32.77,0.50,0
261,34,855.98,484.14,49.21,28.82,0.37,0
261,31,944.02,431.84,73.08,77.08,0.77,0
262,14,101.80,562.59,30.60,37.87,0.65,0
262,31,947.63,436.21,71.52,76.54,0.32,0
263,14,107.41,566.67,30.74,39.43,0.68,0
263,31,952.52,440.31,71.40,75.22,0.67,0
264,14,109.81,572.84,30.11,39.03,0.57,0
264,31,956.31,444.92,72.22,75.56,0.87,0
264,34,872.71,497.21,45.13,30.61,0.41,0
265,14,113.46,580.69,30.98,39.58,0.43,0
265,34,877.74,501.72,45.27,30.75,0.34,0
265,33,617.11,564.77,30.34,31.55,0.34,0
266,14,117.45,587.88,32.68,39.24,0.68,0
266,34,880.02,509.10,46.76,27.96,0.50,0
267,14,120.09,594.57,32.24,39.88,0.70,0
267,34,882.16,515.16,47.97,27.26,0.37,0
267,33,622.44,579.57,31.14,49.40,0.63,0
268,14,124.26,602.99,31.69,37.87,0.68,0
268,33,626.55,584.77,31.39,48.16,0.55,0
268,31,968.11,466.99,77.07,79.05,0.56,0
269,14,131.15,604.74,30.54,39.13,0.67,0
269,33,630.74,585.41,31.83,42.03,0.51,0
269,31,974.86,470.34,75.09,79.35,0.78,0
270,14,134.76,605.75,32.46,40.58,0.72,0
270,33,634.77,589.75,31.51,34.48,0.65,0
270,31,979.98,471.46,75.11,79.28,0.30,0
270,34,897.49,524.88,43.47,29.46,0.56,0
271,14,137.06,607.22,32.09,39.80,0.67,0
271,33,637.84,590.81,31.20,32.06,0.54,0
271,34,897.21,527.19,45.29,29.66,0.50,0
272,14,141.24,607.98,32.87,39.94,0.71,0
272,34,899.31,529.67,48.18,27.80,0.72,0
272,31,987.60,474.13,74.74,79.08,0.84,0
273,14,144.03,607.60,32.81,40.39,0.73,0
273,34,902.62,532.01,47.85,27.63,0.70,0
273,31,989.57,474.93,75.05,79.31,0.88,0
273,33,643.41,592.43,33.06,33.97,0.50,0
274,14,144.46,607.65,33.20,40.74,0.74,0
274,34,904.40,531.37,47.73,29.12,0.73,0
274,31,993.34,476.06,74.78,81.20,0.90,0
274,33,644.96,592.95,34.13,37.80,0.38,0
275,14,143.92,607.26,33.08,40.47,0.76,0
275,34,905.19,531.18,49.33,29.81,0.59,0
275,31,995.03,476.18,75.28,82.72,0.88,0
276,14,142.93,606.70,33.45,40.46,0.78,0
276,34,905.43,531.22,49.84,29.86,0.61,0
276,31,996.07,476.31,74.89,83.28,0.90,0
277,14,143.32,604.85,33.37,40.66,0.77,0
277,34,904.49,531.56,50.48,29.74,0.59,0
277,31,996.32,476.86,74.21,82.74,0.90,0
277,33,646.16,592.78,33.05,35.83,0.30,0
278,14,144.16,602.30,32.81,39.98,0.79,0
278,34,904.93,531.86,50.32,29.18,0.54,0
278,31,996.81,476.91,74.79,83.46,0.90,0
278,33,645.70,592.13,32.91,37.45,0.43,0
279,14,143.72,599.64,33.28,38.35,0.81,0
279,34,905.97,530.90,51.70,30.11,0.58,0
279,31,999.20,475.33,74.96,82.37,0.85,0
279,33,646.62,591.10,31.96,35.61,0.58,0
280,14,144.60,595.00,32.19,37.90,0.84,0
280,31,1001.00,473.69,75.44,83.15,0.81,0
280,33,647.72,589.95,31.40,33.35,0.44,0
281,14,142.03,589.90,30.75,38.01,0.76,0
281,33,647.37,589.16,30.01,38.38,0.40,0
282,14,137.16,584.06,31.91,39.53,0.81,0
283,14,137.98,578.25,31.87,40.14,0.67,0
283,31,1001.44,472.27,76.18,81.99,0.69,0
284,14,139.07,572.31,29.67,40.01,0.75,0
284,31,1003.19,471.92,76.59,81.16,0.82,0
285,14,133.38,570.62,30.82,39.46,0.40,0
285,31,1005.59,472.35,76.00,81.31,0.83,0
286,14,130.28,569.37,31.02,40.83,0.44,0
286,33,643.56,584.77,28.24,34.01,0.30,0
287,14,129.55,570.70,32.26,42.32,0.51,0
287,33,643.47,588.21,27.32,28.32,0.37,0
288,14,130.21,573.20,32.54,41.24,0.71,0
288,33,644.39,588.88,27.08,28.25,0.52,0
288,34,910.29,532.83,50.34,28.10,0.54,0
288,31,1006.05,479.16,73.88,80.47,0.47,0
289,14,131.33,575.54,32.08,39.67,0.66,0
289,33,645.39,588.31,28.97,31.20,0.38,0
289,34,914.95,532.77,46.23,27.26,0.51,0
290,14,130.04,576.83,31.69,40.58,0.69,0
290,33,644.23,589.07,30.26,31.20,0.51,0
290,34,918.74,533.36,42.63,26.97,0.53,0
290,31,1008.06,479.89,74.26,80.55,0.57,0
291,14,126.66,581.52,30.48,39.58,0.65,0
291,33,642.06,592.06,31.74,30.33,0.44,0
291,34,914.61,536.50,45.63,25.87,0.62,0
291,31,1007.55,480.22,75.36,81.29,0.79,0
292,14,126.45,583.64,29.72,40.76,0.63,0
292,33,641.51,594.79,31.90,30.23,0.35,0
292,31,1006.69,482.36,75.69,80.34,0.58,0
293,14,126.80,588.25,30.89,38.63,0.74,0
293,33,642.55,594.62,33.38,32.12,0.26,0
293,31,1006.01,483.12,76.45,80.26,0.85,0
293,53,256.61,635.34,25.34,24.37,0.34,0
294,14,127.23,590.48,31.03,38.53,0.76,0
294,33,642.25,597.09,34.18,42.51,0.46,0
294,31,1007.06,481.14,76.43,80.69,0.77,0
295,14,127.56,591.60,30.51,39.00,0.64,0
295,33,642.15,598.00,34.36,45.82,0.55,0
295,31,1007.34,480.09,78.80,80.72,0.79,0
296,14,125.89,594.00,30.74,39.55,0.68,0
296,33,641.88,599.19,34.80,47.14,0.57,0
296,31,1007.99,480.52,78.41,80.24,0.79,0
297,14,122.19,601.67,32.54,40.22,0.74,0
297,33,641.61,607.45,30.94,38.78,0.57,0
297,31,1007.07,486.03,78.83,82.33,0.88,0
297,34,910.20,544.77,51.47,29.62,0.59,0
297,53,254.26,650.27,26.19,27.21,0.33,0
298,14,122.52,607.48,32.33,40.04,0.70,0
298,33,642.59,612.44,28.84,32.92,0.59,0
298,31,1006.50,490.01,77.66,82.52,0.85,0
299,14,122.46,608.26,32.37,39.91,0.71,0
299,33,641.96,610.67,28.41,31.41,0.70,0
299,31,1004.96,489.09,77.38,83.22,0.82,0
299,56,642.13,639.39,25.93,27.15,0.35,0
300,14,121.03,611.41,32.85,38.33,0.68,0
300,33,640.37,612.16,28.72,34.30,0.49,0
300,31,1003.23,489.95,77.52,83.35,0.86,0
300,56,639.82,638.94,26.98,27.57,0.25,0
300,34,908.66,549.53,48.64,30.01,0.32,0
301,14,118.96,611.39,33.01,39.54,0.67,0
301,33,638.75,612.87,29.43,32.87,0.65,0
301,31,1003.01,490.01,77.48,83.85,0.83,0
301,56,638.92,640.27,27.25,26.42,0.36,0
301,34,907.87,549.71,47.67,30.51,0.33,0
302,14,117.78,612.30,31.91,40.15,0.47,0
302,33,637.05,613.93,31.39,31.49,0.67,0
302,31,1002.70,490.32,78.03,84.73,0.85,0
302,34,905.81,551.58,48.85,30.10,0.42,0
303,14,115.36,614.06,31.04,39.14,0.66,0
303,33,635.68,615.27,32.50,31.03,0.59,0
303,31,1002.07,491.35,78.61,83.86,0.86,0
303,34,905.81,552.66,47.70,31.19,0.47,0
304,14,113.25,615.32,30.57,38.79,0.59,0
304,33,634.08,616.14,34.14,32.07,0.47,0
304,31,1001.29,493.39,78.46,83.99,0.83,0
304,34,902.74,554.60,49.18,29.37,0.74,0
305,14,112.85,615.89,30.71,39.01,0.55,0
305,33,634.70,617.72,34.17,30.54,0.43,0
305,31,1001.20,494.35,78.76,84.90,0.80,0
305,34,901.31,556.53,50.60,28.21,0.64,0
306,14,111.13,615.79,31.87,39.88,0.48,0
306,33,635.25,618.68,33.79,29.13,0.43,0
306,31,1001.78,494.25,79.22,85.16,0.83,0
306,34,902.20,556.51,51.53,28.50,0.66,0
307,14,107.95,615.11,33.27,41.98,0.66,0
307,33,634.34,618.19,34.70,30.31,0.36,0
307,31,1002.17,493.84,79.55,85.43,0.80,0
307,34,902.33,556.44,52.10,28.58,0.62,0
308,14,106.10,615.57,33.19,41.09,0.53,0
308,33,633.02,617.97,35.16,29.91,0.28,0
308,31,1001.53,493.70,78.85,85.75,0.85,0
308,34,901.80,557.93,50.29,27.77,0.68,0
308,53,244.31,665.90,27.18,26.93,0.43,0
309,14,106.56,613.73,34.45,40.99,0.74,0
309,31,1000.84,491.11,79.71,86.04,0.85,0
309,34,901.18,555.65,50.38,28.94,0.68,0
309,53,243.67,662.96,29.82,28.87,0.40,0
310,14,106.39,610.22,33.66,40.33,0.77,0
310,31,1000.77,484.94,80.68,88.41,0.91,0
310,34,901.32,553.36,50.16,28.74,0.30,0
310,53,243.57,659.42,28.83,27.71,0.49,0
310,33,632.37,614.68,34.80,29.45,0.35,0
311,14,107.53,606.78,32.79,40.95,0.78,0
311,31,1001.13,481.86,81.08,88.07,0.91,0
311,34,905.93,548.14,46.12,30.68,0.45,0
311,53,244.63,656.47,29.92,27.54,0.45,0
312,14,106.50,602.41,31.70,39.72,0.78,0
312,31,1001.75,478.11,81.30,88.33,0.64,0
312,34,906.54,543.28,45.78,31.37,0.51,0
312,53,243.75,652.37,29.84,26.91,0.35,0
312,33,631.70,607.07,30.89,32.35,0.52,0
313,14,102.38,595.06,30.97,40.90,0.75,0
313,31,1001.43,472.70,84.66,91.11,0.30,0
313,34,903.92,540.04,47.71,31.56,0.56,0
313,53,240.72,646.39,27.69,26.47,0.48,0
313,33,629.80,604.37,30.24,32.91,0.37,0
314,14,96.37,590.82,31.88,39.82,0.72,0
314,31,998.92,470.92,83.84,90.30,0.75,0
314,34,899.63,538.01,48.53,28.76,0.80,0
314,53,234.15,642.59,28.67,26.88,0.33,0
314,33,626.41,601.48,29.19,37.74,0.44,0
315,14,93.89,582.04,32.78,41.19,0.77,0
315,31,995.53,465.95,85.87,89.33,0.87,0
315,34,898.32,531.05,46.34,29.35,0.79,0
315,53,232.82,634.47,27.10,26.21,0.48,0
316,14,91.25,575.64,32.80,42.41,0.72,0
316,31,995.23,459.76,85.49,91.04,0.89,0
316,34,898.43,526.81,44.51,30.68,0.63,0
316,53,231.51,628.70,25.97,29.02,0.38,0
317,14,83.73,569.89,33.33,42.51,0.69,0
317,31,994.58,457.10,86.33,91.63,0.91,0
317,34,900.03,523.92,43.58,30.38,0.67,0
317,33,618.58,588.04,30.36,43.50,0.63,0
318,14,75.25,568.69,32.68,41.14,0.73,0
318,31,990.81,454.72,86.97,91.34,0.90,0
318,34,895.76,522.07,44.40,29.56,0.61,0
318,33,613.89,585.58,29.59,36.78,0.55,0
318,53,218.27,620.75,27.14,29.70,0.40,0
319,14,73.77,566.28,33.14,41.24,0.72,0
319,31,987.20,451.97,87.28,88.99,0.76,0
319,34,890.57,519.70,47.15,28.82,0.41,0
319,33,609.65,582.06,30.36,46.05,0.44,0
319,53,216.75,618.23,26.82,28.41,0.50,0
320,14,74.78,566.04,32.32,38.72,0.65,0
320,31,986.27,448.42,86.43,89.78,0.88,0
320,34,888.37,515.52,48.23,29.03,0.32,0
320,33,608.55,579.02,30.67,49.26,0.52,0
320,53,217.78,615.71,27.53,29.31,0.49,0
320,64,610.37,578.15,31.18,49.30,0.33,0
321,14,67.92,561.53,32.76,41.18,0.77,0
321,31,984.97,446.86,86.03,88.92,0.68,0
321,34,884.84,514.24,50.16,29.07,0.63,0
321,33,605.41,577.41,31.00,42.66,0.30,0
322,14,59.48,562.92,33.77,42.56,0.63,0
322,31,982.42,444.50,87.55,91.41,0.62,0
322,34,881.19,514.30,50.96,29.19,0.68,0
322,53,205.38,616.26,28.25,29.46,0.32,0
322,64,601.13,579.03,31.39,51.44,0.35,0
323,14,54.58,564.80,35.03,42.87,0.74,0
323,31,978.66,442.86,87.65,92.75,0.53,0
323,34,877.81,513.56,50.32,28.82,0.66,0
323,64,598.46,578.66,31.21,50.86,0.48,0
324,14,52.93,569.59,35.29,42.13,0.67,0
324,31,975.78,442.16,89.52,93.95,0.42,0
324,34,875.66,514.62,49.44,28.10,0.60,0
325,14,53.04,574.84,33.82,39.42,0.47,0
325,31,971.73,440.98,90.55,94.62,0.62,0
325,34,875.27,514.08,48.01,27.58,0.42,0
326,14,51.48,577.94,33.24,38.82,0.64,0
326,31,971.75,436.98,89.81,95.85,0.54,0
326,34,874.87,512.11,48.49,28.04,0.65,0
327,14,49.51,577.76,34.24,39.80,0.75,0
327,31,971.48,434.83,89.28,94.19,0.82,0
327,34,873.88,508.76,48.43,27.69,0.63,0
328,14,47.79,576.44,35.16,41.97,0.80,0
328,31,970.68,432.43,89.93,94.56,0.87,0
328,34,873.32,507.33,47.23,27.58,0.67,0
329,14,45.44,575.58,35.24,43.57,0.81,0
329,31,970.48,430.09,89.62,95.33,0.73,0
329,34,872.25,506.54,46.11,27.01,0.56,0
329,53,195.27,627.38,30.63,29.14,0.26,0
330,14,44.62,574.34,35.06,45.90,0.81,0
330,34,869.33,505.01,47.11,28.35,0.73,0
330,53,194.33,627.69,29.44,29.08,0.35,0
330,33,592.24,579.41,29.43,32.23,0.46,0
331,14,45.40,575.63,34.20,45.41,0.79,0
331,34,870.59,504.36,43.75,29.10,0.47,0
331,53,194.71,627.85,30.52,28.68,0.42,0
331,33,591.87,579.74,28.81,29.48,0.38,0
331,31,964.22,429.79,90.46,93.35,0.86,0
332,14,45.11,574.99,33.44,44.82,0.75,0
332,34,870.69,500.61,44.33,30.16,0.62,0
332,33,591.15,577.63,29.85,32.27,0.25,0
332,66,869.76,501.97,45.31,29.63,0.46,0
333,14,39.86,575.44,33.46,43.71,0.71,0
333,34,863.95,501.55,49.90,29.39,0.40,0
333,33,588.65,576.90,29.63,29.68,0.26,0
333,66,865.74,500.22,48.52,29.76,0.70,0
333,53,189.74,625.80,30.45,31.38,0.49,0
333,31,961.14,424.66,92.53,93.53,0.37,0
334,14,39.58,575.76,32.60,42.09,0.68,0
334,34,862.69,499.88,50.23,29.44,0.70,0
334,53,189.93,625.74,30.20,30.07,0.48,0
334,31,960.62,422.87,91.72,94.29,0.47,0
334,64,587.79,577.79,30.81,47.22,0.45,0
335,14,39.01,575.69,33.06,42.09,0.73,0
335,34,861.22,499.17,51.26,29.58,0.73,0
335,53,190.29,625.58,29.63,30.36,0.52,0
335,64,587.54,577.32,30.63,47.42,0.28,0
336,14,38.47,574.80,33.76,43.17,0.68,0
336,34,861.53,498.50,51.07,29.38,0.75,0
336,53,191.20,625.56,28.26,29.66,0.47,0
336,64,587.16,577.03,31.34,51.33,0.26,0
337,14,36.82,574.08,33.16,43.08,0.71,0
337,34,861.44,497.78,51.16,29.50,0.80,0
337,53,191.19,626.44,27.39,28.73,0.50,0
338,14,35.03,572.69,32.40,43.62,0.64,0
338,34,860.40,497.34,52.10,30.11,0.50,0
338,53,190.20,627.45,26.50,26.98,0.28,0
339,14,32.98,570.46,32.70,44.66,0.46,0
339,34,859.47,494.78,51.07,30.96,0.80,0
339,53,188.63,626.38,27.34,26.28,0.31,0
339,64,584.73,576.73,33.14,51.80,0.28,0
340,14,32.19,568.67,34.65,45.35,0.70,0
340,34,857.97,492.60,51.41,31.01,0.72,0
340,53,189.38,624.09,27.83,26.32,0.41,0
340,31,959.38,410.67,93.97,100.11,0.48,0
341,14,28.14,567.80,36.52,45.84,0.73,0
341,34,857.39,490.42,50.63,30.52,0.73,0
341,53,188.20,620.54,29.14,26.96,0.48,0
341,31,958.96,408.28,93.25,98.06,0.41,0
342,14,27.72,565.21,38.31,45.44,0.48,0
342,34,855.56,487.23,53.74,31.01,0.82,0
342,53,189.34,617.16,29.97,28.48,0.38,0
342,31,959.16,405.91,92.07,95.74,0.92,0
343,14,26.45,563.72,38.77,44.14,0.76,0
343,34,855.82,484.69,53.64,29.74,0.80,0
343,31,958.95,402.43,93.39,96.19,0.84,0
344,14,24.09,560.32,38.22,44.34,0.69,0
344,34,856.77,479.29,53.46,31.14,0.56,0
344,31,958.82,397.42,94.02,97.91,0.58,0
345,14,23.28,557.68,38.02,44.30,0.80,0
345,34,857.87,475.66,53.04,32.22,0.69,0
345,31,959.68,394.44,91.22,96.84,0.60,0
345,53,186.04,609.91,29.80,27.07,0.47,0
346,14,23.52,554.70,37.64,43.98,0.75,0
346,34,859.24,473.27,51.86,31.55,0.85,0
346,31,959.93,389.30,92.17,99.13,0.77,0
347,14,24.04,552.24,36.83,43.99,0.74,0
347,34,860.03,471.51,51.62,30.93,0.78,0
347,31,960.14,387.06,93.85,99.56,0.78,0
347,53,187.73,603.85,30.28,29.08,0.51,0
348,14,22.12,549.02,36.87,45.11,0.80,0
348,34,859.22,470.11,53.35,31.39,0.77,0
348,31,961.90,384.06,95.15,99.37,0.81,0
348,53,186.31,602.95,27.93,27.14,0.28,0
349,14,19.46,546.00,36.17,46.97,0.81,0
349,34,859.07,467.87,52.52,31.25,0.70,0
349,31,962.93,382.45,93.85,98.87,0.86,0
349,64,578.91,552.69,33.82,55.32,0.29,0
350,14,17.90,546.02,33.14,47.05,0.38,0
350,34,856.85,467.54,52.75,30.99,0.77,0
350,31,962.11,382.58,93.58,98.16,0.87,0
350,64,577.21,552.57,33.31,46.85,0.28,0
351,14,15.22,545.21,33.67,48.52,0.45,0
351,34,855.14,468.26,52.26,30.53,0.76,0
351,31,960.67,382.51,92.46,97.34,0.86,0
352,14,18.54,544.42,34.15,44.36,0.72,0
352,34,855.13,466.96,52.18,30.13,0.77,0
352,31,960.22,378.43,93.39,99.19,0.84,0
353,14,14.00,541.47,34.85,43.65,0.69,0
353,34,852.85,463.54,55.75,29.82,0.78,0
353,31,960.19,373.69,93.48,100.10,0.78,0
354,14,7.10,539.39,37.99,45.81,0.82,0
354,34,851.25,461.14,55.51,31.26,0.79,0
355,14,3.46,538.55,39.58,46.92,0.33,0
355,34,851.01,460.70,54.50,29.52,0.78,0
355,31,958.40,370.39,92.10,99.03,0.65,0
356,14,2.19,538.34,40.06,47.43,0.57,0
356,34,850.13,459.64,53.95,29.39,0.82,0
356,31,957.13,368.51,92.92,100.11,0.78,0
356,53,171.11,593.21,33.50,29.77,0.33,0
357,14,1.20,537.95,39.61,47.02,0.54,0
357,34,850.38,457.95,53.59,29.88,0.76,0
357,31,955.10,364.81,95.18,104.02,0.67,0
357,53,169.34,592.53,32.54,29.95,0.39,0
358,14,0.77,536.72,39.02,46.71,0.59,0
358,34,852.01,453.29,50.10,31.71,0.44,0
358,31,953.68,361.63,96.16,104.40,0.83,0
358,53,168.51,591.73,33.50,31.52,0.30,0
359,14,0.55,536.73,38.23,46.69,0.60,0
359,34,851.32,451.62,50.24,32.71,0.52,0
359,31,952.14,358.16,98.80,106.21,0.87,0
360,14,0.00,536.45,37.88,48.76,0.27,0
360,34,848.70,450.44,52.27,33.12,0.82,0
360,31,951.28,356.67,98.66,105.44,0.89,0
361,14,0.00,537.36,35.14,46.79,0.33,0
361,34,848.69,449.09,51.58,33.06,0.79,0
361,31,950.26,355.18,99.14,105.02,0.90,0
361,64,570.35,539.38,30.01,42.77,0.36,0
361,53,165.99,591.06,31.57,30.54,0.46,0
362,14,0.00,533.09,34.42,48.09,0.46,0
362,34,846.15,446.08,54.49,32.20,0.81,0
362,31,950.14,350.09,99.36,104.13,0.85,0
363,14,0.00,531.19,33.52,46.16,0.61,0
363,34,846.24,443.77,51.92,31.38,0.77,0
363,31,949.41,345.52,99.62,104.95,0.86,0
364,14,0.00,529.90,33.57,46.36,0.55,0
364,34,846.50,442.08,50.10,30.08,0.76,0
364,31,948.79,343.68,98.81,105.31,0.87,0
365,14,0.22,528.58,34.50,46.54,0.67,0
365,34,840.10,439.64,55.71,31.05,0.81,0
365,31,948.77,340.61,99.74,107.86,0.83,0
366,14,0.00,528.52,32.04,46.02,0.55,0
366,34,841.34,438.05,54.58,31.06,0.79,0
366,31,948.22,338.59,100.70,108.87,0.79,0
367,14,0.00,530.63,27.97,45.15,0.50,0
367,34,837.89,438.05,57.08,30.27,0.81,0
367,31,948.09,338.47,99.93,109.71,0.86,0
367,64,565.97,527.66,31.52,52.48,0.42,0
368,14,0.00,531.81,26.63,44.20,0.53,0
368,34,835.85,438.41,57.94,30.22,0.84,0
368,31,947.06,338.86,99.63,108.93,0.87,0
369,14,0.45,530.45,27.43,43.56,0.48,0
369,34,836.19,437.01,57.38,30.56,0.82,0
369,31,947.14,338.09,99.46,109.10,0.89,0
369,64,564.93,525.81,32.16,55.43,0.52,0
370,14,0.00,529.65,25.50,43.42,0.49,0
370,34,836.37,436.31,57.91,30.80,0.81,0
370,31,947.65,337.58,99.66,108.70,0.91,0
370,64,564.86,524.94,31.69,53.44,0.54,0
371,14,0.00,528.66,23.55,44.11,0.52,0
371,34,836.80,435.08,57.09,30.94,0.81,0
371,31,947.47,336.86,100.33,108.41,0.91,0
371,64,563.73,524.83,32.09,57.08,0.32,0
372,14,0.00,525.58,20.27,45.31,0.35,0
372,34,836.13,434.01,57.39,30.72,0.83,0
372,31,947.24,335.47,100.64,107.35,0.91,0
372,64,563.04,523.49,32.92,57.48,0.33,0
373,34,836.37,432.54,56.75,31.31,0.84,0
373,31,947.45,333.85,100.00,107.49,0.90,0
373,64,562.77,521.99,32.75,57.31,0.27,0
374,34,836.89,430.47,56.91,31.28,0.78,0
374,31,947.92,331.60,100.32,107.11,0.87,0
375,34,838.06,427.30,57.71,32.13,0.69,0
375,31,949.81,325.41,99.44,106.97,0.86,0
376,34,838.60,426.22,57.42,32.45,0.85,0
376,31,950.62,321.48,98.75,108.03,0.84,0
377,34,837.98,424.12,57.40,32.66,0.85,0
377,31,951.78,318.24,98.98,110.39,0.87,0
378,34,837.92,419.99,57.81,32.22,0.78,0
378,31,951.99,313.72,100.38,109.52,0.88,0
378,14,0.05,508.55,16.64,44.54,0.31,0
379,34,835.15,415.33,61.16,31.37,0.82,0
379,31,952.76,310.40,100.81,107.91,0.89,0
380,34,833.23,412.89,60.63,31.46,0.80,0
380,31,951.72,308.12,101.14,109.30,0.91,0
380,64,554.22,505.45,31.40,49.78,0.34,0
381,34,830.21,412.62,60.52,31.61,0.74,0
381,31,947.91,305.39,103.30,110.92,0.89,0
381,64,547.64,504.69,32.75,53.44,0.56,0
382,34,826.87,413.62,60.20,31.41,0.77,0
382,31,944.79,305.96,103.81,110.65,0.91,0
382,64,544.48,504.46,32.74,53.92,0.66,0
383,34,825.08,413.31,59.01,33.81,0.81,0
383,31,942.76,307.98,104.63,109.25,0.91,0
384,34,823.81,414.92,56.43,33.68,0.77,0
384,31,941.13,309.27,104.54,108.31,0.91,0
384,81,540.21,533.25,28.95,29.97,0.34,0
384,64,540.03,504.19,29.94,38.24,0.46,0
385,34,821.71,415.10,55.98,33.79,0.79,0
385,31,938.27,308.86,104.87,108.48,0.91,0
385,64,538.26,504.44,29.47,32.97,0.27,0
386,34,813.44,414.89,60.84,32.71,0.80,0
386,31,933.83,308.13,104.80,107.86,0.88,0
386,64,531.43,508.00,29.73,33.37,0.57,0
387,34,807.97,416.97,61.92,33.00,0.75,0
387,31,929.63,308.86,104.41,109.52,0.89,0
387,64,527.42,509.14,28.91,31.84,0.45,0
387,53,112.48,562.27,29.30,26.92,0.33,0
388,34,807.88,420.65,59.58,33.45,0.63,0
388,31,927.55,308.91,104.19,111.34,0.90,0
389,34,807.49,425.87,59.00,32.44,0.46,0
389,31,925.78,312.18,104.72,115.50,0.87,0
389,64,523.15,518.51,29.63,30.55,0.59,0
390,34,803.59,430.37,61.73,33.87,0.83,0
390,31,921.82,316.62,107.23,115.03,0.88,0
390,64,519.88,524.82,31.15,46.11,0.63,0
391,34,802.04,437.92,61.09,34.10,0.83,0
391,31,921.19,324.34,106.48,115.38,0.88,0
391,64,519.03,533.45,29.90,39.28,0.59,0
391,81,518.77,564.95,29.14,29.94,0.44,0
392,34,802.74,442.92,58.64,33.59,0.83,0
392,31,919.93,328.03,106.36,114.35,0.85,0
392,64,517.39,539.45,29.59,34.99,0.52,0
393,34,801.84,449.12,56.58,33.78,0.85,0
393,31,917.91,334.02,106.61,114.61,0.92,0
394,34,798.84,454.67,57.78,33.89,0.83,0
394,31,917.19,340.13,105.68,113.90,0.92,0
395,34,796.21,478.01,58.65,33.37,0.81,0
395,31,915.10,362.90,106.56,113.95,0.91,0
395,64,508.06,578.25,28.71,32.44,0.33,0
396,34,789.66,483.99,61.37,32.87,0.81,0
396,31,911.19,368.34,106.99,116.36,0.86,0
396,53,87.16,640.36,35.84,31.38,0.45,0
397,34,787.69,489.33,59.01,33.49,0.82,0
397,31,907.59,373.01,107.48,115.21,0.46,0
398,34,787.02,495.59,57.24,32.19,0.83,0
398,31,905.45,376.72,107.23,116.43,0.45,0
399,34,784.37,499.31,57.40,33.32,0.56,0
399,31,903.42,379.85,106.53,118.35,0.85,0
399,81,495.61,629.21,29.03,28.84,0.48,0
400,34,780.37,502.20,59.29,32.87,0.82,0
400,31,900.31,382.42,108.00,118.32,0.89,0
400,81,494.54,633.75,28.33,27.52,0.48,0
400,64,494.92,601.18,28.49,32.43,0.56,0
401,34,778.26,504.48,60.02,33.23,0.82,0
401,31,896.57,384.94,109.62,116.72,0.88,0
401,81,492.92,636.67,28.80,27.83,0.36,0
401,64,493.23,603.13,29.41,33.45,0.58,0
402,34,777.16,506.64,59.65,32.27,0.76,0
402,31,894.59,385.77,110.58,116.60,0.41,0
402,64,491.80,605.22,29.84,33.03,0.43,0
402,53,69.75,667.33,28.97,27.12,0.44,0
403,34,775.89,508.26,58.80,31.92,0.77,0
403,31,895.12,385.91,109.24,115.95,0.89,0
403,64,487.83,605.95,29.63,33.65,0.51,0
403,53,64.65,667.06,28.92,28.61,0.26,0
404,34,774.70,508.72,58.13,32.80,0.83,0
404,31,893.45,386.50,110.19,115.77,0.91,0
404,64,484.82,608.58,30.34,32.40,0.59,0
404,81,483.34,641.68,30.48,26.67,0.26,0
405,34,772.22,508.26,59.53,33.23,0.83,0
405,31,892.69,386.35,109.14,114.76,0.92,0
405,64,483.30,609.89,30.54,32.12,0.43,0
406,34,768.73,507.31,61.09,32.86,0.82,0
406,31,891.32,384.22,109.53,115.39,0.90,0
406,64,481.37,609.59,31.33,35.54,0.42,0
407,34,764.45,505.68,63.48,32.68,0.78,0
407,31,889.34,381.08,110.86,115.75,0.89,0
407,64,480.50,608.91,31.00,38.63,0.35,0
408,34,761.48,504.42,64.01,33.14,0.81,0
408,31,888.01,377.73,111.43,117.24,0.83,0
408,64,476.95,608.72,29.52,33.18,0.30,0
408,81,475.70,637.01,29.33,30.98,0.43,0
409,34,759.25,502.26,64.10,32.71,0.76,0
409,64,474.12,607.15,28.59,29.88,0.50,0
409,81,473.24,635.98,28.74,30.46,0.62,0
410,34,758.96,499.89,60.69,33.01,0.60,0
410,64,470.64,605.90,28.22,30.64,0.50,0
410,81,470.13,636.36,29.01,30.05,0.61,0
410,99,757.41,625.52,34.52,41.64,0.36,0
410,31,884.40,370.15,111.31,119.94,0.29,0
411,34,755.82,497.05,61.33,35.18,0.89,0
411,64,466.74,604.19,27.33,39.06,0.45,0
411,53,39.69,664.04,31.34,29.30,0.40,0
412,34,753.48,496.31,57.87,35.12,0.86,0
412,64,461.47,604.47,27.98,35.97,0.53,0
412,31,873.29,363.19,114.59,125.61,0.90,0
413,34,746.56,498.09,61.90,35.73,0.86,0
413,64,457.00,605.66,27.92,34.10,0.59,0
413,31,868.79,363.37,115.46,126.33,0.90,0
413,81,455.19,638.38,29.91,26.96,0.30,0
413,53,26.25,666.51,33.22,26.21,0.45,0
414,34,745.63,496.56,62.19,36.79,0.86,0
414,64,453.10,604.87,28.01,30.08,0.52,0
414,31,866.07,361.63,116.73,126.49,0.90,0
414,81,451.68,635.45,28.66,28.49,0.39,0
415,34,742.43,496.26,60.21,35.46,0.86,0
415,64,447.74,604.25,28.44,29.13,0.68,0
415,31,863.99,361.30,115.74,125.59,0.90,0
415,81,446.61,634.55,29.26,29.35,0.59,0
415,53,12.99,663.87,32.12,29.51,0.34,0
416,34,736.50,497.26,60.33,35.29,0.87,0
416,64,440.91,605.52,29.03,31.22,0.37,0
416,31,859.81,361.14,115.60,127.38,0.87,0
416,81,439.91,636.76,30.01,30.38,0.34,0
416,99,734.67,628.84,35.71,38.12,0.55,0
417,34,731.68,497.66,59.97,36.28,0.86,0
417,64,437.34,607.78,29.29,31.44,0.44,0
417,81,435.77,639.85,30.51,27.75,0.29,0
417,99,730.74,626.41,37.59,43.54,0.28,0
418,34,728.11,498.28,58.62,35.24,0.33,0
418,64,435.30,607.80,29.62,32.57,0.47,0
418,31,847.47,359.33,120.33,129.90,0.74,0
419,34,715.95,499.14,65.38,34.59,0.48,0
419,64,426.06,609.01,28.31,30.41,0.45,0
419,31,841.68,360.29,120.09,128.88,0.83,0
419,81,424.72,639.75,28.31,27.80,0.43,0
419,99,719.22,625.13,33.03,43.66,0.33,0
420,34,707.73,500.49,65.35,34.09,0.37,0
420,64,415.74,611.46,29.57,30.98,0.52,0
420,31,836.32,360.09,120.09,130.76,0.72,0
420,99,711.66,627.78,35.05,45.13,0.33,0
421,34,703.46,501.95,63.02,35.98,0.84,0
421,64,409.43,613.52,29.16,31.80,0.48,0
421,31,828.84,360.92,121.04,129.22,0.54,0
422,34,702.38,503.53,59.95,35.28,0.84,0
422,64,405.14,615.01,30.35,32.47,0.39,0
422,31,823.86,360.38,121.57,130.35,0.73,0
423,34,698.34,502.85,61.69,35.24,0.82,0
423,31,819.75,358.91,122.08,132.37,0.87,0
424,34,693.68,501.11,64.98,35.21,0.81,0
424,31,817.42,358.06,122.19,130.95,0.92,0
424,64,401.91,614.46,30.25,30.57,0.45,0
425,34,694.55,499.20,60.21,36.64,0.53,0
425,31,815.17,356.24,121.83,127.89,0.87,0
425,64,398.86,614.22,28.66,30.63,0.55,0
426,34,689.51,497.69,60.60,37.02,0.83,0
426,31,812.37,354.07,120.92,127.38,0.86,0
426,64,393.27,613.63,29.32,31.40,0.41,0
427,34,686.41,496.65,60.36,37.26,0.76,0
427,31,809.64,351.04,121.79,128.71,0.86,0
427,64,391.03,612.69,30.17,31.87,0.33,0
428,34,683.91,494.67,58.11,36.42,0.81,0
428,31,806.53,348.46,121.78,128.77,0.83,0
428,64,389.34,612.12,30.82,31.34,0.60,0
429,34,680.98,494.19,56.02,37.17,0.75,0
429,31,802.70,347.07,121.52,128.51,0.86,0
429,64,386.70,612.47,31.73,30.48,0.60,0
430,34,676.04,493.65,58.68,36.85,0.63,0
430,31,799.50,345.39,122.28,129.84,0.51,0
430,64,385.32,611.88,30.74,31.45,0.57,0
431,34,674.23,491.47,56.40,37.51,0.76,0
431,31,796.11,342.60,123.54,132.26,0.90,0
431,64,382.48,611.06,31.04,32.64,0.53,0
431,81,380.81,641.41,31.91,29.04,0.29,0
432,34,669.08,491.30,57.54,36.85,0.77,0
432,31,792.46,340.03,125.34,134.14,0.82,0
433,34,667.40,491.29,55.92,35.93,0.45,0
433,31,789.08,338.57,126.12,134.60,0.76,0
433,64,377.47,610.98,29.71,31.65,0.51,0
433,81,376.28,641.72,30.15,28.43,0.36,0
434,34,665.93,492.06,55.61,35.30,0.63,0
434,31,786.81,337.75,126.02,135.72,0.63,0
434,64,376.79,611.12,29.65,31.51,0.50,0
434,81,375.91,641.73,29.84,28.33,0.40,0
435,34,663.80,494.18,57.14,35.75,0.79,0
435,31,785.74,338.48,125.58,134.79,0.58,0
435,64,375.42,611.99,29.86,31.10,0.53,0
435,81,374.73,642.40,30.66,29.71,0.42,0
436,34,662.53,495.63,56.31,37.26,0.79,0
436,31,784.56,339.46,125.88,134.34,0.69,0
436,64,374.98,612.00,30.31,31.36,0.52,0
437,34,659.05,495.76,55.79,38.23,0.83,0
437,31,781.56,338.45,127.27,135.92,0.51,0
437,64,372.70,611.61,31.60,32.65,0.46,0
438,34,656.22,495.63,56.59,38.92,0.85,0
438,31,778.73,337.97,128.48,136.45,0.32,0
438,64,372.36,611.83,32.14,33.26,0.46,0
439,34,651.21,495.05,59.16,38.31,0.61,0
439,31,776.53,336.16,129.30,137.92,0.42,0
439,64,372.06,610.89,32.52,33.22,0.43,0
440,31,772.61,335.81,131.22,135.28,0.41,0
440,64,368.64,611.94,32.67,32.33,0.30,0
441,31,771.33,334.90,132.09,135.07,0.52,0
441,64,368.24,611.88,31.58,31.79,0.37,0
442,31,771.35,331.81,129.41,132.29,0.53,0
442,64,368.12,611.47,31.10,33.93,0.34,0
443,31,770.04,328.47,129.12,133.10,0.51,0
443,34,656.04,490.18,48.35,35.67,0.40,0
444,31,769.77,325.72,128.09,132.59,0.68,0
444,34,656.07,488.41,46.38,35.81,0.52,0
445,31,768.65,323.73,127.98,132.52,0.87,0
445,34,655.78,485.12,44.36,36.85,0.52,0
445,64,364.79,610.19,29.46,31.09,0.36,0
446,31,768.22,321.88,128.97,133.05,0.86,0
446,34,655.31,483.89,44.02,37.68,0.45,0
446,64,366.14,609.26,29.00,32.07,0.35,0
447,31,767.99,316.79,131.02,137.50,0.85,0
447,34,652.84,482.28,45.74,36.12,0.37,0
447,64,366.12,608.27,29.04,32.17,0.42,0
448,31,767.38,313.72,131.33,139.02,0.89,0
448,34,649.38,481.23,48.05,35.21,0.42,0
448,64,364.35,606.97,29.27,32.08,0.54,0
449,31,764.73,313.31,132.30,140.87,0.83,0
449,34,645.51,483.46,49.05,36.84,0.42,0
449,64,359.37,611.33,30.29,31.20,0.67,0
449,81,357.52,642.80,31.12,31.69,0.26,0
450,31,761.89,312.97,133.28,142.72,0.71,0
450,34,644.88,487.87,46.32,36.53,0.62,0
450,64,356.33,613.51,31.92,33.61,0.63,0
450,111,758.35,314.06,139.85,142.53,0.68,0
451,31,760.41,313.44,132.76,143.24,0.76,0
451,34,646.52,488.33,44.01,36.87,0.50,0
451,64,359.79,614.03,32.62,32.89,0.27,0
451,111,756.65,315.34,138.72,142.13,0.41,0
452,31,756.66,311.99,133.47,143.67,0.83,0
452,64,357.30,614.78,34.00,34.66,0.57,0
453,31,750.88,312.50,138.29,143.36,0.73,0
454,31,747.55,312.77,139.02,143.77,0.79,0
454,115,748.05,311.79,136.11,146.64,0.41,0
454,64,354.19,621.78,31.90,37.07,0.27,0
455,31,742.45,311.77,139.28,144.45,0.61,0
455,115,744.82,312.30,138.60,146.03,0.44,0
455,64,355.49,625.74,30.00,34.01,0.35,0
456,31,736.94,311.35,142.83,145.87,0.64,0
456,115,740.00,310.62,139.12,144.90,0.28,0
456,64,355.75,629.33,29.87,32.78,0.39,0
457,31,732.26,309.46,147.15,145.47,0.77,0
457,64,356.67,630.60,30.34,36.69,0.37,0
457,81,355.98,664.04,31.62,28.85,0.31,0
458,31,729.04,306.87,150.32,145.20,0.64,0
458,64,357.65,631.70,30.46,34.86,0.42,0
458,81,356.91,665.63,31.01,28.04,0.26,0
459,31,728.81,304.13,150.97,145.21,0.64,0
459,64,359.11,634.19,31.37,32.83,0.35,0
460,31,728.14,301.40,153.65,147.91,0.37,0
460,64,362.69,635.28,31.50,32.15,0.43,0
462,31,725.91,295.68,155.34,146.91,0.48,0
462,64,364.22,635.06,31.79,32.64,0.36,0
463,31,723.03,293.83,155.96,148.08,0.50,0
464,31,719.76,291.07,160.60,149.83,0.39,0
465,31,722.04,290.95,156.14,150.14,0.75,0
465,64,366.14,634.49,33.92,33.29,0.36,0
466,31,723.46,292.16,153.99,150.76,0.81,0
466,64,367.55,635.52,33.28,33.30,0.26,0
467,31,723.03,292.37,155.39,151.12,0.70,0
467,64,373.11,634.51,32.67,33.27,0.57,0
467,81,374.94,665.23,31.74,31.88,0.44,0
468,31,725.63,292.05,156.07,151.40,0.55,0
468,64,380.03,634.29,32.33,32.85,0.53,0
468,81,380.20,665.96,31.23,31.24,0.27,0
469,31,727.04,291.11,155.19,153.66,0.76,0
469,64,383.84,634.08,32.42,33.47,0.54,0
470,31,727.21,289.28,155.84,154.86,0.46,0
470,64,386.11,634.47,33.07,32.75,0.58,0
470,81,385.42,667.85,31.74,28.28,0.27,0
471,31,726.05,287.96,158.79,155.82,0.42,0
471,64,387.83,634.64,33.76,33.51,0.55,0
471,81,386.89,669.29,32.39,26.64,0.27,0
472,31,723.33,286.16,160.94,156.66,0.40,0
472,64,387.24,634.79,33.89,33.22,0.62,0
472,81,386.60,669.73,32.48,26.03,0.29,0
473,31,726.26,285.46,156.70,155.73,0.57,0
473,64,390.26,634.08,32.62,34.32,0.47,0
474,31,729.18,282.50,154.18,155.75,0.26,0
474,64,392.69,631.82,31.49,37.18,0.44,0
475,31,730.65,277.83,153.68,156.94,0.26,0
475,64,395.26,630.53,31.36,36.24,0.52,0
476,64,396.06,630.35,30.94,35.54,0.48,0
477,64,395.33,629.91,31.17,36.10,0.45,0
477,81,395.00,664.74,30.68,29.52,0.25,0
477,31,729.90,269.50,153.92,162.31,0.60,0
478,64,398.81,630.68,30.48,34.12,0.53,0
478,81,398.07,664.06,30.99,29.99,0.37,0
478,31,729.32,267.98,154.67,163.56,0.59,0
479,64,403.03,629.91,30.50,32.22,0.50,0
479,81,403.01,661.92,30.00,30.90,0.40,0
479,31,730.99,266.36,153.43,163.57,0.47,0
480,64,404.53,642.16,31.82,32.95,0.42,0
481,64,401.63,644.37,33.42,33.21,0.48,0
481,34,674.23,493.89,48.43,41.65,0.61,0
481,81,402.02,677.93,30.35,29.67,0.30,0
482,64,402.02,647.54,32.72,32.48,0.46,0
482,34,671.47,495.93,50.52,40.90,0.63,0
482,81,402.36,679.33,30.74,30.64,0.25,0
483,64,405.56,648.33,30.86,32.46,0.51,0
483,34,669.56,497.19,52.63,39.70,0.46,0
484,64,409.79,647.84,30.38,33.18,0.45,0
484,34,668.79,498.89,53.71,39.69,0.51,0
484,81,408.33,680.21,31.69,29.65,0.27,0
485,64,411.36,648.20,29.86,32.79,0.44,0
485,34,667.71,498.31,55.57,38.10,0.40,0
486,64,411.30,649.22,30.99,33.61,0.57,0
486,34,664.31,499.43,57.68,38.23,0.77,0
487,64,412.70,652.85,31.13,33.94,0.57,0
487,34,662.06,500.50,60.99,40.83,0.81,0
487,31,723.10,274.71,158.12,163.50,0.33,0
487,81,410.39,686.36,32.94,28.70,0.30,0
488,64,414.52,657.75,30.77,35.02,0.39,0
488,34,660.38,503.31,64.26,41.72,0.44,0
489,64,419.93,658.32,31.22,34.52,0.43,0
489,34,661.14,502.42,65.99,41.58,0.86,0
490,64,422.88,661.53,32.66,32.75,0.60,0
490,34,662.47,505.57,67.06,40.71,0.81,0
491,64,425.28,666.77,32.12,34.29,0.46,0
491,34,664.78,511.49,67.94,40.02,0.81,0
492,64,433.58,675.50,32.39,35.55,0.60,0
492,34,671.92,518.34,67.01,41.36,0.84,0
492,31,720.23,279.60,171.06,166.25,0.26,0
492,81,433.08,710.88,31.77,27.53,0.33,0
493,64,443.51,682.30,33.03,33.87,0.71,0
493,34,677.36,525.24,69.36,42.09,0.88,0
493,31,721.55,286.64,173.16,168.93,0.53,0
493,81,443.54,715.72,31.61,29.78,0.48,0
494,64,452.74,688.88,33.64,35.08,0.59,0
494,34,684.24,531.11,67.33,39.82,0.84,0
494,31,725.61,291.55,172.56,169.56,0.43,0
495,64,457.16,697.09,34.07,34.16,0.71,0
495,34,685.40,539.76,69.83,40.07,0.83,0
496,64,461.29,703.22,32.53,34.78,0.34,0
496,34,687.83,545.76,70.37,39.42,0.71,0
496,81,459.96,739.00,32.39,29.09,0.33,0
496,31,736.00,296.47,163.47,175.22,0.78,0
497,64,470.37,707.12,32.87,33.69,0.53,0
497,34,690.20,549.84,75.74,38.53,0.79,0
497,31,739.11,300.83,165.13,176.59,0.72,0
498,64,480.30,710.25,33.11,32.94,0.38,0
498,34,702.02,552.44,71.12,38.29,0.85,0
498,31,745.08,301.03,170.33,179.42,0.37,0
499,34,707.43,568.92,70.99,37.92,0.82,0
499,31,749.77,318.28,172.48,175.17,0.36,0
500,34,714.95,571.51,69.61,39.05,0.84,0
500,31,754.22,321.33,172.80,173.84,0.35,0
500,81,496.38,761.98,29.73,29.62,0.39,0
500,64,497.18,728.71,30.80,32.35,0.59,0
501,34,722.59,572.43,68.69,39.73,0.85,0
501,64,506.20,730.88,30.17,31.36,0.29,0
502,34,728.92,574.48,67.53,39.50,0.87,0
502,64,510.57,732.92,32.12,31.32,0.38,0
502,31,759.84,323.47,172.84,172.90,0.47,0
503,34,733.57,574.18,64.73,41.12,0.84,0
503,64,513.52,732.55,33.64,32.06,0.57,0
503,31,761.71,322.91,169.84,175.28,0.70,0
504,34,732.87,574.43,66.51,41.56,0.84,0
504,64,516.48,732.94,32.62,33.60,0.57,0
504,31,760.68,322.59,169.96,177.26,0.72,0
505,34,732.60,575.07,66.56,41.43,0.84,0
505,64,516.99,733.75,32.02,33.60,0.52,0
505,31,759.17,322.11,170.73,177.29,0.53,0
506,34,732.79,575.85,66.84,41.88,0.85,0
506,64,516.34,735.72,33.28,32.74,0.51,0
506,31,757.59,320.98,170.71,178.53,0.66,0
507,34,731.77,574.91,68.77,42.59,0.84,0
507,64,515.59,736.24,33.23,33.54,0.35,0
507,31,756.08,315.13,171.06,182.56,0.82,0
508,34,729.24,574.64,71.86,43.53,0.83,0
508,31,753.66,310.20,172.89,186.87,0.74,0
509,34,727.37,574.18,73.34,43.82,0.50,0
509,31,748.16,306.00,177.91,188.94,0.69,0
509,64,511.89,737.26,31.77,32.45,0.35,0
510,34,724.53,574.32,74.92,43.54,0.74,0
510,31,746.29,303.02,178.12,190.71,0.87,0
510,64,511.67,735.82,30.96,31.38,0.45,0
511,34,723.89,589.24,74.92,41.49,0.87,0
511,31,746.37,315.37,179.11,189.15,0.79,0
512,34,724.78,595.69,75.25,44.27,0.60,0
512,31,747.07,322.86,178.61,186.75,0.91,0
512,64,513.45,755.83,34.15,32.88,0.56,0
513,34,724.21,597.30,74.44,43.88,0.68,0
513,31,745.21,320.25,180.43,187.03,0.88,0
513,64,510.55,757.90,33.71,32.72,0.32,0
514,34,722.53,599.16,76.98,43.86,0.43,0
514,31,743.63,320.57,179.88,186.22,0.85,0
514,64,509.78,759.76,32.78,32.85,0.50,0
515,34,722.84,599.66,78.23,44.01,0.52,0
515,31,742.93,319.87,177.81,187.60,0.85,0
515,64,512.54,759.33,34.72,32.84,0.53,0
515,131,723.78,597.82,82.74,45.34,0.40,0
516,31,743.23,317.56,177.65,188.66,0.76,0
516,64,516.91,759.00,33.56,33.25,0.46,0
517,31,741.11,314.00,179.67,191.05,0.83,0
517,64,517.60,759.42,34.37,33.05,0.46,0
517,132,108.27,824.73,30.73,29.64,0.43,0
517,34,726.58,599.52,73.40,43.21,0.58,0
518,31,737.67,309.97,181.57,194.89,0.91,0
518,64,519.27,760.00,34.16,33.13,0.54,0
518,34,727.25,598.24,74.80,44.63,0.69,0
519,31,734.64,307.51,182.08,196.48,0.90,0
519,34,727.33,598.11,75.79,44.98,0.75,0
519,132,109.58,827.16,29.47,27.87,0.32,0
520,31,733.69,304.93,180.38,197.67,0.93,0
520,34,727.67,598.49,75.51,44.59,0.38,0
521,31,735.09,300.96,181.10,198.79,0.93,0
521,34,730.09,597.10,75.29,43.91,0.83,0
522,31,735.97,296.61,184.10,197.99,0.89,0
522,34,733.96,594.67,76.46,44.28,0.83,0
522,64,533.20,761.04,33.08,31.35,0.42,0
523,31,737.17,291.96,188.00,200.67,0.69,0
523,34,741.74,593.56,74.39,45.07,0.78,0
523,64,539.77,761.96,32.16,31.14,0.58,0
523,132,132.62,827.16,29.86,31.34,0.35,0
524,31,736.36,287.65,189.43,201.14,0.85,0
524,34,743.71,593.15,71.56,44.30,0.82,0
524,64,543.13,762.55,30.50,30.60,0.48,0
525,31,736.47,285.51,187.55,198.98,0.85,0
525,34,744.12,592.77,73.77,45.67,0.76,0
525,132,142.82,831.34,31.69,30.05,0.41,0
526,31,737.00,281.90,188.10,198.77,0.87,0
526,34,747.59,592.12,72.40,44.97,0.85,0
527,31,737.44,276.49,188.95,202.87,0.86,0
527,34,748.76,591.64,75.55,44.30,0.86,0
528,31,736.79,272.41,189.71,206.37,0.91,0
528,34,751.10,592.41,77.01,43.09,0.65,0
528,132,160.73,836.66,28.58,26.58,0.40,0
529,31,739.33,270.44,188.72,208.89,0.91,0
529,34,753.34,592.83,78.04,44.54,0.75,0
529,132,169.51,836.00,29.79,27.09,0.39,0
530,31,741.10,269.30,188.31,208.25,0.93,0
530,34,755.45,592.36,80.33,45.02,0.66,0
530,132,177.79,834.99,30.24,28.11,0.37,0
531,31,740.48,266.58,189.18,208.63,0.95,0
531,34,757.81,592.55,80.06,45.63,0.79,0
531,132,182.94,835.36,29.98,27.81,0.44,0
531,64,580.02,765.67,33.42,34.74,0.30,0
532,31,738.79,262.71,190.26,210.81,0.94,0
532,34,758.28,592.15,80.78,46.27,0.70,0
532,132,186.71,836.13,28.69,26.51,0.44,0
533,31,737.06,259.95,190.77,212.93,0.93,0
533,34,758.33,592.08,82.25,46.85,0.75,0
533,132,190.32,834.52,29.70,27.81,0.51,0
534,31,735.63,254.45,191.69,214.97,0.91,0
534,34,761.91,590.61,78.59,46.57,0.84,0
534,132,193.65,834.63,28.45,27.11,0.30,0
535,31,734.36,249.64,192.08,214.94,0.90,0
535,34,761.71,589.55,79.18,46.09,0.84,0
536,31,732.54,245.30,193.66,212.10,0.70,0
536,34,762.09,588.60,78.97,44.51,0.82,0
537,31,730.41,241.64,195.08,212.06,0.91,0
537,34,761.36,586.84,78.10,44.27,0.79,0
538,31,728.04,236.07,197.21,212.73,0.85,0
538,34,760.31,581.54,78.49,46.01,0.86,0
538,132,197.35,826.58,31.29,27.66,0.33,0
539,31,724.38,223.57,200.39,217.72,0.91,0
539,34,761.64,577.17,79.94,46.33,0.79,0
539,132,196.92,822.31,31.69,29.65,0.66,0
540,31,720.51,211.88,200.95,221.92,0.92,0
540,34,764.57,572.62,75.17,45.73,0.82,0
540,132,197.42,818.95,32.08,31.00,0.53,0
541,31,714.87,199.70,205.00,225.27,0.87,0
541,34,764.00,565.37,75.99,45.29,0.84,0
542,31,714.76,190.13,201.51,222.01,0.86,0
542,34,763.41,558.80,75.11,44.96,0.85,0
542,132,198.28,807.47,31.89,30.09,0.46,0
543,31,708.98,180.34,210.13,221.63,0.56,0
543,34,760.78,551.69,78.84,44.89,0.70,0
543,132,201.59,801.75,30.26,28.40,0.37,0
544,31,706.29,171.55,210.34,223.95,0.82,0
544,34,762.09,547.42,78.59,45.93,0.81,0
544,132,204.61,799.20,28.10,28.28,0.60,0
545,31,704.05,162.29,210.22,225.99,0.79,0
545,34,762.73,542.97,77.82,46.14,0.85,0
545,132,205.79,796.72,27.22,27.25,0.44,0
546,31,702.99,152.33,212.68,229.58,0.83,0
546,34,765.71,539.15,76.11,45.13,0.86,0
546,132,206.45,795.14,25.81,25.40,0.35,0
547,31,702.15,144.24,214.87,231.40,0.78,0
547,34,762.95,533.61,76.88,47.48,0.86,0
548,31,694.40,138.21,217.94,230.89,0.81,0
548,34,759.69,530.38,76.78,48.73,0.87,0
548,132,197.04,789.37,30.97,26.18,0.33,0
549,31,685.51,129.35,220.59,233.64,0.81,0
549,34,758.67,526.94,76.80,47.43,0.82,0
549,132,198.19,784.58,30.61,28.08,0.40,0
550,31,682.84,121.61,221.33,236.32,0.69,0
550,34,757.70,522.34,78.17,47.46,0.84,0
550,132,206.57,779.39,28.12,26.63,0.52,0
551,31,679.88,107.35,221.67,242.74,0.87,0
551,34,758.79,516.92,78.51,47.63,0.85,0
551,132,207.47,778.57,27.48,26.51,0.61,0
552,31,678.64,95.96,218.95,245.11,0.91,0
552,34,757.52,514.32,76.20,46.65,0.85,0
552,132,201.94,779.72,28.49,25.90,0.36,0
552,141,590.43,737.15,33.05,33.48,0.52,0
552,64,592.23,708.14,31.42,28.42,0.42,0
553,31,672.14,88.87,220.59,248.21,0.68,0
553,34,753.36,513.54,77.73,45.86,0.87,0
553,132,200.77,780.67,29.54,26.56,0.27,0
553,141,589.58,737.56,32.65,32.37,0.48,0
553,64,590.99,708.05,31.86,29.84,0.48,0
554,31,664.85,83.84,220.53,249.20,0.84,0
554,34,751.40,512.19,77.10,46.11,0.88,0
554,132,202.50,782.62,29.56,27.31,0.45,0
554,141,590.93,737.81,32.48,32.11,0.51,0
554,64,592.02,708.48,31.27,30.03,0.40,0
555,31,657.68,65.07,223.58,253.41,0.85,0
555,34,753.07,500.06,74.84,45.45,0.74,0
555,132,206.05,774.37,27.35,27.31,0.53,0
556,31,650.62,55.49,228.09,257.99,0.80,0
556,34,752.27,497.69,73.90,45.26,0.81,0
556,132,208.05,774.45,27.29,27.59,0.65,0
556,141,594.98,727.51,29.03,31.35,0.29,0
556,64,595.73,697.34,28.44,29.40,0.28,0
557,31,644.43,48.35,228.15,257.30,0.87,0
557,34,750.86,495.90,74.27,44.52,0.80,0
557,132,208.43,774.82,26.39,28.33,0.68,0
557,141,595.05,727.27,29.63,31.37,0.36,0
557,64,596.04,696.81,28.58,29.17,0.36,0
558,31,639.93,41.15,227.24,259.18,0.82,0
558,34,748.67,494.61,74.55,43.96,0.86,0
558,132,206.57,777.49,27.33,27.92,0.57,0
558,141,593.67,728.45,30.23,32.30,0.39,0
558,64,595.18,697.48,28.88,28.94,0.27,0
559,31,634.91,37.35,223.70,254.21,0.84,0
559,34,745.81,492.87,75.62,44.22,0.84,0
559,132,206.24,777.93,28.21,28.25,0.55,0
559,141,593.38,728.77,30.19,32.60,0.31,0
559,64,595.01,697.65,28.92,29.21,0.31,0
560,31,632.37,30.67,222.63,254.81,0.88,0
560,34,745.77,490.12,76.06,45.49,0.83,0
560,132,209.43,778.78,28.00,26.40,0.63,0
560,141,595.38,727.42,29.41,31.36,0.27,0
560,64,596.00,696.50,29.03,29.13,0.35,0
561,31,625.87,23.96,225.30,260.83,0.90,0
561,34,744.63,489.61,76.21,45.97,0.83,0
561,132,211.15,779.96,27.14,26.18,0.51,0
561,64,596.85,696.93,29.44,29.46,0.37,0
562,31,617.98,17.34,228.80,267.33,0.90,0
562,34,743.88,487.61,75.31,46.73,0.81,0
562,132,210.38,780.12,27.21,26.45,0.44,0
562,64,597.13,697.13,29.08,29.64,0.28,0
563,31,611.53,11.13,233.09,273.21,0.89,0
563,34,741.76,486.21,77.33,47.58,0.82,0
563,132,211.84,781.10,27.58,24.86,0.39,0
563,141,595.79,728.66,30.37,33.00,0.27,0
564,31,606.78,5.25,237.89,276.77,0.60,0
564,34,744.09,485.22,76.22,48.53,0.84,0
564,132,216.86,780.67,27.47,25.46,0.41,0
564,64,602.06,695.52,30.20,32.71,0.51,0
565,31,601.16,3.11,243.04,274.85,0.70,0
565,34,743.60,484.92,77.97,48.94,0.83,0
565,132,220.82,781.60,28.52,25.50,0.49,0
565,64,604.51,695.33,29.77,32.27,0.27,0
565,141,600.65,728.91,33.62,32.90,0.28,0
566,31,589.33,0.00,255.66,276.39,0.66,0
566,34,746.89,485.73,76.18,48.62,0.88,0
566,132,227.72,781.70,28.57,27.03,0.55,0
566,141,604.58,728.94,33.65,33.07,0.32,0
567,31,586.42,0.00,259.80,273.40,0.72,0
567,34,749.44,486.92,75.57,46.42,0.86,0
567,132,232.79,781.00,28.44,28.13,0.62,0
567,141,609.75,729.48,33.67,32.69,0.35,0
568,31,598.10,0.00,248.15,267.31,0.79,0
568,34,752.64,485.20,77.78,46.96,0.90,0
568,141,615.96,729.39,31.71,32.37,0.45,0
568,64,617.61,696.81,29.88,31.43,0.48,0
569,31,593.02,0.00,253.11,265.95,0.52,0
569,34,754.13,484.63,78.29,48.86,0.89,0
569,64,620.92,696.64,30.79,32.61,0.36,0
569,132,242.49,783.40,27.66,27.75,0.53,0
570,31,589.20,0.00,254.02,258.28,0.33,0
570,34,755.93,482.96,79.06,49.33,0.89,0
570,64,624.87,697.54,30.05,34.26,0.41,0
570,132,246.16,783.73,28.13,26.70,0.59,0
571,34,755.83,481.75,79.78,50.88,0.88,0
571,64,626.86,697.89,30.40,36.56,0.36,0
571,132,251.32,784.32,27.52,27.10,0.36,0
572,34,755.51,479.16,81.85,52.43,0.87,0
572,64,628.80,696.89,29.76,34.45,0.45,0
572,132,252.92,784.27,27.31,26.88,0.54,0
572,31,591.27,0.00,245.86,239.74,0.43,0
573,34,755.62,477.28,83.07,52.40,0.83,0
573,64,630.84,697.15,29.08,34.10,0.27,0
573,132,254.50,782.91,28.97,28.47,0.68,0
574,34,753.39,476.07,86.33,52.86,0.73,0
574,64,632.16,697.22,29.78,38.37,0.29,0
574,132,256.22,782.62,28.52,28.81,0.63,0
575,34,754.91,473.53,84.70,52.14,0.79,0
575,132,257.53,781.61,29.51,28.93,0.73,0
576,34,758.59,472.72,81.73,50.96,0.86,0
576,132,259.74,782.64,28.94,27.88,0.59,0
576,141,634.58,725.72,32.00,35.82,0.38,0
576,64,635.60,694.70,29.54,37.29,0.35,0
577,34,760.15,472.61,80.76,50.45,0.86,0
577,132,263.83,783.11,28.33,27.88,0.58,0
577,141,636.93,726.11,31.79,35.50,0.58,0
578,34,764.47,471.59,77.73,49.48,0.81,0
578,132,267.33,783.60,28.42,27.62,0.63,0
578,141,639.73,727.12,31.82,34.70,0.65,0
578,64,640.17,695.64,30.64,32.03,0.46,0
579,34,764.53,468.54,79.26,52.05,0.70,0
579,132,264.47,785.45,27.74,28.14,0.37,0
579,141,639.40,729.79,31.46,32.66,0.62,0
579,64,640.13,697.87,30.45,31.86,0.68,0
580,34,762.11,469.75,79.43,51.35,0.88,0
580,132,261.84,788.17,27.79,27.18,0.49,0
580,141,637.41,732.07,32.14,31.36,0.73,0
580,64,638.80,700.59,30.27,32.41,0.68,0
581,34,760.21,472.60,81.48,51.32,0.85,0
581,141,638.79,734.15,31.50,31.07,0.67,0
581,64,640.27,703.17,29.64,33.37,0.70,0
582,34,760.65,471.96,82.00,51.06,0.86,0
582,141,642.58,733.37,32.04,30.97,0.49,0
582,64,643.27,701.87,31.16,32.15,0.73,0
583,34,759.56,471.95,83.22,50.18,0.87,0
583,141,644.49,734.59,31.83,30.78,0.37,0
583,64,646.00,701.80,29.79,33.03,0.45,0
583,132,271.00,796.28,29.52,26.62,0.33,0
584,34,756.74,471.01,84.48,50.47,0.88,0
584,141,645.95,736.45,31.39,30.23,0.45,0
584,64,646.30,701.70,29.48,33.88,0.68,0
584,132,271.10,799.05,28.92,26.76,0.60,0
585,34,755.65,470.03,85.42,51.56,0.86,0
585,141,648.52,737.27,30.97,30.69,0.31,0
585,64,648.32,702.70,29.96,32.90,0.47,0
585,132,274.96,801.86,28.60,27.86,0.57,0
586,34,754.33,469.52,87.11,51.53,0.76,0
586,141,649.95,737.53,33.72,33.44,0.66,0
586,64,650.99,702.29,31.54,33.77,0.30,0
586,132,278.65,805.10,27.69,27.44,0.43,0
586,150,42.57,820.72,29.07,27.07,0.45,0
587,34,750.62,467.65,90.00,48.83,0.78,0
587,141,651.77,738.24,34.50,33.73,0.38,0
587,64,652.89,702.31,32.09,34.99,0.26,0
587,132,283.72,807.36,26.88,27.04,0.67,0
587,150,47.98,825.58,27.17,25.43,0.29,0
588,34,749.02,465.06,90.66,48.70,0.83,0
588,64,653.97,703.85,32.65,36.33,0.25,0
588,132,288.84,810.38,25.39,25.88,0.49,0
588,150,52.15,831.13,25.88,22.36,0.30,0
589,34,746.15,462.20,92.59,50.24,0.83,0
590,34,746.08,460.92,91.10,49.76,0.84,0
590,150,54.41,833.06,26.91,25.99,0.39,0
591,34,750.14,456.33,85.56,51.57,0.87,0
592,34,750.25,451.46,81.65,49.21,0.82,0
592,141,659.80,733.24,32.52,32.92,0.52,0
592,64,660.38,699.68,30.42,35.06,0.46,0
592,132,293.62,812.45,26.54,23.48,0.34,0
592,150,57.77,831.55,30.37,27.58,0.26,0
593,34,750.39,445.28,76.34,49.06,0.84,0
593,152,0.13,762.75,17.03,52.23,0.43,0
593,141,660.41,728.09,32.18,34.13,0.26,0
594,34,748.56,440.26,74.18,51.43,0.81,0
594,141,660.82,725.61,31.72,35.08,0.30,0
595,34,747.57,433.12,74.17,52.82,0.87,0
596,34,745.15,424.89,74.85,52.45,0.80,0
597,34,740.72,417.63,76.84,50.91,0.85,0
597,132,300.36,784.72,25.32,26.00,0.30,0
598,34,733.75,408.37,81.11,54.32,0.87,0
598,132,296.29,778.17,26.88,24.59,0.50,0
599,34,730.03,397.87,83.18,55.98,0.87,0
600,34,727.01,388.23,84.96,55.37,0.87,0
601,34,724.84,375.69,83.29,56.82,0.85,0
602,34,716.67,366.43,87.82,55.47,0.78,0
602,132,294.26,740.85,27.23,23.55,0.42,0
603,34,711.67,353.84,90.82,59.20,0.73,0
603,132,294.19,730.40,27.54,24.22,0.32,0
604,34,710.71,345.58,88.46,57.41,0.89,0
605,34,703.90,335.55,92.97,58.00,0.84,0
606,34,704.03,328.57,92.07,58.91,0.83,0
606,132,290.82,712.65,24.02,21.62,0.39,0
607,34,701.50,324.84,91.39,58.63,0.82,0
608,34,700.44,320.02,88.79,58.25,0.88,0
608,132,285.64,700.18,26.38,26.04,0.37,0
609,34,693.49,313.30,87.97,56.41,0.82,0
609,132,280.25,695.90,27.23,25.41,0.33,0
610,34,685.74,308.44,87.94,58.10,0.84,0
611,34,673.34,307.09,92.07,61.65,0.89,0
611,132,257.34,696.84,27.67,25.81,0.41,0
612,34,659.41,309.19,92.45,59.53,0.82,0
613,34,647.83,310.73,92.87,60.65,0.87,0
613,132,237.72,699.53,27.62,27.11,0.54,0
614,34,636.08,309.93,90.64,61.55,0.86,0
614,132,228.10,699.74,27.18,26.54,0.37,0
615,34,622.07,310.02,94.00,60.88,0.87,0
616,34,611.18,307.24,93.26,61.13,0.85,0
617,34,598.82,304.03,94.08,64.05,0.87,0
618,34,585.47,304.06,95.75,59.71,0.85,0
618,132,181.77,707.25,24.98,24.73,0.42,0
619,34,570.76,300.92,96.86,63.57,0.52,0
620,34,559.84,297.39,94.69,63.23,0.89,0
620,132,157.05,704.09,26.59,25.88,0.51,0
621,34,547.33,293.05,96.56,60.97,0.82,0
621,132,146.37,701.25,28.47,27.74,0.46,0
622,34,535.15,285.59,97.13,60.74,0.89,0
622,132,135.51,698.31,28.06,26.92,0.48,0
623,34,524.29,280.60,96.60,61.83,0.69,0
624,34,518.18,276.78,95.53,59.99,0.89,0
625,34,514.35,273.75,95.75,60.15,0.89,0
626,34,505.10,264.41,100.46,66.74,0.90,0
627,34,499.91,257.75,98.84,68.24,0.85,0
628,34,496.86,251.69,95.76,66.52,0.86,0
629,34,492.35,246.63,97.70,66.88,0.89,0
630,34,486.45,245.28,98.21,64.90,0.90,0
631,34,481.27,242.56,99.61,66.12,0.85,0
632,34,475.26,237.41,100.22,68.78,0.90,0
633,34,467.06,234.12,104.75,68.64,0.54,0
634,34,466.28,231.64,101.46,66.41,0.87,0
635,34,464.97,226.86,98.10,65.63,0.87,0
636,34,460.19,220.37,100.67,67.51,0.90,0
637,34,458.41,207.92,97.42,71.49,0.89,0
637,161,98.51,646.09,29.20,26.49,0.43,0
638,34,453.29,194.65,99.38,72.37,0.92,0
638,161,96.68,637.38,29.05,25.53,0.33,0
639,34,447.56,181.09,99.17,69.10,0.86,0
639,161,92.68,626.80,28.79,27.51,0.43,0
640,34,441.04,166.55,101.17,74.93,0.38,0
640,161,91.04,617.96,29.34,27.21,0.42,0
641,34,433.66,159.16,99.00,77.32,0.90,0
641,161,86.83,610.35,28.59,27.93,0.30,0
642,34,420.40,145.08,100.88,74.79,0.91,0
642,161,72.55,599.45,31.34,29.14,0.39,0
643,34,399.43,129.90,102.90,72.76,0.61,0
644,34,375.87,112.23,103.68,78.46,0.91,0
645,34,352.36,95.13,104.14,79.52,0.82,0
646,34,327.76,80.31,103.49,74.84,0.89,0
647,34,301.99,59.26,104.22,78.28,0.77,0
648,34,276.08,40.68,107.42,78.88,0.85,0
649,34,252.68,21.02,108.11,80.46,0.74,0
650,34,224.76,4.73,110.67,77.12,0.31,0
662,173,131.32,307.15,37.76,38.93,0.52,0
663,174,121.05,340.61,41.35,36.23,0.52,0
664,174,106.52,334.99,39.95,38.25,0.37,0
664,173,105.26,295.23,37.98,39.17,0.46,0
665,174,92.61,329.79,39.19,35.80,0.27,0
665,173,90.59,288.32,39.40,40.91,0.54,0
667,174,62.50,305.09,40.46,37.45,0.56,0
667,173,61.79,265.52,39.19,40.09,0.69,0
668,174,42.99,287.33,42.30,38.89,0.61,0
668,173,42.14,248.30,38.59,38.67,0.65,0
669,174,18.78,269.01,47.01,37.51,0.46,0
669,173,19.95,228.97,40.32,39.80,0.30,0
