0,1,770.25,506.04,30.10,29.65,0.35,0
0,2,38.88,450.97,50.63,46.24,0.27,0
1,1,770.85,505.16,29.60,29.71,0.36,0
1,2,38.19,449.82,51.97,48.02,0.37,0
2,2,36.55,447.72,54.52,51.29,0.47,0
3,2,36.47,446.26,56.10,52.89,0.57,0
4,2,37.89,446.53,55.17,52.66,0.43,0
5,2,39.88,446.20,54.69,52.57,0.30,0
6,2,41.04,444.72,54.89,53.54,0.57,0
7,2,42.32,444.12,54.47,53.21,0.74,0
8,2,44.06,443.64,57.26,52.94,0.64,0
9,2,46.34,444.07,57.77,52.08,0.83,0
10,2,47.95,444.39,57.25,51.13,0.85,0
10,5,650.78,446.99,27.54,40.71,0.48,0
11,2,55.08,445.06,57.22,50.80,0.83,0
11,5,655.38,446.44,30.34,41.75,0.37,0
12,2,56.61,444.87,56.98,50.40,0.69,0
13,2,58.21,444.29,58.09,50.26,0.56,0
13,5,660.61,448.15,27.46,41.16,0.28,0
14,2,61.97,443.36,54.77,49.97,0.40,0
15,2,65.14,442.38,53.44,50.75,0.48,0
16,2,68.91,441.80,56.01,49.97,0.68,0
17,2,72.24,442.07,56.64,50.13,0.61,0
17,5,669.99,445.48,28.14,42.21,0.31,0
18,2,75.49,441.21,57.71,50.39,0.60,0
19,2,80.16,440.54,55.78,50.16,0.70,0
19,5,675.10,442.07,29.08,43.07,0.43,0
20,2,84.45,440.16,53.82,48.21,0.61,0
20,5,677.00,439.32,30.90,44.89,0.63,0
21,2,89.15,440.00,50.81,47.86,0.74,0
21,5,679.81,438.67,31.05,45.35,0.61,0
22,2,93.61,439.08,52.04,49.03,0.44,0
22,5,684.60,437.86,29.86,46.98,0.33,0
23,2,97.91,439.20,54.71,48.44,0.57,0
23,5,687.16,439.52,30.00,43.01,0.36,0
24,2,101.51,439.29,56.60,48.53,0.76,0
24,16,691.56,483.24,29.94,38.05,0.42,0
25,2,106.73,438.75,54.69,45.96,0.74,0
25,16,695.12,482.52,29.22,39.96,0.50,0
25,5,696.04,441.53,28.80,38.08,0.40,0
26,2,111.05,438.81,52.75,46.64,0.81,0
26,16,697.95,481.91,31.87,37.51,0.46,0
26,5,699.27,438.10,31.39,41.98,0.62,0
27,2,116.78,436.79,51.25,50.22,0.45,0
27,16,700.95,482.62,32.39,35.76,0.39,0
27,5,702.54,437.22,32.09,44.62,0.54,0
28,2,122.44,437.39,53.03,49.32,0.69,0
28,16,706.85,481.47,31.14,38.99,0.32,0
28,5,708.42,435.07,30.00,45.17,0.34,0
29,2,127.51,436.61,53.43,48.84,0.71,0
29,16,710.95,478.61,31.45,40.17,0.50,0
29,5,712.18,434.34,30.18,44.37,0.26,0
30,2,133.82,436.16,52.17,47.74,0.69,0
30,16,716.88,477.55,31.09,42.41,0.52,0
31,2,140.39,435.97,56.07,47.89,0.62,0
31,16,721.13,478.07,32.50,41.74,0.68,0
31,5,721.28,434.60,30.98,42.99,0.44,0
32,2,151.37,436.01,55.76,47.82,0.65,0
32,16,730.58,478.36,32.53,41.58,0.41,0
32,5,731.66,434.44,30.42,42.26,0.44,0
33,2,157.70,434.63,53.86,48.59,0.80,0
33,16,734.14,477.71,31.93,39.48,0.51,0
33,5,735.16,435.15,30.27,40.79,0.71,0
33,21,58.96,411.41,47.44,64.45,0.50,0
34,2,163.62,434.67,51.94,47.41,0.83,0
34,16,740.04,476.40,31.50,38.82,0.48,0
34,5,741.05,435.54,29.17,40.11,0.44,0
35,2,167.94,433.98,54.91,47.44,0.67,0
35,16,744.22,476.28,31.53,40.03,0.48,0
35,5,745.16,435.62,29.37,39.85,0.36,0
36,2,171.85,433.79,54.20,47.24,0.54,0
36,16,746.44,475.76,33.38,40.23,0.72,0
36,5,747.74,434.89,31.25,39.68,0.64,0
37,2,174.81,432.47,56.29,47.75,0.78,0
37,16,748.41,476.66,32.88,39.88,0.60,0
37,5,749.90,434.39,31.89,39.54,0.61,0
38,2,180.49,432.50,54.65,46.92,0.82,0
38,5,753.50,433.72,32.02,40.57,0.38,0
39,2,186.29,432.72,51.64,46.61,0.83,0
39,5,757.99,434.18,30.16,40.24,0.51,0
40,2,189.49,433.04,55.98,46.39,0.77,0
40,5,760.75,433.71,30.17,40.68,0.63,0
40,16,759.31,474.95,32.34,38.61,0.32,0
41,2,191.61,432.76,57.55,46.37,0.69,0
41,5,764.99,433.43,29.17,40.13,0.56,0
41,16,764.68,474.30,30.13,38.37,0.36,0
42,2,194.26,432.93,57.43,47.21,0.64,0
42,5,767.29,434.09,28.66,39.60,0.59,0
42,16,767.39,474.24,29.84,39.45,0.40,0
43,2,197.45,432.90,55.22,46.58,0.65,0
43,5,769.01,434.31,28.64,39.10,0.36,0
43,16,768.99,473.45,31.35,41.18,0.41,0
44,2,200.23,432.15,53.22,46.92,0.67,0
44,5,771.62,434.35,29.30,38.25,0.72,0
44,16,770.41,473.80,32.21,40.50,0.67,0
44,21,103.43,407.67,43.51,66.57,0.26,0
45,2,203.00,432.35,53.13,45.59,0.71,0
45,5,772.94,433.86,30.18,38.91,0.70,0
45,16,771.14,474.48,33.07,40.01,0.71,0
45,21,106.21,408.91,44.48,65.03,0.51,0
46,2,207.02,433.18,51.78,45.44,0.77,0
46,5,773.98,433.43,30.90,38.65,0.64,0
46,16,771.75,475.11,33.69,39.71,0.55,0
47,2,210.29,433.13,51.49,45.36,0.77,0
47,5,775.11,432.93,32.19,40.15,0.51,0
48,2,213.13,433.51,55.70,45.54,0.69,0
48,5,778.71,432.74,31.78,41.77,0.52,0
49,2,216.12,433.04,57.34,46.01,0.48,0
49,5,781.78,432.90,31.00,41.36,0.58,0
50,2,218.30,433.46,56.48,46.52,0.33,0
50,5,784.84,432.42,30.63,41.52,0.49,0
51,2,223.05,433.01,52.75,45.93,0.62,0
51,5,788.50,432.62,29.95,40.95,0.47,0
52,2,225.46,432.38,51.10,45.67,0.73,0
53,2,229.17,432.71,50.88,44.70,0.62,0
53,5,794.48,433.02,29.19,39.50,0.35,0
54,2,233.69,433.70,48.88,44.93,0.66,0
54,5,795.65,431.38,31.28,40.36,0.61,0
54,16,793.86,472.76,33.70,40.90,0.47,0
55,2,237.57,433.30,48.34,45.54,0.70,0
55,5,797.46,431.67,31.92,39.46,0.54,0
56,2,239.25,432.99,52.62,46.10,0.57,0
56,5,799.08,431.15,32.67,40.43,0.32,0
57,2,242.49,432.34,52.61,46.25,0.67,0
58,2,246.11,430.98,52.27,47.01,0.80,0
58,21,152.37,408.34,42.36,62.92,0.54,0
58,16,809.17,470.01,30.17,41.63,0.36,0
58,5,807.73,429.43,31.08,40.18,0.31,0
59,2,249.09,430.84,50.64,46.28,0.75,0
59,21,154.88,408.83,43.90,62.96,0.44,0
59,16,813.08,471.18,29.69,39.58,0.54,0
59,5,812.46,429.54,29.93,40.27,0.44,0
60,2,254.88,432.40,49.53,44.35,0.65,0
60,16,816.32,472.32,28.85,40.53,0.28,0
60,5,815.80,430.54,29.25,41.64,0.36,0
61,2,259.23,432.56,50.54,44.72,0.62,0
61,16,818.49,471.06,31.21,41.47,0.42,0
61,5,818.44,430.00,30.72,40.00,0.60,0
62,2,263.99,432.64,53.13,44.34,0.55,0
62,5,822.08,430.36,30.05,38.41,0.41,0
63,2,268.60,432.08,51.51,44.72,0.63,0
64,2,274.39,430.96,49.11,45.05,0.78,0
65,2,281.70,432.58,47.17,42.28,0.65,0
65,28,929.64,511.76,48.41,47.91,0.51,0
66,2,286.79,431.40,51.85,45.21,0.63,0
67,2,293.96,430.26,52.40,47.08,0.79,0
67,21,200.72,408.44,42.61,62.10,0.25,0
68,2,306.50,432.27,48.68,43.50,0.64,0
68,28,954.89,510.15,50.05,49.41,0.63,0
69,2,318.32,432.05,48.11,44.37,0.55,0
69,16,866.78,469.17,32.93,42.43,0.51,0
69,5,867.40,428.28,32.19,38.88,0.41,0
69,21,224.89,409.01,42.38,60.89,0.63,0
70,2,330.14,433.17,46.84,41.66,0.67,0
70,16,878.37,468.57,30.09,41.14,0.30,0
70,28,974.30,510.17,51.00,45.51,0.32,0
71,2,340.08,432.35,49.85,43.98,0.59,0
71,28,982.54,507.59,52.27,49.57,0.56,0
72,2,350.09,432.55,46.89,42.62,0.64,0
72,28,991.28,507.77,52.47,47.65,0.28,0
72,16,895.74,468.41,30.22,46.74,0.27,0
73,2,359.21,432.31,53.79,44.53,0.42,0
73,28,1001.21,508.65,49.98,48.13,0.55,0
73,16,904.34,468.51,29.26,41.89,0.41,0
74,2,367.54,432.01,50.74,45.47,0.58,0
74,28,1005.86,507.61,55.00,48.22,0.46,0
75,2,375.51,433.09,48.36,42.68,0.30,0
75,28,1013.02,507.69,52.94,49.21,0.27,0
76,2,381.32,432.74,47.31,43.05,0.75,0
76,28,1019.71,507.91,51.71,46.75,0.38,0
77,2,386.80,433.00,52.35,44.31,0.35,0
77,28,1025.02,508.45,50.18,48.52,0.60,0
77,5,927.63,427.85,29.44,39.76,0.26,0
77,16,928.40,468.00,29.12,39.54,0.49,0
78,2,392.13,433.22,49.46,45.41,0.38,0
78,28,1029.95,506.19,49.80,49.05,0.69,0
78,16,932.64,468.64,28.96,40.17,0.28,0
79,2,394.05,432.39,49.99,46.16,0.67,0
79,28,1031.18,506.83,52.94,48.16,0.34,0
80,2,398.72,433.41,48.25,43.76,0.41,0
81,2,403.09,434.30,47.28,42.37,0.49,0
81,28,1038.13,507.49,50.81,48.68,0.36,0
82,2,405.79,433.86,47.35,42.65,0.67,0
82,28,1042.76,506.96,49.29,45.95,0.33,0
83,2,408.37,433.20,50.78,44.31,0.38,0
83,28,1045.77,507.68,49.12,45.42,0.60,0
84,28,1048.42,507.82,51.06,49.22,0.50,0
84,16,952.17,466.87,28.49,38.91,0.28,0
85,28,1053.86,506.11,49.56,50.23,0.61,0
85,2,416.37,432.83,48.53,44.85,0.57,0
86,28,1056.97,506.93,51.39,47.24,0.34,0
86,2,422.21,432.85,45.43,43.78,0.54,0
86,5,957.78,424.92,30.61,39.96,0.37,0
87,28,1061.52,506.49,51.10,46.50,0.30,0
87,2,428.26,434.05,46.06,41.83,0.42,0
87,5,963.48,423.54,32.02,40.50,0.63,0
87,16,962.62,465.58,32.30,42.23,0.38,0
88,28,1068.92,506.16,48.74,45.37,0.30,0
88,2,430.99,433.74,47.19,43.48,0.38,0
88,5,966.97,421.99,32.10,41.60,0.43,0
89,28,1072.28,505.11,49.89,47.44,0.67,0
89,2,436.96,433.44,51.87,44.28,0.42,0
90,28,1075.62,505.16,49.38,49.45,0.53,0
90,2,441.77,432.95,48.58,44.30,0.73,0
90,16,976.75,465.35,30.66,40.22,0.39,0
91,28,1082.91,506.00,49.72,46.53,0.37,0
91,2,447.04,433.37,46.32,42.84,0.51,0
92,2,453.20,433.97,45.36,42.09,0.47,0
92,5,987.72,422.63,31.06,40.51,0.57,0
93,2,456.06,433.31,49.30,44.08,0.56,0
93,5,991.25,422.82,30.64,39.95,0.49,0
93,28,1091.73,505.94,47.04,44.62,0.41,0
94,2,461.17,433.50,52.15,44.42,0.34,0
94,5,992.60,421.67,31.59,42.00,0.37,0
94,28,1095.71,505.66,47.50,45.19,0.67,0
95,2,465.21,433.10,49.11,44.67,0.68,0
95,5,998.83,423.21,29.13,41.26,0.37,0
95,28,1098.72,505.33,47.56,48.64,0.71,0
95,16,999.88,464.49,28.28,38.68,0.37,0
96,2,469.25,432.99,46.43,43.81,0.72,0
96,28,1101.14,505.06,47.81,50.18,0.61,0
97,2,473.55,433.42,46.81,43.09,0.46,0
97,28,1105.98,506.00,49.52,46.17,0.48,0
97,5,1004.77,423.61,31.13,41.72,0.41,0
98,2,477.36,433.43,47.38,43.59,0.77,0
98,5,1008.75,421.42,31.87,42.37,0.60,0
99,2,480.43,432.91,51.35,44.67,0.44,0
99,5,1013.45,422.90,30.41,39.58,0.62,0
99,16,1012.65,464.00,31.33,42.33,0.27,0
99,28,1106.29,504.40,53.18,47.28,0.39,0
100,2,484.30,433.19,53.78,45.42,0.39,0
100,5,1016.11,420.94,30.82,41.99,0.30,0
100,16,1015.81,465.04,30.97,41.79,0.29,0
100,28,1115.32,505.20,47.45,44.99,0.34,0
101,2,488.19,432.47,51.37,46.11,0.68,0
101,28,1122.67,504.46,45.26,48.01,0.54,0
102,2,492.45,432.20,49.25,45.51,0.73,0
102,28,1125.37,504.67,46.98,49.01,0.72,0
102,16,1025.29,463.95,29.97,40.59,0.29,0
103,2,497.43,433.30,50.43,44.41,0.71,0
103,28,1130.03,505.85,48.51,45.89,0.50,0
103,5,1029.47,423.15,29.99,42.97,0.28,0
104,2,503.08,433.23,47.27,44.78,0.56,0
104,28,1129.18,505.93,53.04,47.15,0.35,0
104,5,1035.65,422.45,30.16,40.92,0.53,0
104,16,1033.90,463.11,31.77,40.72,0.28,0
105,2,508.36,433.77,51.30,45.25,0.44,0
105,28,1137.62,505.56,50.15,45.86,0.50,0
105,5,1038.95,421.83,30.83,40.85,0.55,0
106,2,514.81,433.52,48.41,45.55,0.30,0
106,28,1145.72,504.42,47.30,46.69,0.52,0
107,2,520.15,433.94,46.44,44.41,0.58,0
107,28,1149.84,503.56,47.76,49.00,0.62,0
107,16,1049.56,463.81,30.19,40.00,0.27,0
107,5,1048.32,424.19,29.80,39.27,0.28,0
108,2,525.63,433.41,45.85,44.72,0.76,0
108,16,1054.12,464.85,30.04,40.68,0.36,0
108,5,1053.39,422.92,30.08,41.71,0.51,0
109,2,530.19,434.08,47.98,44.89,0.65,0
109,16,1057.93,463.39,32.46,41.38,0.49,0
109,5,1058.95,422.96,31.13,39.69,0.61,0
110,2,535.10,434.03,49.34,46.15,0.61,0
110,16,1061.83,464.42,32.52,41.18,0.31,0
110,5,1062.25,419.47,32.46,42.64,0.66,0
110,28,1167.56,503.49,45.58,44.88,0.37,0
111,2,541.08,433.90,47.16,45.46,0.37,0
111,5,1069.19,421.04,29.58,42.24,0.29,0
111,28,1172.70,504.50,44.41,46.35,0.44,0
112,2,546.69,434.22,48.49,45.48,0.74,0
112,28,1176.33,502.41,45.69,45.14,0.42,0
112,16,1073.54,463.81,30.35,39.98,0.33,0
113,2,552.29,434.13,50.29,45.86,0.26,0
113,16,1078.55,463.68,29.61,41.24,0.31,0
113,5,1079.12,423.37,29.38,41.72,0.29,0
114,2,557.53,434.22,51.65,46.19,0.60,0
114,16,1084.02,463.29,30.66,42.06,0.28,0
114,5,1085.26,422.02,29.96,40.86,0.64,0
115,2,563.77,434.46,48.11,45.33,0.30,0
115,5,1087.90,418.17,32.06,44.39,0.50,0
115,28,1192.69,504.48,45.28,41.66,0.74,0
116,2,569.50,434.84,47.88,44.47,0.65,0
116,5,1095.23,421.77,29.21,41.65,0.36,0
116,28,1197.48,503.86,45.00,45.67,0.62,0
116,16,1096.15,463.47,28.53,38.58,0.41,0
117,2,574.08,434.71,46.79,44.84,0.79,0
117,5,1100.01,421.90,29.94,43.14,0.32,0
117,28,1201.76,503.62,46.53,44.87,0.58,0
117,16,1100.63,463.03,30.22,39.43,0.48,0
118,2,578.42,434.78,49.62,45.30,0.54,0
118,5,1104.59,422.80,29.43,42.12,0.31,0
118,28,1203.35,503.72,49.61,46.33,0.54,0
118,16,1104.05,462.28,30.42,42.07,0.47,0
119,2,582.38,434.56,51.45,45.61,0.55,0
119,5,1107.83,418.50,32.08,43.89,0.76,0
119,16,1107.83,463.19,31.19,40.70,0.26,0
120,5,1111.72,416.00,32.32,45.79,0.36,0
120,16,1112.11,463.61,30.96,40.03,0.35,0
120,28,1218.65,504.23,42.65,42.43,0.54,0
121,5,1118.01,416.97,30.49,45.11,0.39,0
121,16,1118.98,462.46,29.43,39.30,0.51,0
121,28,1220.34,501.43,45.99,47.19,0.54,0
121,2,592.88,434.50,47.50,44.32,0.64,0
122,28,1223.79,501.21,46.81,46.38,0.27,0
122,2,597.78,433.92,46.66,44.83,0.70,0
123,28,1228.47,503.00,49.35,45.78,0.39,0
123,2,602.96,434.24,47.66,44.24,0.40,0
124,2,607.85,433.90,48.89,45.84,0.56,0
124,5,1132.12,416.99,32.24,43.96,0.72,0
125,2,611.38,433.00,49.47,45.91,0.54,0
125,5,1135.28,415.32,33.35,45.96,0.39,0
126,2,617.24,433.51,46.45,44.32,0.45,0
126,38,1.03,206.99,23.78,71.82,0.70,0
126,28,1242.80,501.72,50.17,48.03,0.38,0
127,2,621.68,433.69,46.25,43.57,0.64,0
127,38,1.80,208.79,31.68,68.08,0.80,0
128,2,625.94,433.76,49.83,42.97,0.53,0
128,38,2.24,210.58,36.79,65.47,0.79,0
128,28,1250.71,503.18,50.39,44.71,0.38,0
129,2,631.94,433.19,50.50,43.99,0.52,0
129,38,1.84,210.86,43.24,67.18,0.79,0
129,28,1261.71,501.95,44.05,42.80,0.32,0
129,16,1156.05,459.44,32.15,35.28,0.31,0
129,5,1153.88,412.32,35.01,45.26,0.66,0
130,2,637.72,432.87,47.19,43.24,0.72,0
130,38,1.80,210.42,50.06,70.84,0.61,0
130,28,1268.73,500.79,40.35,42.96,0.39,0
130,16,1163.47,459.73,30.45,38.20,0.30,0
130,5,1161.25,411.84,33.18,46.76,0.42,0
131,38,1.61,210.50,56.82,68.86,0.87,0
131,28,1272.54,499.24,41.61,45.20,0.31,0
131,16,1168.42,458.59,32.26,39.55,0.34,0
132,38,1.75,211.11,64.71,70.93,0.90,0
132,16,1173.90,458.17,30.49,40.92,0.49,0
133,38,1.63,211.42,72.16,71.75,0.89,0
133,16,1178.48,457.39,32.52,39.84,0.42,0
133,2,656.44,433.14,49.90,44.27,0.42,0
133,5,1177.93,411.54,34.19,44.47,0.49,0
133,28,1288.43,498.59,41.79,44.00,0.55,0
134,38,1.53,211.63,80.89,71.51,0.79,0
134,2,662.55,433.30,45.83,42.27,0.70,0
134,5,1185.10,410.93,33.06,45.89,0.40,0
134,28,1293.79,499.51,40.89,44.25,0.41,0
135,38,1.44,212.39,89.36,71.73,0.87,0
135,2,669.35,433.58,44.72,41.18,0.43,0
136,38,1.13,213.49,96.89,71.91,0.73,0
136,2,673.33,432.44,47.44,43.59,0.26,0
136,16,1198.57,453.99,31.64,41.77,0.60,0
137,38,1.02,215.02,103.87,71.03,0.87,0
137,2,678.96,433.17,49.12,43.67,0.36,0
137,16,1202.75,454.86,32.59,39.61,0.61,0
137,5,1202.81,410.50,33.27,42.81,0.67,0
137,28,1314.27,498.69,39.28,42.66,0.34,0
138,38,0.66,216.39,109.07,69.31,0.89,0
138,2,683.03,433.00,48.09,44.15,0.63,0
138,16,1205.53,454.72,32.96,39.62,0.44,0
138,5,1204.05,409.83,35.53,43.22,0.56,0
139,38,0.55,217.15,115.42,68.42,0.89,0
139,2,689.55,433.58,45.40,42.52,0.48,0
139,16,1210.44,454.78,33.28,39.42,0.30,0
139,5,1210.10,409.82,33.62,42.65,0.37,0
140,38,0.35,216.73,120.67,68.38,0.88,0
140,2,693.23,433.74,46.83,42.32,0.48,0
140,16,1216.84,453.84,33.20,39.20,0.40,0
140,5,1216.17,410.46,33.73,42.01,0.50,0
141,38,0.61,217.61,126.56,68.57,0.87,0
141,16,1222.26,453.89,31.66,38.91,0.35,0
141,5,1220.65,410.33,32.54,42.80,0.42,0
142,38,3.69,218.09,128.00,68.58,0.58,0
142,16,1226.06,452.91,33.30,38.75,0.45,0
142,5,1225.84,410.67,32.57,41.06,0.57,0
143,38,11.53,218.54,126.12,68.20,0.89,0
143,16,1228.51,453.33,33.74,38.01,0.44,0
143,5,1228.93,409.67,33.24,41.28,0.57,0
143,28,1339.45,487.50,48.72,53.77,0.53,0
143,2,706.72,432.78,45.36,42.92,0.77,0
144,38,20.22,219.33,122.75,67.96,0.82,0
144,5,1233.09,409.13,33.57,42.21,0.53,0
144,28,1340.52,487.21,50.08,54.00,0.28,0
144,2,712.67,433.47,42.95,41.45,0.66,0
145,38,25.50,220.38,123.21,67.40,0.87,0
145,5,1238.85,409.76,32.27,41.26,0.40,0
145,2,717.01,433.78,43.15,40.85,0.36,0
146,38,29.37,221.55,124.50,65.73,0.79,0
146,5,1244.36,409.98,30.49,40.10,0.44,0
146,2,719.82,433.46,43.84,42.02,0.61,0
146,16,1245.62,451.03,30.25,40.33,0.33,0
147,38,36.07,223.45,122.42,64.18,0.82,0
147,5,1249.76,410.48,29.48,39.79,0.36,0
147,16,1249.33,450.50,32.93,40.81,0.59,0
148,38,43.50,225.03,120.57,63.11,0.87,0
148,5,1252.47,410.45,31.19,39.01,0.67,0
148,16,1251.49,451.76,33.73,40.13,0.64,0
148,28,1360.70,485.95,51.00,54.15,0.67,0
148,2,727.75,432.75,47.63,43.78,0.66,0
149,38,49.00,225.39,120.09,63.01,0.88,0
149,5,1254.31,409.87,33.60,40.02,0.57,0
149,28,1363.28,487.27,51.85,52.77,0.75,0
149,2,732.72,432.55,45.33,42.80,0.76,0
150,38,53.12,225.28,123.03,63.82,0.81,0
150,5,1260.34,408.99,32.89,41.76,0.52,0
150,2,738.38,432.65,42.89,42.11,0.66,0
151,38,59.16,225.13,121.54,64.96,0.70,0
151,5,1267.40,408.30,30.23,41.23,0.48,0
151,2,741.79,433.33,45.04,42.08,0.66,0
151,16,1268.17,450.67,30.17,40.00,0.31,0
152,38,66.16,226.32,119.28,64.48,0.85,0
152,5,1271.24,409.68,30.70,42.44,0.33,0
152,28,1381.46,484.58,51.29,53.97,0.37,0
153,38,72.60,227.33,117.38,63.98,0.87,0
153,5,1275.14,408.87,32.05,41.08,0.58,0
153,28,1385.61,483.92,52.14,54.54,0.79,0
153,2,751.72,433.39,47.84,43.18,0.36,0
153,16,1274.00,450.15,34.63,41.78,0.58,0
154,38,79.26,227.74,117.57,65.72,0.77,0
154,5,1278.42,408.32,33.28,40.98,0.44,0
154,28,1388.26,485.08,51.95,54.61,0.66,0
154,2,756.54,433.26,44.91,42.25,0.72,0
155,38,87.77,228.51,115.65,65.01,0.87,0
155,5,1285.22,408.11,32.30,41.87,0.41,0
155,2,762.79,432.99,43.48,42.21,0.64,0
156,38,94.68,229.25,116.07,62.87,0.86,0
156,5,1290.79,407.81,31.77,41.63,0.41,0
156,2,766.58,433.03,45.00,42.84,0.79,0
156,16,1292.66,450.31,31.53,42.95,0.25,0
157,38,100.84,228.88,116.15,63.12,0.86,0
157,28,1407.15,484.11,53.33,56.75,0.68,0
158,38,108.52,229.04,116.53,64.50,0.73,0
158,28,1411.85,485.00,53.40,56.38,0.76,0
158,5,1302.26,407.20,32.20,41.14,0.39,0
158,2,776.63,432.72,48.29,43.92,0.68,0
159,38,115.65,230.06,115.60,64.70,0.83,0
159,5,1309.03,407.41,32.41,42.18,0.55,0
159,2,784.16,433.56,45.14,42.08,0.54,0
160,38,121.92,229.99,116.41,64.98,0.85,0
160,5,1315.49,407.53,30.85,41.26,0.37,0
160,2,789.46,433.46,45.99,42.20,0.44,0
160,16,1317.44,450.05,29.92,40.23,0.48,0
161,38,129.87,230.85,116.52,65.64,0.72,0
161,5,1322.72,407.94,30.82,40.11,0.44,0
161,28,1432.23,483.36,53.25,55.19,0.76,0
162,38,137.22,231.86,117.73,65.89,0.85,0
162,5,1327.63,407.63,31.46,40.53,0.42,0
162,51,1429.84,459.17,71.28,27.37,0.46,0
162,28,1436.50,486.14,53.31,53.22,0.62,0
162,2,800.47,433.06,48.43,43.94,0.61,0
163,38,145.10,232.14,115.98,65.48,0.85,0
163,2,808.46,433.81,44.55,41.29,0.65,0
164,38,152.49,233.26,117.23,64.62,0.38,0
164,2,813.66,433.54,45.57,41.88,0.74,0
164,16,1343.06,448.90,31.17,41.85,0.58,0
164,5,1341.67,406.47,30.36,41.90,0.29,0
164,28,1452.46,486.30,53.82,46.80,0.36,0
165,38,160.21,233.11,117.16,65.99,0.77,0
165,16,1347.16,448.22,33.71,42.53,0.41,0
165,5,1347.74,406.62,31.16,39.84,0.72,0
165,28,1457.78,486.32,53.52,50.58,0.80,0
166,38,168.71,233.84,114.21,64.82,0.79,0
166,5,1352.42,405.24,31.40,40.83,0.38,0
166,28,1464.28,486.10,54.41,52.13,0.47,0
166,2,824.04,433.02,48.63,43.33,0.62,0
167,38,174.92,234.41,116.19,64.64,0.73,0
167,5,1358.75,404.13,32.33,41.52,0.33,0
167,2,831.69,433.49,43.93,41.39,0.72,0
167,16,1360.23,446.98,31.61,41.47,0.43,0
168,38,182.25,234.45,115.33,65.65,0.80,0
168,2,836.70,433.60,45.45,41.63,0.37,0
168,16,1366.50,448.02,31.23,42.29,0.27,0
168,28,1479.60,486.76,51.14,48.90,0.68,0
169,38,187.28,234.69,116.57,65.22,0.81,0
169,16,1372.04,447.31,32.01,43.02,0.26,0
169,28,1484.56,487.14,51.19,51.24,0.72,0
169,51,1476.17,458.08,70.32,25.90,0.32,0
169,5,1371.65,405.78,31.28,38.81,0.26,0
170,38,194.40,235.77,113.99,64.34,0.75,0
170,53,1.17,383.73,46.97,68.59,0.51,0
170,51,1479.64,457.70,75.35,26.58,0.30,0
171,38,198.17,235.68,117.49,66.50,0.70,0
171,53,1.76,378.91,52.79,76.07,0.70,0
171,2,851.59,433.49,44.70,41.86,0.67,0
172,38,204.77,236.77,115.84,65.08,0.87,0
172,53,1.47,377.68,60.03,78.36,0.69,0
172,2,858.15,434.26,42.13,39.80,0.54,0
172,16,1388.44,447.34,29.68,41.07,0.28,0
172,28,1501.46,483.95,51.98,47.67,0.42,0
173,38,212.85,237.51,114.08,64.61,0.86,0
173,53,1.24,380.87,65.25,76.91,0.89,0
173,2,861.72,433.93,44.19,40.22,0.58,0
173,16,1393.37,445.06,32.49,44.32,0.57,0
173,28,1506.64,484.45,51.99,51.19,0.82,0
174,38,219.24,238.18,110.60,63.29,0.87,0
174,53,1.18,380.87,71.38,78.93,0.90,0
174,2,865.42,432.97,46.20,41.93,0.40,0
174,28,1507.72,484.28,54.26,51.54,0.41,0
174,5,1395.70,405.63,32.98,36.82,0.67,0
175,38,221.38,239.61,113.58,64.20,0.84,0
175,53,1.55,381.38,76.55,80.69,0.89,0
175,2,870.45,433.53,47.80,43.75,0.34,0
175,16,1403.26,445.19,30.77,43.46,0.28,0
176,38,225.39,239.43,114.68,66.27,0.67,0
176,53,2.36,383.15,78.25,78.94,0.90,0
176,2,873.13,433.48,49.26,44.05,0.52,0
176,16,1406.91,445.21,30.88,42.85,0.28,0
177,38,230.81,240.34,113.14,64.72,0.87,0
177,53,3.87,383.61,81.51,78.53,0.90,0
177,2,877.30,433.67,45.52,42.34,0.69,0
177,16,1411.02,445.52,30.42,42.02,0.46,0
177,28,1519.96,482.78,57.15,49.18,0.28,0
178,38,236.47,241.18,111.04,62.48,0.88,0
178,53,7.02,384.84,82.70,76.15,0.90,0
178,2,881.03,434.18,43.47,40.54,0.54,0
178,28,1525.41,482.95,54.93,51.39,0.72,0
179,38,241.26,242.50,110.01,61.50,0.89,0
179,53,10.58,384.71,83.41,76.67,0.88,0
179,2,884.58,434.33,43.54,40.08,0.30,0
179,28,1529.39,484.11,53.65,51.27,0.80,0
179,5,1415.40,403.23,31.71,38.63,0.36,0
179,16,1417.06,443.86,32.33,44.60,0.64,0
180,38,244.03,242.33,110.88,61.65,0.86,0
180,53,15.47,383.37,84.12,78.50,0.88,0
180,2,886.55,433.77,44.34,40.67,0.75,0
180,28,1533.15,485.37,52.34,49.24,0.77,0
180,5,1419.67,402.60,31.50,39.01,0.26,0
180,16,1419.77,444.20,32.88,44.16,0.41,0
181,38,243.98,242.11,112.83,62.18,0.85,0
181,53,20.48,384.22,82.60,78.82,0.67,0
181,28,1536.18,484.93,54.21,47.75,0.52,0
181,5,1422.70,398.82,31.83,43.62,0.31,0
181,16,1422.83,445.40,32.35,42.75,0.39,0
181,51,1528.27,456.40,73.26,27.22,0.35,0
182,38,246.81,242.57,112.98,61.72,0.75,0
182,53,23.50,385.79,81.33,77.56,0.88,0
182,28,1539.48,483.65,54.71,47.50,0.31,0
182,16,1426.97,445.37,30.67,42.82,0.31,0
182,51,1528.41,455.97,79.33,26.33,0.42,0
183,38,249.49,242.10,114.31,64.13,0.47,0
183,53,27.14,386.69,80.25,76.00,0.90,0
183,16,1429.58,444.72,30.73,42.37,0.42,0
183,51,1530.24,456.08,80.30,26.82,0.26,0
183,59,820.96,482.42,24.32,35.80,0.33,0
183,5,1428.24,399.72,30.94,43.71,0.40,0
184,38,253.70,242.08,112.79,64.72,0.87,0
184,53,30.04,386.77,81.07,75.52,0.90,0
184,16,1431.90,444.52,30.99,42.90,0.30,0
184,2,897.07,434.14,47.30,42.32,0.49,0
185,38,257.53,242.17,110.93,64.11,0.87,0
185,53,33.69,386.40,80.80,74.55,0.81,0
185,16,1434.22,444.41,31.49,43.73,0.31,0
185,2,898.66,433.83,46.36,42.39,0.67,0
185,28,1547.68,484.28,55.46,45.59,0.47,0
186,38,262.11,243.14,109.45,62.61,0.88,0
186,53,36.19,385.16,82.77,76.49,0.90,0
186,16,1436.85,445.03,30.23,43.37,0.37,0
186,2,901.97,433.91,43.45,41.44,0.65,0
186,28,1548.51,485.35,56.58,44.94,0.43,0
187,38,264.76,243.83,111.36,62.05,0.87,0
187,53,38.88,384.17,83.07,78.23,0.90,0
187,16,1439.98,444.02,30.98,45.25,0.48,0
187,2,904.82,433.97,41.69,40.64,0.71,0
187,28,1554.09,485.46,52.97,47.75,0.76,0
188,38,267.15,244.37,110.50,61.94,0.90,0
188,53,42.16,384.13,81.84,79.71,0.90,0
188,16,1442.11,443.82,32.35,44.00,0.71,0
188,2,907.77,434.13,41.68,40.50,0.50,0
188,28,1557.86,484.90,51.22,48.89,0.72,0
188,5,1441.40,400.60,31.75,42.15,0.33,0
189,38,269.89,244.36,109.85,62.11,0.61,0
189,53,45.99,384.39,80.80,79.93,0.82,0
189,16,1444.03,444.02,32.85,44.07,0.61,0
189,2,909.32,433.60,43.98,40.54,0.55,0
189,28,1560.06,483.87,52.30,47.97,0.58,0
189,5,1444.64,401.10,31.21,40.12,0.28,0
189,51,1546.75,454.92,82.56,25.89,0.25,0
190,38,272.25,243.86,108.91,63.43,0.84,0
190,53,48.70,386.34,80.56,77.82,0.89,0
190,16,1445.79,444.21,33.33,44.10,0.53,0
190,2,910.82,433.49,44.80,41.32,0.78,0
190,28,1561.90,483.08,53.41,47.48,0.34,0
190,5,1446.10,398.00,32.49,43.28,0.29,0
190,51,1549.76,454.96,82.25,25.91,0.26,0
191,38,273.96,243.32,113.81,64.65,0.41,0
191,53,52.43,388.04,79.81,75.82,0.91,0
191,16,1450.64,442.91,31.56,44.64,0.36,0
191,2,913.82,433.39,45.77,41.66,0.39,0
191,28,1566.16,482.80,53.15,48.59,0.31,0
192,38,277.49,242.97,113.51,65.76,0.46,0
192,53,57.26,386.86,81.35,75.71,0.33,0
192,16,1454.70,442.51,31.77,44.71,0.34,0
192,2,917.59,433.83,49.29,42.70,0.33,0
192,28,1568.95,481.59,54.18,47.82,0.34,0
193,38,285.66,244.41,108.73,63.75,0.87,0
193,53,61.81,386.92,80.99,76.77,0.89,0
193,16,1458.31,442.34,31.17,44.41,0.45,0
193,2,920.77,434.12,49.52,42.71,0.59,0
193,28,1574.06,482.09,53.19,48.07,0.70,0
194,38,288.43,245.39,112.54,62.88,0.85,0
194,53,66.35,387.53,80.94,76.47,0.90,0
194,16,1464.02,441.43,31.71,45.50,0.44,0
194,2,925.62,433.87,44.96,41.50,0.69,0
194,28,1580.40,483.05,50.23,50.17,0.79,0
194,5,1464.06,400.41,30.89,41.46,0.38,0
195,38,292.17,246.76,111.70,60.81,0.87,0
195,53,71.65,387.86,80.23,76.61,0.88,0
195,16,1467.80,441.83,32.82,45.21,0.55,0
195,2,930.46,434.17,43.12,40.85,0.64,0
195,5,1468.18,399.45,31.34,41.01,0.56,0
196,38,295.89,247.47,112.10,61.34,0.64,0
196,53,76.71,388.82,79.96,75.82,0.90,0
196,16,1471.55,442.03,32.73,46.06,0.34,0
196,2,933.64,433.92,44.31,41.00,0.44,0
196,5,1471.37,396.91,32.29,43.04,0.36,0
197,38,300.89,246.84,112.28,62.66,0.47,0
197,53,82.91,387.91,80.09,75.79,0.90,0
198,38,306.05,248.51,112.91,61.35,0.56,0
198,53,89.08,388.93,79.76,75.63,0.90,0
198,28,1599.42,482.04,51.72,49.93,0.77,0
198,16,1480.65,439.95,32.90,46.87,0.38,0
199,38,312.72,249.96,112.50,60.09,0.85,0
199,53,95.19,388.66,79.81,76.72,0.89,0
199,28,1605.00,482.37,52.01,50.05,0.79,0
199,16,1486.60,438.82,33.26,47.50,0.49,0
199,2,945.43,433.16,46.47,42.60,0.70,0
199,5,1487.26,399.29,30.97,42.00,0.33,0
200,38,318.50,249.59,109.92,60.13,0.64,0
200,53,101.34,390.44,80.34,75.08,0.86,0
200,28,1608.56,482.37,55.31,48.96,0.47,0
200,16,1491.68,439.04,33.57,47.90,0.45,0
200,2,952.33,433.83,42.45,40.74,0.72,0
200,5,1492.60,399.34,30.93,39.78,0.37,0
201,38,322.97,248.90,111.74,61.25,0.70,0
201,53,106.58,389.92,80.16,74.64,0.88,0
201,16,1499.07,438.96,32.08,46.08,0.43,0
201,2,956.70,433.38,44.89,40.88,0.66,0
202,38,331.24,249.35,107.60,60.70,0.46,0
202,53,113.25,390.54,79.78,74.63,0.88,0
202,16,1503.87,439.10,32.34,44.70,0.64,0
202,2,961.27,433.11,42.37,39.96,0.39,0
202,28,1622.07,481.27,52.77,48.54,0.74,0
202,5,1503.96,399.79,31.14,38.85,0.40,0
203,38,337.29,249.99,105.70,59.59,0.86,0
203,53,119.89,389.29,79.57,76.25,0.87,0
203,16,1509.25,439.69,31.71,43.52,0.44,0
203,2,967.18,433.08,46.53,42.52,0.39,0
203,28,1628.95,480.82,50.37,50.36,0.83,0
203,5,1509.59,399.29,29.88,41.68,0.28,0
204,38,342.99,250.04,105.54,59.16,0.57,0
204,53,126.10,390.57,80.25,74.35,0.58,0
204,16,1514.53,439.34,33.41,45.06,0.42,0
204,2,970.83,433.06,45.37,42.31,0.77,0
204,28,1633.30,480.93,51.99,49.50,0.59,0
204,5,1515.33,397.77,31.10,40.73,0.77,0
205,38,347.34,249.49,107.64,60.15,0.73,0
205,53,132.42,389.88,79.44,74.47,0.89,0
205,16,1519.62,439.07,33.99,45.39,0.31,0
205,2,977.67,433.33,41.63,41.08,0.67,0
205,5,1520.39,394.26,31.73,43.72,0.40,0
206,38,356.16,250.26,105.81,59.74,0.84,0
206,53,138.73,390.81,78.90,74.01,0.90,0
206,16,1526.99,439.60,32.39,41.47,0.36,0
206,2,982.16,433.80,43.20,40.94,0.44,0
206,5,1526.39,396.13,30.99,42.32,0.33,0
206,28,1645.62,478.27,53.54,53.34,0.73,0
207,38,362.50,251.93,104.69,58.26,0.86,0
207,53,145.92,390.11,78.14,75.53,0.88,0
207,28,1650.89,478.88,53.49,52.77,0.82,0
208,38,368.23,251.30,106.03,60.27,0.87,0
208,53,152.10,390.43,79.00,74.24,0.89,0
208,28,1656.42,481.07,44.04,50.27,0.32,0
208,16,1538.32,438.59,33.59,45.12,0.26,0
208,2,992.52,433.11,44.10,41.66,0.69,0
208,5,1538.06,394.36,33.23,42.53,0.74,0
209,38,374.50,250.72,106.65,62.21,0.84,0
209,53,158.68,391.52,78.28,74.01,0.88,0
209,16,1542.58,439.12,34.10,44.59,0.33,0
209,2,999.03,433.14,41.98,40.94,0.74,0
209,5,1542.74,391.91,33.79,45.33,0.47,0
210,38,381.85,251.40,104.65,61.29,0.87,0
210,53,165.85,392.09,77.24,74.07,0.90,0
210,16,1550.95,438.96,31.54,41.60,0.47,0
210,2,1005.03,433.67,39.74,40.50,0.62,0
210,70,3.81,329.73,41.51,456.38,0.35,0
210,28,1672.82,479.11,48.33,53.27,0.73,0
211,38,387.50,252.32,103.57,60.81,0.88,0
211,53,171.07,391.35,78.86,75.75,0.86,0
211,16,1556.87,439.07,31.02,41.15,0.28,0
211,2,1008.99,433.82,40.87,39.67,0.38,0
211,28,1677.14,481.05,48.08,50.43,0.63,0
212,38,392.08,251.63,104.78,61.32,0.88,0
212,53,176.95,392.92,79.78,72.90,0.87,0
212,16,1561.74,438.77,33.79,42.80,0.51,0
212,2,1014.56,433.45,44.25,41.72,0.38,0
212,5,1561.88,392.73,34.18,44.75,0.57,0
212,70,8.05,314.96,54.81,476.23,0.34,0
213,38,395.93,251.09,106.80,62.45,0.84,0
213,53,182.40,393.05,78.60,73.10,0.88,0
213,16,1566.14,438.82,34.92,42.68,0.41,0
213,2,1017.95,432.93,45.57,42.03,0.72,0
213,5,1566.05,390.90,35.41,46.80,0.56,0
213,70,10.42,314.82,56.92,472.95,0.27,0
214,38,401.68,251.90,106.96,60.72,0.85,0
214,53,189.38,392.35,77.49,73.86,0.90,0
214,2,1023.50,432.96,42.83,41.14,0.76,0
214,28,1697.58,478.70,50.49,51.75,0.59,0
215,38,406.36,252.86,106.54,60.31,0.86,0
215,53,194.75,391.75,77.41,75.50,0.87,0
215,2,1028.89,433.54,39.89,39.38,0.47,0
215,28,1699.73,479.16,54.52,50.44,0.69,0
216,38,412.31,253.38,106.11,60.75,0.87,0
216,53,200.81,392.64,78.75,73.53,0.87,0
216,71,40.28,320.44,47.14,472.08,0.33,0
216,16,1583.42,437.16,36.31,43.59,0.65,0
216,5,1583.98,393.59,34.85,43.69,0.60,0
216,70,40.30,316.54,44.45,487.66,0.39,0
217,38,417.53,252.37,105.33,61.22,0.86,0
217,53,205.56,393.29,77.60,73.29,0.87,0
217,71,45.55,322.44,47.54,471.35,0.26,0
217,5,1588.65,392.27,35.24,45.24,0.64,0
217,70,48.24,318.67,41.84,486.25,0.42,0
217,2,1038.05,432.99,42.19,42.17,0.30,0
218,38,422.84,253.07,104.55,61.27,0.66,0
218,53,212.61,393.91,76.13,73.14,0.90,0
218,5,1593.80,390.21,34.67,47.92,0.30,0
218,70,53.31,317.58,42.22,491.73,0.41,0
218,2,1040.99,432.56,44.28,42.55,0.77,0
218,28,1718.87,476.72,52.26,52.47,0.43,0
218,16,1596.24,437.20,32.99,42.79,0.47,0
219,38,428.14,252.98,105.47,60.36,0.84,0
219,53,218.59,392.94,75.23,74.52,0.87,0
219,5,1599.94,392.70,33.21,45.23,0.51,0
219,2,1046.77,432.53,42.91,41.84,0.77,0
219,28,1725.56,478.90,48.86,49.68,0.78,0
219,16,1601.51,437.63,30.87,40.58,0.54,0
219,71,58.03,310.72,47.80,506.55,0.43,0
220,38,434.29,254.04,103.79,60.59,0.88,0
220,53,223.56,394.81,78.41,72.01,0.51,0
220,2,1052.45,432.99,40.25,40.01,0.62,0
220,16,1606.72,435.71,32.72,44.40,0.52,0
220,71,61.05,308.42,50.55,514.01,0.37,0
221,38,438.72,253.15,104.70,61.75,0.88,0
221,53,229.11,394.99,77.99,71.42,0.89,0
221,2,1056.29,433.43,40.56,39.84,0.40,0
221,16,1611.04,437.23,34.73,43.96,0.31,0
221,71,64.61,315.24,52.05,503.88,0.26,0
221,5,1610.84,390.66,35.13,46.28,0.67,0
222,38,443.17,253.37,104.94,61.88,0.83,0
222,53,236.05,395.95,74.53,71.96,0.91,0
222,2,1060.98,432.44,42.10,42.21,0.31,0
222,16,1618.13,437.08,32.58,43.18,0.38,0
222,5,1615.33,389.01,34.15,47.68,0.54,0
222,28,1745.66,478.17,46.77,46.82,0.53,0
223,38,447.22,253.76,106.62,61.97,0.81,0
223,53,241.74,396.01,74.98,72.89,0.92,0
223,2,1064.22,431.89,43.69,42.68,0.76,0
223,16,1623.98,437.73,30.96,40.35,0.48,0
223,5,1620.82,389.30,32.82,47.07,0.34,0
223,28,1749.24,479.51,47.83,46.30,0.77,0
224,38,452.39,254.69,105.06,59.52,0.86,0
224,53,245.69,395.75,74.04,73.21,0.88,0
224,2,1068.13,431.77,42.60,42.65,0.79,0
224,16,1628.67,437.86,29.59,40.03,0.33,0
224,28,1750.96,479.00,53.04,48.32,0.58,0
224,70,91.90,320.15,40.33,484.26,0.27,0
225,38,456.95,255.37,104.28,59.46,0.88,0
225,53,249.85,397.06,75.98,70.55,0.88,0
225,2,1073.30,432.35,40.15,41.27,0.71,0
225,16,1631.19,434.46,33.67,44.60,0.60,0
225,28,1754.46,478.56,54.27,48.53,0.36,0
225,70,98.40,321.58,38.92,476.68,0.30,0
226,38,459.79,255.20,104.99,61.21,0.87,0
226,53,252.38,397.04,77.52,71.29,0.89,0
226,2,1076.87,432.49,38.96,40.25,0.53,0
226,16,1634.46,435.12,35.47,45.02,0.46,0
226,28,1760.96,477.70,53.26,49.60,0.26,0
226,70,103.39,323.52,37.34,472.19,0.33,0
226,5,1634.46,388.53,34.27,44.77,0.51,0
227,38,464.03,255.25,103.99,60.63,0.87,0
227,53,258.64,397.26,73.88,71.31,0.90,0
227,2,1078.64,432.57,40.35,40.55,0.45,0
227,16,1637.35,435.39,35.66,45.84,0.39,0
227,28,1767.50,476.99,48.45,49.17,0.65,0
227,70,106.63,321.71,39.80,479.66,0.31,0
227,5,1637.05,387.64,33.59,46.03,0.34,0
228,38,467.00,255.30,103.35,61.11,0.84,0
228,53,262.82,396.89,72.11,72.65,0.91,0
228,16,1642.63,435.12,34.13,44.89,0.57,0
228,28,1770.75,477.14,49.10,50.97,0.78,0
228,70,111.89,315.99,38.03,488.47,0.26,0
228,5,1641.02,387.75,33.94,46.25,0.39,0
229,38,469.80,255.87,103.63,61.14,0.82,0
229,53,265.13,396.48,73.59,72.95,0.90,0
229,16,1646.32,435.41,32.39,42.52,0.60,0
229,28,1773.14,477.47,48.03,50.87,0.79,0
229,70,113.54,314.01,39.23,492.23,0.37,0
229,5,1643.70,387.86,32.99,44.85,0.51,0
229,2,1083.78,430.92,42.62,43.73,0.34,0
230,38,471.36,256.35,102.93,61.82,0.82,0
230,53,267.88,396.41,74.22,73.12,0.88,0
230,16,1648.48,435.59,31.86,41.24,0.57,0
230,28,1774.02,477.88,48.25,50.64,0.73,0
230,70,113.97,307.98,42.16,499.55,0.29,0
230,5,1647.18,387.65,31.44,44.77,0.36,0
230,2,1086.19,430.53,45.65,45.13,0.44,0
231,38,473.77,256.31,103.67,62.40,0.79,0
231,53,269.10,396.69,75.98,74.47,0.89,0
231,16,1650.37,435.23,30.84,41.36,0.51,0
231,28,1775.98,478.55,45.10,50.28,0.57,0
231,2,1087.73,430.51,45.29,44.33,0.71,0
232,38,476.36,257.09,104.12,60.48,0.80,0
232,53,270.46,398.56,75.52,72.35,0.87,0
232,16,1653.06,435.09,31.29,41.75,0.57,0
232,28,1777.95,479.32,42.55,48.96,0.58,0
232,2,1089.11,431.96,44.73,43.00,0.79,0
233,38,477.79,257.73,105.18,59.03,0.82,0
233,53,272.45,398.71,73.94,72.46,0.87,0
233,16,1654.79,433.19,33.98,45.37,0.59,0
233,2,1091.81,432.54,42.10,42.19,0.78,0
234,38,479.04,258.49,106.46,59.66,0.75,0
234,53,275.67,399.48,74.98,69.26,0.87,0
234,16,1657.18,434.54,34.57,43.41,0.60,0
234,2,1095.27,432.75,40.96,41.42,0.73,0
234,5,1657.14,388.44,33.70,44.77,0.48,0
235,38,481.94,259.24,106.45,59.54,0.86,0
235,53,278.80,399.54,75.98,70.93,0.90,0
235,16,1658.81,435.65,36.08,44.15,0.51,0
235,2,1098.52,433.16,39.45,40.29,0.73,0
235,81,1794.43,477.44,42.18,47.13,0.37,0
235,5,1658.93,387.69,35.19,46.04,0.49,0
236,38,485.30,258.93,106.68,60.15,0.85,0
236,53,282.46,400.78,74.93,71.20,0.93,0
236,16,1661.38,436.10,35.73,44.96,0.36,0
236,2,1101.15,433.49,39.08,39.71,0.49,0
236,81,1794.41,478.29,46.70,49.38,0.58,0
236,5,1660.68,387.64,34.79,47.15,0.38,0
237,38,487.32,258.95,105.28,58.70,0.82,0
237,53,285.46,401.08,73.14,71.08,0.93,0
237,16,1667.29,436.49,33.02,43.29,0.50,0
237,2,1102.22,433.50,41.01,40.19,0.50,0
237,81,1795.24,478.54,49.68,50.31,0.82,0
237,5,1664.53,387.61,34.54,48.80,0.36,0
238,38,490.67,259.71,104.00,59.15,0.53,0
238,53,290.40,401.65,71.37,70.27,0.90,0
238,16,1670.79,435.87,32.04,42.50,0.47,0
238,2,1104.32,433.80,41.62,40.11,0.60,0
238,81,1796.39,478.50,49.77,50.25,0.77,0
238,5,1667.51,387.16,33.50,47.42,0.27,0
238,70,141.26,320.14,37.89,483.49,0.31,0
239,38,492.60,259.89,104.14,59.80,0.71,0
239,53,293.12,400.52,72.30,72.08,0.89,0
239,16,1673.15,435.09,32.08,41.80,0.47,0
239,2,1106.44,431.71,44.55,43.87,0.38,0
239,81,1799.37,480.38,47.18,48.29,0.44,0
239,70,144.11,323.24,36.50,479.24,0.34,0
240,38,497.06,260.15,102.44,60.68,0.84,0
240,53,294.97,401.53,74.15,73.08,0.90,0
240,16,1674.77,435.05,31.50,41.67,0.30,0
240,2,1109.27,432.11,46.74,44.90,0.42,0
240,81,1801.96,479.41,49.59,47.91,0.44,0
240,70,148.44,321.21,35.74,481.40,0.33,0
240,28,1801.06,480.97,44.75,46.38,0.35,0
241,38,498.85,260.50,103.52,60.31,0.72,0
241,53,295.41,403.34,75.60,70.94,0.89,0
241,16,1678.21,434.65,32.42,42.90,0.53,0
241,2,1112.19,432.69,46.42,43.98,0.52,0
241,81,1803.57,478.72,52.70,47.68,0.30,0
241,70,151.96,317.96,34.47,481.78,0.30,0
242,38,501.68,261.57,103.83,59.74,0.79,0
242,53,299.34,403.66,75.86,69.57,0.90,0
242,16,1679.72,434.14,34.71,44.49,0.62,0
242,2,1113.03,433.32,45.92,42.79,0.75,0
242,81,1809.13,478.37,49.28,47.53,0.39,0
242,70,155.35,317.84,33.68,480.74,0.27,0
243,38,504.87,262.78,103.88,58.20,0.83,0
243,53,301.52,403.28,76.24,69.88,0.90,0
243,16,1681.55,434.85,36.52,44.12,0.57,0
243,2,1114.08,433.02,45.28,42.82,0.79,0
243,81,1813.57,478.61,47.07,47.33,0.44,0
243,70,156.31,319.87,34.08,476.43,0.28,0
244,38,508.45,263.47,102.71,57.62,0.88,0
244,53,305.77,403.69,74.72,70.48,0.92,0
244,16,1684.00,435.80,36.13,43.93,0.27,0
244,2,1118.60,433.45,42.68,41.91,0.73,0
244,81,1817.02,478.62,48.35,49.45,0.68,0
244,70,161.92,316.88,33.02,481.30,0.29,0
244,5,1683.00,387.24,35.84,47.53,0.40,0
245,38,511.02,264.13,102.69,56.94,0.87,0
245,53,308.71,404.86,73.55,70.35,0.92,0
245,16,1689.93,436.67,33.85,42.55,0.59,0
245,2,1121.52,433.78,42.45,41.36,0.69,0
245,81,1819.88,479.87,48.29,47.43,0.79,0
245,70,162.24,313.08,36.94,491.71,0.37,0
245,5,1688.36,388.02,34.58,48.94,0.41,0
246,38,514.03,264.13,101.74,57.72,0.66,0
246,53,313.20,405.03,72.24,70.44,0.90,0
246,16,1694.62,436.98,31.65,40.74,0.61,0
246,2,1124.33,433.72,43.90,41.11,0.49,0
246,70,161.38,310.88,44.18,497.87,0.36,0
246,5,1691.50,388.28,33.50,46.72,0.51,0
246,28,1821.84,481.39,44.95,45.30,0.74,0
247,38,516.12,264.92,102.08,57.57,0.81,0
247,53,315.35,404.69,72.61,71.35,0.89,0
247,16,1697.21,436.48,30.47,40.65,0.43,0
247,2,1126.54,433.57,44.70,42.10,0.74,0
248,38,518.81,265.22,102.23,58.09,0.72,0
248,53,316.54,403.82,76.26,73.84,0.89,0
248,16,1700.53,437.24,30.11,41.07,0.47,0
249,38,522.91,265.54,102.17,58.28,0.69,0
249,53,320.01,404.32,77.46,73.24,0.82,0
249,16,1702.77,434.98,34.07,45.11,0.71,0
249,5,1702.93,391.38,32.49,42.13,0.27,0
249,28,1833.25,478.45,48.61,46.90,0.33,0
250,38,526.37,266.38,101.52,57.54,0.78,0
250,53,324.36,405.40,75.40,70.39,0.89,0
250,16,1704.39,435.21,36.87,44.72,0.67,0
250,5,1706.10,390.33,33.60,43.25,0.59,0
250,28,1837.37,478.74,48.78,46.14,0.48,0
251,38,529.73,267.31,101.27,56.14,0.84,0
251,53,326.78,405.39,76.15,71.18,0.91,0
251,16,1706.76,436.78,36.86,44.34,0.41,0
251,5,1707.49,388.46,35.35,45.88,0.58,0
251,28,1841.67,479.32,49.03,47.47,0.65,0
251,2,1139.10,433.70,44.20,43.32,0.47,0
252,38,532.45,267.82,100.01,55.96,0.88,0
252,53,330.86,405.90,74.92,71.78,0.93,0
252,16,1710.41,437.24,34.75,43.58,0.45,0
252,5,1710.55,388.68,33.74,46.86,0.59,0
252,28,1843.89,480.23,48.77,46.28,0.72,0
252,2,1142.01,433.27,45.54,44.38,0.41,0
253,38,534.94,268.24,101.25,55.37,0.84,0
253,53,335.83,406.35,72.40,71.98,0.92,0
253,16,1716.58,437.48,32.70,42.19,0.57,0
253,5,1713.83,388.56,34.04,47.73,0.43,0
253,28,1847.28,481.67,45.90,45.05,0.56,0
253,2,1144.43,433.67,44.37,43.34,0.69,0
253,70,189.61,329.06,37.61,475.01,0.30,0
254,38,539.08,267.95,99.31,55.74,0.81,0
254,53,339.20,405.62,72.66,71.26,0.91,0
254,16,1720.22,437.55,31.01,40.57,0.64,0
254,5,1717.40,388.77,33.45,46.95,0.56,0
254,28,1848.23,478.60,56.92,50.27,0.58,0
254,70,194.07,327.29,35.30,471.29,0.27,0
255,38,541.84,268.41,99.65,55.83,0.41,0
255,53,340.20,405.49,74.50,72.74,0.90,0
255,16,1721.90,438.10,31.12,40.81,0.52,0
255,5,1720.64,390.73,31.96,46.48,0.33,0
255,2,1149.98,434.41,46.02,43.06,0.30,0
256,38,544.44,267.41,99.64,56.74,0.83,0
256,53,341.70,406.33,75.10,72.47,0.90,0
256,16,1726.37,436.36,33.49,44.02,0.71,0
256,5,1725.90,391.64,31.00,44.26,0.28,0
256,2,1153.23,434.17,45.93,43.55,0.42,0
257,38,547.24,267.22,100.25,56.82,0.84,0
257,53,345.31,406.45,75.41,72.22,0.87,0
257,16,1728.38,436.04,35.39,44.57,0.70,0
257,5,1728.95,391.04,32.63,43.83,0.56,0
257,2,1155.01,432.96,48.33,45.61,0.27,0
258,38,551.48,267.53,98.14,56.55,0.80,0
258,53,349.51,406.71,73.98,69.68,0.90,0
258,16,1730.80,436.59,36.09,45.40,0.46,0
258,5,1731.19,389.03,34.71,45.80,0.65,0
258,2,1158.32,434.13,49.77,44.16,0.26,0
258,28,1860.73,479.47,56.02,51.41,0.35,0
258,70,208.03,321.47,34.64,481.35,0.29,0
259,38,553.36,267.79,100.50,57.27,0.85,0
259,53,351.77,406.82,74.66,70.10,0.89,0
259,16,1733.41,437.08,35.71,44.59,0.43,0
259,5,1733.46,388.88,34.13,46.63,0.63,0
259,28,1865.95,481.12,50.83,48.42,0.65,0
259,70,209.40,321.60,36.88,483.94,0.33,0
260,38,555.16,268.68,102.43,57.29,0.88,0
260,53,356.70,407.00,73.10,70.90,0.92,0
260,16,1739.39,437.33,33.58,43.55,0.53,0
260,28,1870.37,484.16,45.72,44.96,0.47,0
260,70,210.58,321.16,42.60,485.27,0.30,0
260,2,1163.03,434.48,46.14,43.62,0.58,0
261,38,557.95,268.73,102.86,57.57,0.87,0
261,53,361.40,407.61,71.08,71.18,0.90,0
261,16,1743.27,437.80,32.06,41.32,0.68,0
261,2,1166.84,434.69,42.76,42.90,0.35,0
261,5,1740.10,388.74,34.23,48.17,0.43,0
262,38,560.96,267.98,101.59,58.56,0.85,0
262,53,362.86,406.74,73.28,72.07,0.89,0
262,16,1745.84,438.28,31.91,40.72,0.59,0
262,2,1169.77,434.71,42.35,42.45,0.52,0
262,5,1743.66,390.64,32.61,47.81,0.31,0
263,38,565.66,268.35,100.05,58.00,0.59,0
263,53,364.96,406.32,74.17,72.88,0.89,0
263,16,1750.58,436.57,33.58,43.62,0.65,0
264,38,569.92,267.70,98.55,59.27,0.87,0
264,53,366.61,405.53,75.81,74.38,0.90,0
264,16,1753.07,436.43,35.92,44.58,0.66,0
264,2,1174.85,434.51,43.62,43.29,0.69,0
264,5,1752.44,389.50,34.39,46.73,0.41,0
265,38,573.82,267.85,98.30,59.12,0.84,0
265,53,372.12,407.01,73.83,71.49,0.90,0
265,16,1755.82,437.03,36.91,44.60,0.31,0
265,5,1755.26,387.85,35.97,48.56,0.40,0
266,38,576.72,268.10,100.04,59.89,0.86,0
266,53,378.18,406.81,73.12,70.62,0.90,0
266,16,1764.09,436.60,33.84,43.67,0.51,0
266,5,1760.98,387.77,35.41,48.61,0.28,0
266,70,238.21,336.83,36.57,461.95,0.33,0
267,38,581.78,269.10,99.79,58.12,0.86,0
267,53,384.37,406.75,71.58,71.40,0.92,0
267,16,1769.44,434.91,32.68,43.06,0.48,0
267,70,243.58,333.45,34.69,461.69,0.33,0
267,2,1188.85,433.89,44.01,43.96,0.46,0
268,38,586.76,268.85,98.41,58.22,0.84,0
268,53,388.25,407.09,71.56,70.45,0.89,0
268,16,1774.84,433.07,34.66,46.07,0.70,0
268,2,1192.93,433.76,43.59,43.01,0.63,0
269,38,590.71,268.17,99.22,59.37,0.77,0
269,53,391.54,406.50,73.82,71.72,0.90,0
269,16,1778.43,433.86,36.52,47.22,0.42,0
269,2,1197.68,433.58,44.83,43.21,0.33,0
269,70,256.18,329.06,33.40,465.69,0.29,0
270,38,596.66,268.19,98.39,58.52,0.86,0
270,53,397.45,406.98,72.08,68.57,0.89,0
270,16,1784.98,434.73,34.76,45.43,0.55,0
270,2,1201.26,432.72,48.31,45.21,0.26,0
270,70,258.63,325.09,34.85,472.89,0.28,0
270,5,1782.26,386.99,33.31,47.71,0.35,0
271,38,600.24,268.15,98.55,58.69,0.84,0
271,53,402.12,406.73,71.41,68.43,0.90,0
271,16,1790.45,434.32,33.00,44.05,0.68,0
271,2,1204.10,432.87,48.75,44.85,0.33,0
271,70,259.46,324.13,41.15,476.50,0.29,0
271,5,1786.59,386.67,33.56,45.03,0.53,0
272,38,602.42,268.08,100.45,59.08,0.86,0
272,53,406.47,406.53,70.82,70.46,0.92,0
272,16,1794.27,433.46,33.63,44.24,0.67,0
272,2,1208.28,433.81,47.70,43.89,0.37,0
272,5,1792.20,386.40,32.13,44.13,0.51,0
273,38,606.28,268.72,100.40,57.22,0.85,0
273,53,410.59,406.84,69.98,69.60,0.90,0
273,16,1798.98,432.74,34.56,46.24,0.74,0
273,2,1211.13,433.46,45.72,44.23,0.71,0
273,5,1797.52,387.45,33.18,42.95,0.42,0
274,38,613.15,268.29,95.98,56.68,0.83,0
274,53,412.33,406.63,71.81,70.79,0.88,0
274,16,1801.46,433.56,37.15,44.99,0.62,0
274,2,1215.19,433.80,42.85,42.83,0.70,0
274,5,1801.61,387.01,34.87,44.15,0.58,0
275,38,615.64,267.90,97.17,57.03,0.62,0
275,53,414.34,405.38,74.40,73.15,0.90,0
275,16,1805.27,433.76,37.09,45.42,0.46,0
275,2,1219.71,433.93,42.69,41.29,0.49,0
275,5,1804.08,386.30,35.08,45.04,0.64,0
275,70,280.09,333.76,37.63,459.42,0.26,0
276,38,619.92,267.14,96.51,57.56,0.86,0
276,53,419.62,405.78,73.24,71.15,0.89,0
276,16,1811.01,433.25,35.70,46.07,0.56,0
276,2,1221.30,433.86,44.38,40.80,0.74,0
276,5,1808.08,385.57,35.96,44.96,0.54,0
277,38,623.37,267.06,96.88,57.34,0.82,0
277,53,423.78,406.25,72.47,69.44,0.90,0
277,16,1815.24,432.73,34.23,44.27,0.71,0
277,2,1224.96,432.50,46.09,42.42,0.41,0
277,5,1814.05,385.62,33.43,43.32,0.69,0
277,70,287.47,332.82,37.58,462.38,0.30,0
278,38,624.51,267.65,99.18,56.64,0.80,0
278,53,428.96,405.69,71.30,69.83,0.92,0
278,16,1820.38,431.67,35.58,45.51,0.78,0
278,2,1229.32,432.77,46.86,42.93,0.47,0
278,5,1819.05,385.30,32.90,42.57,0.63,0
278,70,292.19,330.21,35.58,459.56,0.25,0
279,38,628.45,267.71,98.82,55.79,0.87,0
279,53,434.47,406.28,68.65,68.64,0.92,0
279,16,1823.27,431.21,38.34,45.72,0.72,0
279,2,1232.99,433.18,44.27,41.92,0.77,0
279,5,1823.75,385.71,33.84,42.20,0.72,0
280,38,634.44,266.95,98.20,56.78,0.79,0
280,53,436.98,406.66,70.77,69.25,0.89,0
280,16,1827.10,431.32,37.67,46.11,0.49,0
280,2,1237.69,432.63,42.65,42.27,0.80,0
280,5,1826.89,384.11,34.60,43.55,0.67,0
281,38,636.96,267.50,99.25,55.52,0.78,0
281,53,439.68,405.98,72.83,70.15,0.90,0
281,16,1832.99,430.78,36.46,45.75,0.63,0
281,2,1242.70,432.90,40.48,40.85,0.71,0
281,5,1832.98,384.31,33.94,42.89,0.68,0
282,38,642.62,266.85,97.46,56.47,0.85,0
282,53,445.28,405.70,71.84,68.55,0.90,0
282,16,1838.14,430.45,35.85,45.10,0.73,0
282,2,1245.99,433.22,40.80,39.83,0.64,0
282,5,1837.14,383.38,34.63,43.21,0.65,0
283,38,646.63,266.45,98.76,57.19,0.78,0
283,53,448.69,406.04,71.63,67.35,0.90,0
283,16,1844.26,430.20,34.88,45.12,0.69,0
283,2,1249.51,431.51,43.60,42.73,0.39,0
283,5,1842.18,382.61,35.56,43.77,0.54,0
284,38,649.27,266.47,98.30,56.87,0.85,0
284,53,454.33,406.15,69.82,67.91,0.92,0
284,16,1847.89,429.91,36.90,44.40,0.64,0
284,2,1252.46,430.16,46.43,44.81,0.56,0
284,5,1847.23,382.89,35.71,44.14,0.45,0
285,38,653.28,266.51,98.12,57.23,0.87,0
285,53,458.23,405.84,69.32,69.21,0.91,0
285,16,1851.95,430.62,36.66,42.10,0.38,0
285,2,1256.67,430.87,43.98,43.63,0.74,0
285,5,1849.47,381.23,37.80,47.39,0.45,0
286,38,661.02,265.32,95.45,58.03,0.66,0
286,53,460.89,405.94,71.23,69.46,0.89,0
286,16,1858.84,430.57,35.18,43.62,0.47,0
286,2,1260.46,431.01,43.77,43.71,0.80,0
286,5,1856.10,381.94,36.61,45.60,0.60,0
287,38,664.25,266.77,95.10,55.65,0.75,0
287,53,464.92,404.54,73.01,70.89,0.90,0
287,16,1865.37,428.81,34.77,45.61,0.64,0
287,2,1266.88,431.69,40.92,41.92,0.53,0
287,5,1862.39,380.97,35.32,44.73,0.57,0
288,38,671.44,266.46,92.78,56.43,0.88,0
288,53,471.37,405.22,71.95,67.84,0.89,0
288,16,1871.15,428.10,37.06,46.92,0.71,0
288,2,1270.63,432.35,41.42,40.78,0.55,0
288,5,1869.53,382.96,33.48,42.70,0.60,0
288,70,335.44,329.09,41.27,448.66,0.26,0
289,38,675.42,266.16,93.12,56.73,0.86,0
289,53,478.66,405.87,69.18,67.32,0.91,0
289,16,1877.09,426.43,37.33,47.15,0.52,0
289,2,1275.34,430.21,44.01,43.21,0.45,0
289,5,1874.87,382.52,35.39,41.44,0.37,0
289,70,342.21,329.00,39.85,441.30,0.29,0
290,38,679.19,266.19,95.33,56.43,0.87,0
290,53,484.99,406.26,67.60,66.43,0.89,0
290,16,1883.56,425.91,36.44,48.54,0.75,0
290,2,1282.31,429.85,41.68,43.47,0.74,0
290,5,1882.15,378.82,36.45,45.63,0.32,0
291,38,685.16,265.32,94.77,56.53,0.59,0
291,53,489.16,405.87,69.82,67.91,0.89,0
291,16,1892.61,427.24,27.39,55.34,0.47,0
291,2,1289.31,430.06,41.04,42.21,0.75,0
291,5,1890.10,378.27,29.90,45.83,0.59,0
291,70,353.23,324.11,38.20,463.28,0.29,0
292,38,690.55,265.19,94.99,56.17,0.85,0
292,53,495.39,405.68,69.73,65.66,0.89,0
292,2,1295.31,431.21,39.70,39.81,0.27,0
293,38,697.18,265.60,94.94,56.66,0.81,0
293,53,502.70,406.62,68.29,66.10,0.90,0
293,2,1300.06,428.39,42.77,44.00,0.35,0
294,38,701.58,265.70,96.20,56.46,0.86,0
294,53,509.10,406.55,67.11,65.81,0.88,0
294,2,1305.86,427.88,41.37,44.35,0.72,0
295,38,710.46,265.58,93.88,56.34,0.55,0
295,53,514.15,405.92,69.43,67.42,0.88,0
295,2,1312.63,427.92,42.04,42.73,0.61,0
295,105,1811.13,386.35,32.12,45.30,0.45,0
295,70,379.26,330.53,41.51,448.47,0.34,0
296,38,715.39,265.21,93.77,56.21,0.88,0
296,53,520.46,405.52,69.80,65.82,0.88,0
296,2,1318.58,428.70,41.74,40.83,0.31,0
296,105,1818.61,385.10,31.09,43.37,0.28,0
296,70,386.30,333.60,41.71,437.84,0.29,0
297,38,721.88,265.29,94.57,56.48,0.82,0
297,53,528.20,405.26,68.39,66.74,0.91,0
297,2,1322.97,424.11,51.88,44.53,0.33,0
298,38,725.43,265.62,95.53,55.86,0.86,0
298,53,533.99,405.98,66.97,65.92,0.88,0
298,2,1329.36,423.94,48.76,45.42,0.61,0
299,38,732.60,265.33,95.75,56.01,0.75,0
299,53,538.95,405.87,69.46,66.77,0.90,0
299,2,1336.69,423.22,47.17,44.37,0.57,0
300,38,735.13,265.26,96.08,55.37,0.86,0
300,53,544.46,406.07,68.04,64.13,0.88,0
300,2,1340.87,423.53,45.43,44.05,0.46,0
301,38,743.29,265.52,93.63,56.24,0.86,0
301,53,551.07,406.35,67.46,64.17,0.89,0
302,38,746.04,264.67,96.15,56.93,0.84,0
302,53,557.11,406.31,65.64,64.19,0.89,0
302,2,1351.04,422.33,47.87,46.94,0.71,0
303,38,751.51,264.52,95.77,57.28,0.86,0
303,53,560.74,405.03,69.59,67.77,0.87,0
303,2,1358.04,420.97,48.09,46.87,0.55,0
304,38,756.21,264.72,96.15,56.60,0.83,0
304,53,566.62,405.36,68.60,65.19,0.90,0
304,70,434.45,332.31,40.51,437.26,0.27,0
305,38,760.86,264.43,95.52,56.28,0.86,0
305,53,571.77,405.50,68.72,64.95,0.90,0
306,38,767.69,263.95,94.22,57.69,0.81,0
306,53,578.44,405.10,66.95,65.60,0.92,0
307,38,771.49,264.10,95.36,57.42,0.82,0
307,53,583.23,405.93,65.85,65.05,0.88,0
307,2,1380.56,418.20,48.20,47.19,0.68,0
308,38,776.55,264.44,95.93,56.82,0.87,0
308,53,587.67,405.27,68.53,66.54,0.90,0
308,2,1385.82,418.16,47.09,46.38,0.57,0
309,38,778.66,263.76,97.51,57.22,0.64,0
309,53,591.63,404.98,68.77,64.30,0.89,0
309,2,1389.12,419.22,46.47,45.61,0.46,0
310,38,782.84,262.17,98.50,57.80,0.76,0
310,53,597.23,404.76,68.26,64.67,0.89,0
310,70,468.02,344.51,44.77,426.70,0.25,0
311,38,790.61,261.86,97.05,58.41,0.83,0
311,53,603.98,405.32,64.79,63.39,0.90,0
311,70,473.98,338.12,41.80,433.70,0.27,0
311,2,1400.01,418.57,46.97,46.12,0.53,0
312,38,794.50,261.27,97.63,59.14,0.86,0
312,53,608.88,404.88,64.92,63.26,0.84,0
312,70,478.08,333.16,39.64,438.65,0.27,0
312,2,1407.29,416.89,46.15,45.62,0.49,0
313,38,800.44,261.47,96.85,58.40,0.86,0
313,53,612.74,404.14,67.27,64.67,0.86,0
313,70,482.36,330.99,40.13,436.75,0.28,0
313,2,1411.39,416.35,45.71,46.14,0.65,0
314,38,804.46,261.20,96.37,59.08,0.86,0
314,53,616.56,404.23,67.59,63.37,0.85,0
314,70,486.61,331.75,39.49,432.36,0.30,0
314,2,1414.56,415.88,46.34,45.96,0.63,0
315,38,809.67,260.83,95.64,58.65,0.84,0
315,53,623.24,402.85,66.97,63.72,0.91,0
316,38,816.32,260.42,93.13,58.55,0.84,0
316,53,628.21,403.37,64.44,63.15,0.90,0
316,2,1425.03,415.13,50.98,46.71,0.50,0
317,38,819.44,260.42,94.75,59.30,0.84,0
317,53,632.97,403.52,64.01,63.32,0.86,0
317,2,1431.33,414.19,50.06,45.77,0.68,0
318,38,823.04,259.27,95.91,59.34,0.83,0
318,53,635.61,401.90,68.21,66.63,0.88,0
318,2,1436.82,414.03,46.56,44.97,0.79,0
319,38,827.54,258.93,97.49,58.98,0.43,0
319,53,640.22,402.82,68.83,64.81,0.87,0
319,2,1440.80,412.73,51.37,47.01,0.59,0
320,38,831.09,257.99,96.78,60.59,0.76,0
320,53,646.68,401.74,67.59,64.73,0.91,0
320,2,1444.82,411.81,52.54,46.24,0.72,0
321,38,836.34,258.10,97.42,60.06,0.81,0
321,53,651.51,402.36,65.23,64.20,0.90,0
321,2,1449.09,412.40,51.42,45.86,0.82,0
322,38,841.07,257.29,97.68,59.56,0.80,0
322,53,656.02,402.58,64.91,64.04,0.86,0
322,2,1453.87,411.60,52.57,44.96,0.75,0
323,38,844.83,257.69,98.53,58.72,0.83,0
323,53,658.92,400.63,68.45,67.31,0.86,0
323,2,1459.77,411.17,49.33,44.59,0.82,0
324,38,851.37,257.81,94.85,58.46,0.83,0
324,53,665.01,402.54,66.22,63.79,0.87,0
324,2,1466.08,410.42,54.29,44.77,0.26,0
324,70,537.18,334.16,39.99,428.49,0.26,0
325,38,855.98,256.91,93.41,59.81,0.82,0
325,53,670.68,402.28,66.01,63.51,0.90,0
325,2,1471.10,409.71,53.12,45.71,0.52,0
326,38,860.54,256.10,93.95,60.45,0.86,0
326,53,675.27,401.35,65.01,64.28,0.91,0
326,2,1475.02,408.66,51.37,45.80,0.73,0
327,38,864.95,255.66,95.69,61.12,0.84,0
327,53,679.36,400.95,64.44,64.52,0.87,0
327,2,1481.37,408.46,49.59,45.76,0.78,0
328,38,869.21,255.56,95.44,60.76,0.85,0
328,53,682.92,400.24,66.47,65.98,0.87,0
328,2,1485.43,408.07,51.02,45.83,0.85,0
329,38,873.99,254.89,95.31,60.17,0.84,0
329,53,688.91,401.71,64.87,63.13,0.86,0
329,2,1490.44,408.26,50.53,45.15,0.76,0
330,38,879.44,254.66,93.57,60.13,0.83,0
330,53,695.90,400.69,64.14,63.39,0.89,0
330,2,1495.42,407.12,50.47,46.13,0.85,0
331,38,885.26,254.06,94.45,59.99,0.81,0
331,53,701.12,401.46,62.80,63.23,0.88,0
331,2,1502.14,407.19,48.00,44.17,0.81,0
332,38,890.58,253.98,94.65,59.26,0.80,0
332,53,704.57,400.42,65.62,65.11,0.86,0
332,2,1507.93,407.24,48.32,44.08,0.75,0
333,38,896.00,254.82,94.04,57.81,0.76,0
333,53,709.27,401.38,67.64,63.61,0.87,0
333,2,1513.82,405.30,49.43,46.47,0.79,0
334,38,902.48,254.17,93.14,58.27,0.73,0
334,53,717.12,401.33,66.37,63.43,0.89,0
334,2,1521.11,404.03,49.38,47.14,0.84,0
335,38,908.92,253.78,93.50,59.56,0.73,0
335,53,723.17,400.64,64.87,64.73,0.91,0
335,2,1529.06,404.83,47.10,44.94,0.64,0
336,38,913.60,253.88,95.46,58.79,0.82,0
336,53,727.73,400.06,66.60,65.80,0.88,0
336,2,1535.18,401.89,53.00,46.66,0.29,0
337,38,919.03,253.88,94.73,57.89,0.82,0
337,53,732.92,400.32,68.26,64.76,0.87,0
337,2,1541.64,401.25,50.45,47.73,0.81,0
338,38,926.76,253.22,92.53,58.22,0.74,0
338,53,742.12,400.47,65.64,64.52,0.88,0
338,2,1549.87,400.95,49.48,46.76,0.38,0
339,38,934.73,252.65,91.72,58.27,0.81,0
339,53,749.00,400.06,63.53,64.58,0.88,0
339,2,1556.43,400.67,49.99,45.38,0.30,0
340,38,940.62,252.71,93.21,57.90,0.84,0
340,53,753.84,399.71,66.54,65.84,0.86,0
340,2,1565.07,398.89,51.49,47.27,0.26,0
341,38,948.29,252.99,92.07,57.98,0.81,0
341,53,762.02,399.99,65.92,64.29,0.86,0
341,2,1573.87,397.38,51.12,48.13,0.65,0
341,70,638.40,332.68,41.47,432.42,0.25,0
342,38,955.91,252.22,90.88,57.55,0.65,0
342,53,769.93,398.24,64.88,66.51,0.91,0
342,2,1581.43,394.65,56.59,49.28,0.31,0
343,38,963.43,251.89,92.91,57.54,0.83,0
343,53,776.34,397.55,66.72,67.76,0.87,0
343,2,1591.26,394.69,53.28,48.95,0.60,0
344,38,971.08,251.20,90.81,58.06,0.83,0
344,53,782.95,398.26,66.31,65.16,0.84,0
344,2,1599.86,394.87,49.88,46.00,0.31,0
345,38,978.23,250.03,90.91,59.18,0.83,0
345,53,791.87,398.87,64.76,64.47,0.90,0
345,2,1607.36,392.76,50.92,47.08,0.30,0
346,38,985.00,249.16,90.41,59.92,0.72,0
346,53,797.68,397.85,65.22,65.83,0.86,0
346,2,1615.13,391.13,53.35,48.80,0.71,0
346,70,675.31,329.83,40.46,432.74,0.31,0
347,38,990.75,249.14,91.97,60.12,0.84,0
347,53,803.14,397.42,67.41,66.33,0.34,0
347,2,1622.84,390.39,51.28,47.18,0.70,0
347,70,683.90,329.34,39.95,431.81,0.26,0
348,38,997.21,249.39,91.87,59.08,0.81,0
348,53,811.83,397.45,65.12,65.52,0.86,0
348,2,1630.83,387.57,55.64,50.96,0.37,0
349,38,1003.57,249.36,92.42,57.74,0.58,0
349,53,818.56,395.90,64.57,67.39,0.90,0
349,2,1638.69,388.53,52.47,47.40,0.56,0
350,38,1009.20,247.92,92.42,59.81,0.82,0
350,53,824.08,395.94,64.97,67.21,0.86,0
350,2,1644.46,386.99,53.86,47.56,0.70,0
351,38,1013.46,247.38,94.12,60.18,0.79,0
351,53,829.28,393.92,65.67,66.60,0.87,0
351,2,1652.13,386.12,51.81,47.80,0.56,0
352,38,1019.14,247.70,93.05,58.53,0.73,0
352,53,834.65,394.24,65.39,66.12,0.86,0
352,2,1657.33,384.86,54.01,47.86,0.37,0
353,38,1024.02,247.87,93.54,57.96,0.83,0
353,53,839.94,394.10,65.60,67.60,0.91,0
353,2,1663.39,383.78,52.56,47.41,0.70,0
354,38,1028.24,246.59,93.59,58.65,0.87,0
354,53,843.24,393.45,65.68,67.41,0.90,0
354,2,1669.62,383.60,51.38,47.44,0.76,0
355,38,1033.23,246.83,94.13,57.99,0.83,0
355,53,846.38,392.85,67.38,68.18,0.88,0
355,2,1675.95,383.20,50.76,47.47,0.62,0
356,38,1036.58,246.23,94.54,59.33,0.80,0
356,53,849.89,392.67,67.77,68.45,0.81,0
356,2,1679.29,381.71,52.30,48.01,0.77,0
357,38,1037.40,245.49,98.13,59.79,0.73,0
357,53,855.40,392.51,65.96,65.79,0.74,0
357,2,1682.53,380.36,53.86,49.59,0.72,0
358,38,1037.41,243.90,101.83,59.17,0.55,0
358,53,858.64,393.77,65.23,64.32,0.85,0
358,2,1686.50,379.42,52.71,49.58,0.80,0
359,38,1043.24,243.22,98.90,59.70,0.38,0
359,53,862.35,393.54,64.56,65.89,0.89,0
359,2,1690.10,379.70,50.95,48.21,0.78,0
360,38,1048.68,243.33,95.33,58.48,0.53,0
360,53,865.43,392.66,64.98,66.66,0.92,0
360,2,1694.10,380.43,50.14,46.31,0.62,0
361,38,1051.69,243.18,93.73,56.72,0.76,0
361,53,867.58,389.88,66.62,68.61,0.90,0
361,2,1698.49,381.17,48.75,44.89,0.62,0
362,38,1055.80,243.01,92.00,55.95,0.86,0
362,53,869.27,391.84,66.10,67.01,0.88,0
362,2,1700.85,380.59,49.04,44.57,0.64,0
363,38,1057.19,242.13,95.01,58.41,0.81,0
363,53,870.08,390.83,67.53,67.57,0.49,0
363,2,1703.27,377.31,52.63,48.33,0.30,0
364,38,1056.94,242.14,97.95,59.09,0.74,0
364,53,871.84,389.64,70.19,67.59,0.88,0
364,2,1705.28,375.87,53.62,49.78,0.45,0
365,38,1057.01,242.64,98.87,57.75,0.69,0
365,53,873.28,389.67,71.55,67.44,0.57,0
365,2,1707.29,375.29,53.56,50.11,0.70,0
366,38,1059.64,242.26,98.21,57.30,0.84,0
366,53,876.97,389.72,69.53,66.18,0.92,0
366,2,1710.97,374.79,52.27,50.42,0.44,0
367,38,1062.83,241.52,97.07,57.01,0.79,0
367,53,880.91,391.06,67.30,65.49,0.91,0
367,2,1714.35,374.37,52.26,49.92,0.48,0
368,38,1065.69,240.73,97.26,57.42,0.77,0
368,53,883.70,391.17,66.15,62.81,0.87,0
369,38,1071.46,240.29,94.06,57.45,0.74,0
369,53,886.34,391.43,66.42,64.13,0.91,0
369,2,1720.18,372.70,52.00,50.19,0.28,0
370,38,1071.09,240.69,95.73,55.96,0.80,0
370,53,888.89,390.35,66.87,66.55,0.91,0
371,38,1075.82,240.47,92.35,55.45,0.88,0
371,53,891.56,389.40,65.84,66.73,0.88,0
372,38,1079.22,239.44,93.03,56.89,0.84,0
372,53,894.33,387.96,65.83,66.74,0.88,0
372,2,1728.12,371.55,51.67,48.37,0.51,0
373,38,1081.83,238.95,94.64,57.20,0.70,0
373,53,896.19,387.15,67.22,66.24,0.88,0
373,2,1731.73,371.48,52.15,48.21,0.51,0
374,38,1082.49,237.82,96.93,58.98,0.80,0
374,53,897.75,387.44,68.20,66.18,0.88,0
374,2,1735.47,369.68,53.35,49.93,0.32,0
375,38,1085.49,237.99,98.21,58.68,0.83,0
375,53,900.50,389.18,67.56,64.17,0.61,0
375,2,1738.81,368.33,53.49,50.19,0.54,0
376,38,1090.03,238.89,96.67,57.60,0.76,0
376,53,905.09,388.41,66.32,64.32,0.87,0
376,2,1741.85,368.37,52.67,48.52,0.58,0
377,38,1092.10,238.91,97.22,57.71,0.55,0
377,53,910.25,389.21,65.14,65.01,0.90,0
377,2,1746.90,368.74,50.98,48.13,0.37,0
378,38,1098.54,238.52,93.98,57.52,0.75,0
378,53,915.27,388.41,64.69,65.64,0.90,0
379,38,1099.86,235.31,99.24,59.15,0.43,0
379,53,919.14,385.64,65.66,66.91,0.87,0
379,2,1759.38,364.94,55.43,51.17,0.71,0
380,38,1105.50,233.66,97.81,60.96,0.84,0
380,53,921.40,385.54,66.85,66.90,0.89,0
380,2,1764.52,364.09,53.90,50.58,0.69,0
381,38,1109.52,231.41,97.16,62.31,0.85,0
381,53,923.64,385.33,67.70,65.65,0.88,0
381,2,1769.93,364.15,52.88,50.01,0.69,0
382,38,1111.72,230.98,97.28,61.55,0.82,0
382,53,926.72,385.00,67.64,64.24,0.90,0
382,2,1772.58,363.69,52.78,48.41,0.43,0
383,38,1115.08,229.27,97.26,62.13,0.83,0
383,53,929.99,385.16,67.38,63.54,0.88,0
383,2,1775.32,360.70,59.16,50.97,0.37,0
384,38,1117.49,229.56,96.55,60.24,0.80,0
384,53,932.85,385.00,66.93,64.48,0.88,0
384,2,1776.88,359.45,60.46,51.48,0.54,0
385,38,1121.10,229.62,96.37,60.33,0.83,0
385,53,937.55,383.84,65.33,65.27,0.89,0
385,2,1781.53,359.84,56.94,51.13,0.61,0
386,38,1125.64,229.16,98.53,60.57,0.86,0
386,53,940.90,383.63,64.95,65.86,0.89,0
386,2,1785.82,359.96,57.61,49.88,0.62,0
387,38,1129.34,228.86,99.72,59.74,0.85,0
387,53,945.77,383.45,63.89,65.14,0.85,0
387,2,1794.04,359.47,54.87,49.71,0.56,0
388,38,1135.68,228.33,97.52,59.67,0.85,0
388,53,948.47,383.56,66.36,64.94,0.89,0
388,2,1799.01,358.85,54.35,50.01,0.28,0
389,38,1139.86,227.64,96.80,60.86,0.76,0
389,53,952.92,383.16,66.06,62.85,0.87,0
389,2,1803.92,357.59,54.32,50.21,0.63,0
390,53,958.36,382.96,65.06,64.23,0.87,0
390,2,1808.63,356.05,53.88,50.26,0.52,0
391,53,963.34,382.30,64.21,63.98,0.91,0
392,53,966.36,381.22,64.62,64.34,0.87,0
392,38,1153.10,226.97,97.31,59.02,0.78,0
392,2,1820.15,354.81,55.60,50.35,0.50,0
393,53,971.63,382.06,64.34,64.04,0.85,0
393,38,1158.88,226.92,95.66,58.56,0.83,0
393,2,1826.25,354.48,56.49,51.15,0.44,0
394,53,975.80,381.28,65.78,63.22,0.90,0
394,38,1164.33,226.25,95.28,59.34,0.79,0
394,2,1832.70,353.74,55.54,51.05,0.47,0
395,53,983.16,381.86,65.08,60.75,0.87,0
395,2,1842.85,354.62,53.81,48.52,0.55,0
396,53,990.03,381.87,64.31,61.50,0.86,0
396,2,1850.24,352.63,56.41,52.40,0.66,0
396,38,1178.59,224.58,96.03,60.19,0.79,0
397,53,997.49,382.31,64.07,62.21,0.86,0
397,2,1859.45,352.16,55.04,52.70,0.46,0
397,38,1186.03,224.14,96.29,60.53,0.84,0
398,53,1005.55,382.97,63.47,60.81,0.86,0
398,38,1194.19,224.35,95.37,60.57,0.52,0
399,53,1013.60,380.99,62.82,62.36,0.89,0
399,38,1202.96,223.87,95.37,60.20,0.87,0
399,2,1880.12,351.23,39.88,51.55,0.59,0
400,53,1021.33,379.91,64.83,63.76,0.87,0
400,38,1212.25,223.76,94.70,59.79,0.78,0
401,53,1029.73,380.26,64.22,62.13,0.85,0
401,38,1218.07,224.01,97.23,58.43,0.28,0
402,53,1036.05,379.20,63.06,62.25,0.87,0
402,38,1226.10,221.97,97.70,59.74,0.88,0
403,53,1043.06,379.27,62.10,63.37,0.84,0
403,38,1233.02,222.05,98.07,59.86,0.89,0
404,53,1049.53,380.02,62.87,61.47,0.87,0
404,38,1238.83,221.48,98.33,59.65,0.71,0
405,53,1057.31,378.67,62.10,62.15,0.88,0
405,38,1244.65,220.13,101.29,58.94,0.81,0
406,53,1063.18,377.02,62.21,64.46,0.85,0
406,38,1250.41,220.04,101.71,58.19,0.86,0
407,53,1068.25,376.32,65.14,65.85,0.88,0
407,38,1254.69,218.29,105.59,56.56,0.67,0
408,53,1077.31,375.65,65.18,65.59,0.88,0
408,38,1266.14,216.94,103.14,56.80,0.65,0
409,53,1086.15,373.48,65.34,67.00,0.86,0
409,38,1275.00,216.54,103.48,58.09,0.83,0
410,53,1096.29,373.86,65.06,64.36,0.87,0
410,38,1285.39,215.47,102.14,57.51,0.55,0
411,53,1105.71,373.01,64.27,65.23,0.91,0
411,38,1297.53,214.10,99.79,58.28,0.76,0
412,53,1113.26,372.59,63.79,66.11,0.87,0
413,53,1119.40,370.58,65.10,65.82,0.88,0
413,38,1314.52,212.12,99.33,59.04,0.83,0
414,53,1126.55,371.26,64.74,66.22,0.89,0
414,38,1319.77,211.06,100.47,58.25,0.57,0
415,53,1131.46,369.70,64.40,66.75,0.90,0
415,38,1324.47,211.42,101.29,58.34,0.83,0
416,53,1135.83,369.74,64.91,66.81,0.86,0
416,38,1330.27,210.01,100.60,59.99,0.31,0
417,53,1139.59,368.09,66.00,67.95,0.71,0
417,38,1333.03,207.95,104.01,61.44,0.64,0
418,53,1143.94,368.07,65.27,65.70,0.56,0
418,38,1338.40,206.87,103.81,62.78,0.85,0
419,53,1149.79,369.62,64.20,66.16,0.88,0
419,38,1342.79,206.20,103.12,62.05,0.83,0
420,53,1153.70,368.80,64.78,66.85,0.92,0
420,38,1344.31,205.79,105.46,61.77,0.82,0
421,53,1158.15,368.32,65.08,66.56,0.83,0
421,38,1351.16,205.25,104.85,61.53,0.85,0
422,53,1161.68,367.52,65.84,66.82,0.54,0
422,38,1355.74,204.80,105.87,60.93,0.38,0
423,53,1167.06,366.55,67.29,64.71,0.90,0
423,38,1361.28,204.29,106.16,61.25,0.86,0
424,53,1173.09,367.39,65.72,64.43,0.89,0
424,38,1368.13,203.96,104.71,61.16,0.84,0
425,53,1178.24,367.00,65.21,64.81,0.90,0
425,38,1371.30,203.09,106.33,60.26,0.75,0
426,53,1183.04,365.23,66.32,63.28,0.87,0
426,38,1378.89,201.41,104.06,59.95,0.68,0
427,53,1185.85,364.86,68.37,65.66,0.88,0
427,38,1382.24,198.56,107.81,62.82,0.59,0
428,53,1191.42,364.92,67.05,65.17,0.88,0
429,53,1196.79,365.15,65.46,64.38,0.89,0
429,38,1391.75,198.79,106.89,62.61,0.45,0
430,53,1201.79,364.24,63.93,64.57,0.90,0
430,38,1396.97,199.11,105.72,60.68,0.72,0
431,53,1205.42,363.61,63.75,65.38,0.88,0
431,38,1403.37,198.57,102.55,60.32,0.81,0
432,53,1208.56,363.79,65.14,65.14,0.88,0
432,38,1405.60,197.63,105.75,59.75,0.73,0
433,53,1210.62,363.77,66.26,64.61,0.88,0
433,38,1410.08,197.20,105.45,60.63,0.84,0
434,53,1213.90,362.52,67.15,65.59,0.89,0
434,38,1415.67,196.49,104.20,62.17,0.88,0
435,53,1218.78,362.17,66.98,64.57,0.89,0
435,38,1419.67,197.26,105.25,61.18,0.83,0
436,53,1221.99,361.72,66.16,65.54,0.89,0
436,38,1422.65,195.20,106.13,63.74,0.75,0
437,53,1226.38,360.46,64.97,67.04,0.90,0
437,38,1426.07,194.67,105.25,63.37,0.77,0
438,53,1229.10,359.69,63.91,66.26,0.88,0
438,38,1427.04,193.90,107.57,62.62,0.45,0
439,53,1231.80,360.41,65.10,65.80,0.87,0
439,38,1430.11,193.34,109.12,62.18,0.54,0
440,53,1233.93,359.95,66.49,66.96,0.88,0
440,38,1435.57,192.85,106.92,63.23,0.79,0
441,53,1237.30,359.71,66.57,65.27,0.89,0
441,38,1440.14,192.75,104.76,63.83,0.76,0
442,53,1240.14,358.78,66.62,64.82,0.88,0
442,38,1443.27,192.66,105.16,63.69,0.83,0
443,53,1242.17,358.83,66.90,64.72,0.86,0
443,38,1445.61,191.85,107.46,65.00,0.80,0
444,53,1244.99,358.08,67.48,66.32,0.88,0
444,38,1448.83,192.37,106.09,63.11,0.64,0
445,53,1248.56,357.54,66.49,66.29,0.91,0
445,38,1451.59,192.01,105.43,61.87,0.40,0
446,53,1250.30,356.52,66.65,67.56,0.90,0
446,38,1454.83,191.72,105.07,61.39,0.79,0
447,53,1252.62,356.77,65.66,67.37,0.87,0
447,38,1456.59,190.52,106.42,61.66,0.54,0
448,53,1255.36,357.27,64.95,66.41,0.84,0
448,38,1459.35,189.18,107.56,64.84,0.46,0
449,53,1258.18,357.61,65.04,66.57,0.85,0
449,38,1461.86,189.07,108.43,64.62,0.56,0
450,53,1260.15,358.51,65.59,65.56,0.88,0
450,38,1465.10,190.16,107.13,63.33,0.83,0
451,53,1261.39,358.33,66.50,64.08,0.84,0
451,38,1467.83,190.31,107.00,64.27,0.83,0
452,53,1262.67,357.02,67.00,63.88,0.88,0
452,38,1469.12,189.44,108.80,65.52,0.52,0
453,53,1265.49,357.55,65.22,61.74,0.84,0
453,38,1469.40,188.65,108.76,64.87,0.71,0
454,53,1266.61,357.84,65.10,61.73,0.86,0
454,38,1470.01,187.70,108.90,66.13,0.85,0
455,53,1267.70,357.83,65.53,63.35,0.87,0
455,38,1471.01,187.93,110.04,64.99,0.75,0
456,53,1270.01,357.17,65.54,62.97,0.87,0
456,38,1473.91,188.10,109.38,63.60,0.71,0
457,53,1272.93,356.61,64.28,63.29,0.88,0
457,38,1473.90,187.97,110.45,63.35,0.52,0
458,53,1274.71,356.48,63.66,63.29,0.89,0
458,38,1476.49,187.87,110.40,63.26,0.75,0
459,53,1276.45,356.16,62.63,64.02,0.88,0
459,38,1480.11,187.27,107.62,62.98,0.63,0
460,53,1277.87,355.29,62.57,64.02,0.85,0
461,53,1278.48,353.73,63.09,65.65,0.84,0
461,38,1479.90,185.17,112.01,65.66,0.36,0
462,53,1280.33,354.20,64.05,65.21,0.85,0
462,38,1486.18,184.13,107.58,66.00,0.74,0
463,53,1281.52,353.70,65.61,65.68,0.85,0
463,38,1489.93,183.19,106.22,66.92,0.78,0
464,53,1283.82,353.52,66.63,67.15,0.87,0
464,38,1493.63,183.05,105.86,66.31,0.81,0
465,53,1286.73,355.31,64.81,63.07,0.79,0
465,38,1496.38,182.38,105.88,66.19,0.64,0
466,53,1289.90,355.60,63.25,62.10,0.86,0
466,38,1498.83,181.56,106.70,66.56,0.84,0
467,53,1290.37,353.48,65.57,64.55,0.88,0
467,38,1500.83,181.49,106.49,65.91,0.83,0
468,53,1293.89,353.29,64.33,64.72,0.89,0
468,38,1502.43,181.06,108.17,65.99,0.85,0
469,53,1296.83,351.84,63.60,65.71,0.89,0
469,38,1503.81,181.00,108.49,65.14,0.57,0
470,53,1299.24,351.11,62.77,65.49,0.90,0
470,38,1504.56,180.77,109.66,65.39,0.66,0
471,53,1300.22,350.76,62.92,66.42,0.90,0
471,38,1508.65,180.69,107.93,66.40,0.88,0
472,53,1301.68,350.80,63.23,66.51,0.89,0
472,38,1511.52,180.75,106.48,66.20,0.88,0
473,53,1303.07,349.42,65.66,69.04,0.88,0
473,38,1514.76,180.41,106.00,66.58,0.87,0
474,53,1303.50,348.24,67.02,70.94,0.88,0
474,38,1516.16,180.10,106.95,66.92,0.87,0
475,53,1306.29,348.78,65.48,69.68,0.87,0
475,38,1516.47,179.60,108.20,67.42,0.87,0
476,53,1307.54,348.46,66.90,70.39,0.88,0
476,38,1516.99,179.16,109.71,67.71,0.86,0
477,53,1308.91,347.82,66.37,69.92,0.84,0
477,38,1516.59,178.67,112.20,66.89,0.84,0
478,53,1310.05,347.81,67.27,68.57,0.88,0
478,38,1519.23,178.45,109.68,67.05,0.86,0
479,53,1313.52,347.77,64.95,66.20,0.85,0
479,38,1521.47,178.13,109.50,66.40,0.82,0
480,53,1315.30,347.13,65.73,67.69,0.86,0
480,38,1523.72,178.35,109.63,65.45,0.80,0
481,53,1316.78,347.81,65.97,67.17,0.87,0
481,38,1525.77,178.93,109.48,64.82,0.44,0
482,53,1318.82,348.21,65.26,67.11,0.88,0
482,38,1526.64,178.49,110.63,64.77,0.50,0
483,53,1319.68,347.78,65.21,67.28,0.89,0
483,38,1528.50,178.32,110.96,64.66,0.63,0
484,53,1320.15,346.99,66.34,68.11,0.90,0
484,38,1529.91,177.72,111.63,64.39,0.79,0
485,53,1322.20,346.64,65.21,66.34,0.89,0
485,38,1531.49,176.62,111.16,64.78,0.51,0
486,53,1323.14,345.88,65.46,67.34,0.88,0
486,38,1532.06,176.27,111.17,65.20,0.75,0
487,53,1324.25,344.70,67.16,68.15,0.87,0
487,38,1532.58,175.06,113.58,65.05,0.62,0
488,53,1325.92,345.33,67.53,67.98,0.86,0
488,38,1536.71,175.13,110.75,65.25,0.89,0
489,53,1327.82,345.41,68.28,68.62,0.86,0
489,38,1541.21,174.60,109.39,66.19,0.89,0
490,53,1329.41,344.85,68.63,69.13,0.87,0
491,53,1332.82,344.44,66.80,66.64,0.87,0
491,38,1544.67,173.49,108.70,66.35,0.75,0
492,53,1334.05,342.46,67.15,68.12,0.69,0
492,38,1547.85,173.78,107.79,64.38,0.81,0
493,53,1336.83,343.27,67.24,66.12,0.66,0
494,53,1339.66,344.25,65.69,66.66,0.86,0
494,38,1550.65,171.62,111.62,66.18,0.66,0
495,53,1341.09,344.22,66.18,67.69,0.89,0
495,38,1553.13,171.31,110.99,66.80,0.85,0
496,53,1342.91,343.71,66.72,67.39,0.90,0
496,38,1556.13,170.80,110.40,66.98,0.90,0
497,53,1343.94,343.39,67.23,67.50,0.92,0
497,38,1560.57,170.33,107.96,67.45,0.91,0
498,53,1347.26,342.61,67.22,67.23,0.88,0
498,38,1563.96,169.63,108.98,67.19,0.87,0
499,53,1349.07,341.60,68.08,66.13,0.89,0
499,38,1564.90,168.02,109.89,68.24,0.76,0
500,53,1351.22,341.88,68.29,66.36,0.83,0
500,38,1566.78,167.19,111.07,69.77,0.81,0
501,53,1353.01,341.74,67.48,66.31,0.87,0
501,38,1566.73,167.18,111.95,69.16,0.78,0
502,53,1354.08,340.72,69.31,67.97,0.67,0
502,38,1569.41,167.13,111.20,69.21,0.88,0
503,53,1358.12,341.05,67.17,65.75,0.89,0
503,38,1572.84,167.59,111.01,67.71,0.87,0
504,53,1359.93,340.54,67.55,66.90,0.88,0
504,38,1574.97,167.27,111.88,68.05,0.87,0
505,53,1362.37,340.52,67.61,66.85,0.88,0
505,38,1575.65,168.11,112.61,65.22,0.84,0
506,53,1365.34,339.73,67.26,67.74,0.89,0
506,38,1579.66,167.01,109.79,63.90,0.46,0
507,53,1368.66,339.23,66.35,69.03,0.89,0
507,38,1582.95,166.68,109.44,62.10,0.74,0
508,53,1372.15,339.44,64.10,66.80,0.87,0
508,38,1586.54,166.38,109.03,63.21,0.86,0
509,53,1373.52,339.13,66.35,67.99,0.88,0
509,38,1589.41,164.23,109.20,65.46,0.84,0
510,53,1375.48,338.03,67.45,68.41,0.87,0
510,38,1591.28,162.76,110.81,67.83,0.84,0
511,53,1376.42,338.53,67.61,67.89,0.87,0
511,38,1592.17,162.94,111.66,67.05,0.75,0
512,53,1379.57,337.89,67.23,67.66,0.39,0
512,38,1593.67,163.05,113.07,65.66,0.85,0
513,53,1381.10,337.56,68.12,67.60,0.90,0
513,38,1594.15,162.71,114.52,64.34,0.74,0
514,53,1382.81,337.28,67.74,66.83,0.88,0
514,38,1598.23,162.18,112.25,63.75,0.83,0
515,53,1386.11,337.08,67.64,66.86,0.88,0
515,38,1601.70,161.34,111.19,64.59,0.86,0
516,53,1388.73,335.97,67.59,67.72,0.89,0
516,38,1604.94,160.40,110.36,64.83,0.86,0
517,53,1390.64,335.32,67.73,68.52,0.91,0
517,38,1606.95,159.26,112.58,66.76,0.77,0
518,53,1392.67,334.83,67.99,69.98,0.90,0
518,38,1611.08,158.94,111.07,66.64,0.84,0
519,53,1395.44,333.59,66.73,70.01,0.87,0
519,38,1612.89,158.36,112.48,66.76,0.84,0
520,53,1397.44,333.39,67.23,70.01,0.86,0
520,38,1616.18,157.64,111.55,67.30,0.87,0
521,53,1399.44,333.26,68.20,70.27,0.86,0
521,38,1618.28,157.27,113.53,67.98,0.81,0
522,53,1401.32,332.88,70.47,70.71,0.89,0
522,38,1619.79,156.89,114.51,67.47,0.79,0
523,53,1403.31,333.58,70.33,68.40,0.80,0
523,38,1622.22,156.01,113.88,66.92,0.69,0
524,53,1405.41,332.65,70.37,68.44,0.89,0
524,38,1623.47,155.57,114.68,66.40,0.74,0
525,53,1408.22,333.48,68.67,67.12,0.88,0
525,38,1624.55,155.56,114.61,64.66,0.67,0
526,53,1410.58,333.23,69.05,67.59,0.89,0
526,38,1629.46,155.42,114.07,64.28,0.86,0
527,53,1412.75,333.16,69.29,68.08,0.91,0
527,38,1633.24,154.54,113.53,66.22,0.88,0
528,53,1416.24,332.38,67.60,67.73,0.89,0
528,38,1635.41,154.48,112.88,66.41,0.88,0
529,53,1418.80,331.24,67.21,68.57,0.89,0
529,38,1637.67,154.15,113.77,67.28,0.81,0
530,53,1421.01,330.18,66.89,68.82,0.83,0
530,38,1642.09,153.51,113.92,67.60,0.89,0
531,53,1422.16,329.47,69.20,70.61,0.85,0
531,38,1644.04,153.55,115.04,65.74,0.79,0
532,53,1423.49,328.45,71.14,70.23,0.85,0
532,38,1647.04,154.55,114.19,63.22,0.72,0
533,53,1428.14,329.89,69.18,68.04,0.90,0
533,38,1649.01,153.43,114.41,63.68,0.85,0
534,53,1431.95,330.79,65.92,65.18,0.88,0
534,38,1649.95,151.00,116.97,65.43,0.68,0
535,53,1433.63,329.01,67.82,66.55,0.88,0
535,38,1652.05,149.97,117.66,66.42,0.80,0
536,53,1436.17,327.59,67.94,67.66,0.88,0
536,38,1654.83,150.40,117.63,66.36,0.86,0
537,53,1439.31,326.98,66.67,67.93,0.89,0
537,38,1657.08,150.46,118.22,67.12,0.84,0
538,53,1442.58,327.43,65.37,67.78,0.89,0
538,38,1659.33,150.46,118.68,66.64,0.69,0
539,53,1444.13,326.54,66.05,69.25,0.89,0
539,38,1662.63,150.47,118.83,67.14,0.82,0
540,53,1445.41,326.19,67.89,69.91,0.89,0
540,38,1666.99,149.20,118.59,67.11,0.54,0
541,53,1446.09,325.95,70.12,71.13,0.87,0
541,38,1669.64,150.49,118.26,64.34,0.34,0
542,53,1448.45,326.51,70.65,71.14,0.87,0
542,38,1671.35,149.72,117.53,64.89,0.53,0
543,38,1672.21,147.42,119.24,66.41,0.79,0
544,38,1672.16,145.78,121.80,67.60,0.63,0
544,53,1455.08,328.98,67.86,66.65,0.89,0
545,38,1663.40,146.57,137.32,68.28,0.33,0
545,53,1457.63,327.42,68.49,67.36,0.88,0
546,38,1672.66,147.30,127.55,68.24,0.76,0
546,53,1458.45,326.81,68.75,67.95,0.88,0
547,38,1679.93,147.70,120.98,66.99,0.26,0
547,53,1461.96,326.59,67.30,67.78,0.89,0
548,38,1684.47,148.10,119.51,67.79,0.84,0
548,53,1465.48,326.36,65.17,67.21,0.89,0
549,38,1684.76,148.79,118.12,66.96,0.52,0
549,53,1465.51,327.57,64.24,66.14,0.89,0
550,38,1686.27,147.62,122.03,66.57,0.68,0
550,53,1468.42,327.03,64.74,67.43,0.88,0
551,38,1690.97,147.68,120.57,66.59,0.45,0
551,53,1469.54,325.77,67.04,69.02,0.88,0
552,38,1694.48,148.87,119.16,65.87,0.48,0
552,53,1469.61,324.84,68.98,71.14,0.88,0
553,38,1697.96,147.33,118.59,67.50,0.84,0
553,53,1471.84,324.88,70.99,72.58,0.88,0
554,38,1700.80,146.39,118.40,68.47,0.85,0
554,53,1476.02,327.41,68.44,68.12,0.71,0
555,38,1695.49,145.67,126.84,69.08,0.43,0
555,53,1479.64,329.50,66.40,65.72,0.88,0
556,38,1700.95,146.74,123.69,69.13,0.34,0
556,53,1482.65,327.79,67.08,66.86,0.88,0
557,53,1484.08,327.07,67.76,67.72,0.87,0
558,53,1487.03,326.25,67.53,69.01,0.90,0
558,38,1708.08,148.26,123.70,67.94,0.77,0
559,53,1489.23,325.85,66.20,68.53,0.90,0
559,38,1706.60,148.99,128.33,67.03,0.61,0
560,53,1492.23,325.43,66.61,69.89,0.89,0
560,38,1706.93,149.35,130.21,64.23,0.58,0
561,53,1493.59,324.12,67.92,71.47,0.89,0
561,38,1713.57,146.94,125.65,66.72,0.84,0
562,53,1494.79,323.33,70.21,73.16,0.88,0
562,38,1717.24,145.14,124.65,67.60,0.83,0
563,53,1495.79,322.37,73.10,74.66,0.88,0
563,38,1721.22,143.84,123.93,68.95,0.53,0
564,53,1499.28,322.85,71.81,71.91,0.90,0
564,38,1724.82,142.91,122.92,69.86,0.39,0
565,53,1503.30,323.62,71.12,70.22,0.87,0
565,38,1727.95,142.69,123.44,70.20,0.55,0
566,53,1507.76,324.27,68.86,69.26,0.89,0
566,38,1730.57,142.86,123.70,68.98,0.62,0
567,53,1509.44,323.57,69.52,69.27,0.91,0
567,38,1737.42,143.27,120.65,68.83,0.78,0
568,53,1511.77,323.01,69.27,69.93,0.91,0
568,38,1742.34,143.28,118.64,68.25,0.71,0
569,53,1514.47,322.57,69.43,70.80,0.90,0
569,38,1745.41,142.99,120.01,69.69,0.87,0
570,53,1517.09,321.89,70.37,72.42,0.87,0
570,38,1750.74,142.17,118.11,69.85,0.68,0
571,53,1518.45,321.46,72.27,73.91,0.87,0
571,38,1754.04,142.18,116.87,69.69,0.81,0
572,53,1521.56,320.72,72.74,73.53,0.88,0
572,38,1756.08,141.80,118.84,69.91,0.82,0
573,53,1524.94,320.85,71.77,72.58,0.87,0
573,38,1756.66,141.47,120.66,70.99,0.84,0
574,53,1529.46,321.76,70.04,71.08,0.87,0
574,38,1758.05,141.42,123.09,70.34,0.83,0
575,53,1533.65,322.65,68.09,69.91,0.89,0
575,38,1761.02,141.48,123.09,69.87,0.84,0
576,53,1534.98,321.83,69.63,70.74,0.92,0
576,38,1766.42,139.90,121.79,71.43,0.83,0
577,53,1536.65,320.42,70.57,72.27,0.91,0
577,38,1772.54,138.97,119.34,71.17,0.73,0
578,53,1539.59,320.09,72.84,74.27,0.88,0
578,38,1778.13,136.88,117.86,73.23,0.67,0
579,53,1542.01,319.43,73.59,74.60,0.88,0
579,38,1780.49,137.57,119.11,71.53,0.85,0
580,53,1544.47,318.80,73.99,74.30,0.53,0
580,38,1782.42,137.76,121.23,72.55,0.89,0
581,53,1550.86,320.03,70.83,71.10,0.87,0
581,38,1785.99,137.27,122.69,73.73,0.87,0
582,53,1554.18,321.46,70.31,70.53,0.88,0
582,38,1789.88,136.75,123.33,72.99,0.85,0
583,53,1557.52,321.95,69.39,70.24,0.90,0
583,38,1793.85,136.76,121.65,72.90,0.84,0
584,53,1558.80,321.59,70.69,71.24,0.91,0
584,38,1797.86,135.85,119.93,73.65,0.51,0
585,53,1560.97,320.52,71.53,71.76,0.88,0
585,38,1801.00,137.25,118.89,70.93,0.58,0
586,53,1563.32,319.98,73.60,73.88,0.88,0
586,38,1802.67,139.31,117.33,69.09,0.83,0
587,53,1565.91,319.45,73.72,74.25,0.87,0
587,38,1803.77,140.17,116.23,69.00,0.82,0
588,53,1569.02,318.52,74.11,74.76,0.89,0
588,38,1806.44,140.96,113.56,68.52,0.78,0
589,53,1573.72,319.71,71.34,71.68,0.86,0
589,38,1807.30,143.23,112.70,64.98,0.59,0
590,53,1577.75,320.92,70.44,71.14,0.87,0
590,38,1812.46,143.65,107.54,64.58,0.76,0
591,53,1581.69,321.82,69.65,70.21,0.91,0
591,38,1816.50,143.05,103.50,65.52,0.78,0
592,53,1583.30,321.62,70.38,71.12,0.92,0
592,38,1822.73,141.92,97.27,66.86,0.77,0
593,53,1585.43,320.32,71.54,71.97,0.89,0
593,38,1827.36,141.73,92.64,66.49,0.86,0
594,53,1587.65,319.55,73.57,74.86,0.88,0
594,38,1828.73,143.16,91.27,66.42,0.83,0
595,53,1590.70,319.38,74.12,74.85,0.89,0
595,38,1831.10,145.31,88.90,64.72,0.75,0
596,53,1593.27,318.66,74.27,74.86,0.90,0
596,38,1833.21,145.23,86.79,64.85,0.71,0
596,193,1180.46,471.65,29.13,24.48,0.50,0
597,53,1598.55,319.29,71.92,72.15,0.87,0
597,38,1837.70,143.57,82.30,66.27,0.79,0
598,53,1601.80,320.29,71.05,71.61,0.88,0
598,38,1839.91,142.80,80.09,66.64,0.69,0
599,53,1604.74,321.14,70.48,70.65,0.91,0
599,38,1843.68,142.94,76.32,66.62,0.75,0
600,53,1606.73,321.17,71.10,71.14,0.92,0
600,38,1848.02,143.09,71.98,66.09,0.85,0
601,53,1609.35,320.44,72.23,72.12,0.89,0
601,38,1851.04,143.26,68.96,67.01,0.86,0
602,53,1612.14,318.93,74.60,74.54,0.88,0
602,38,1856.00,145.37,64.00,64.80,0.63,0
603,53,1616.88,318.98,73.65,74.10,0.87,0
604,53,1622.58,319.04,71.45,72.86,0.87,0
605,53,1627.11,320.52,71.08,72.14,0.89,0
606,53,1631.26,320.71,70.83,72.51,0.92,0
606,38,1875.62,141.85,44.38,68.47,0.38,0
607,53,1633.72,319.96,73.31,74.05,0.89,0
608,53,1637.32,319.10,74.52,74.83,0.88,0
609,53,1642.53,319.01,74.51,74.35,0.89,0
610,53,1652.90,319.98,72.57,72.57,0.91,0
611,53,1656.13,319.50,73.30,72.25,0.89,0
612,53,1660.23,318.81,74.71,72.94,0.88,0
613,53,1666.76,318.71,73.85,73.29,0.89,0
614,53,1673.27,319.87,72.65,72.43,0.89,0
615,53,1679.55,320.14,71.63,72.24,0.91,0
616,53,1683.96,318.37,74.06,74.51,0.89,0
617,53,1690.22,317.70,73.74,74.16,0.90,0
618,53,1696.46,317.78,73.19,73.71,0.89,0
619,53,1701.96,318.40,72.40,72.91,0.91,0
620,53,1705.61,316.95,74.64,73.81,0.89,0
620,197,1277.25,467.06,28.45,26.46,0.43,0
621,53,1712.28,315.48,74.16,74.97,0.90,0
622,53,1718.72,315.97,73.32,74.31,0.89,0
623,53,1724.89,316.00,72.97,73.76,0.92,0
624,53,1730.03,315.01,73.19,74.22,0.91,0
625,53,1736.13,314.51,74.36,73.22,0.67,0
626,53,1741.85,315.25,73.78,73.31,0.90,0
627,53,1745.50,314.43,73.89,73.90,0.72,0
628,53,1749.29,313.23,74.16,75.48,0.89,0
629,53,1753.85,313.28,73.34,74.58,0.50,0
630,53,1757.02,313.44,73.90,74.72,0.86,0
630,197,1318.42,465.11,33.82,26.41,0.28,0
631,53,1760.92,312.95,75.21,75.30,0.89,0
631,197,1321.71,463.41,34.53,27.68,0.45,0
632,53,1765.31,312.70,74.43,74.51,0.90,0
633,53,1768.71,312.78,74.46,74.43,0.91,0
634,53,1772.02,311.64,73.63,75.10,0.91,0
635,53,1774.73,310.95,74.98,77.66,0.91,0
636,53,1777.45,310.61,75.35,76.47,0.90,0
637,53,1780.28,311.12,75.90,76.03,0.91,0
638,53,1782.55,311.53,75.41,74.91,0.73,0
639,53,1784.70,311.20,75.40,74.66,0.91,0
640,53,1785.47,310.21,77.93,77.02,0.90,0
641,53,1787.78,309.52,78.94,77.78,0.91,0
642,53,1788.91,308.76,79.66,77.76,0.92,0
643,53,1792.64,308.86,78.70,77.08,0.92,0
644,53,1795.03,307.66,78.91,78.21,0.92,0
645,53,1796.51,307.33,80.15,78.83,0.92,0
646,53,1800.34,307.63,79.71,78.82,0.91,0
647,53,1802.45,308.08,79.73,78.32,0.90,0
648,53,1806.77,309.49,78.91,76.38,0.92,0
649,53,1808.08,308.27,79.98,77.69,0.92,0
650,53,1810.18,308.03,80.01,78.26,0.91,0
651,53,1812.48,307.77,79.83,78.39,0.93,0
652,53,1815.09,307.53,78.38,76.95,0.93,0
653,53,1817.22,306.68,79.13,77.66,0.94,0
654,53,1820.68,306.33,78.81,77.35,0.93,0
655,53,1822.85,305.02,79.47,76.68,0.91,0
656,53,1823.90,302.85,80.40,79.24,0.91,0
657,53,1826.27,301.82,80.70,79.88,0.92,0
658,53,1827.12,300.72,80.94,80.24,0.92,0
659,53,1829.89,301.86,79.49,77.07,0.80,0
660,53,1832.97,301.11,78.75,77.00,0.90,0
661,53,1835.38,300.80,77.45,76.02,0.89,0
662,53,1838.16,301.02,77.02,75.41,0.91,0
663,53,1839.95,300.29,75.85,75.69,0.91,0
664,53,1842.35,299.71,74.34,75.91,0.91,0
665,53,1844.76,299.51,72.94,76.69,0.92,0
666,53,1845.70,299.46,72.04,77.33,0.92,0
667,53,1846.92,298.92,71.77,77.49,0.91,0
668,53,1848.64,298.69,70.45,76.93,0.90,0
669,53,1850.43,298.65,69.53,77.00,0.89,0
670,53,1850.88,298.19,69.12,76.94,0.89,0
671,53,1852.58,298.23,67.42,76.73,0.88,0
672,53,1854.12,297.95,65.88,76.24,0.88,0
673,53,1855.49,297.36,64.51,76.08,0.87,0
674,53,1857.18,296.69,62.82,75.88,0.77,0
675,53,1860.19,295.67,59.81,75.96,0.87,0
676,53,1862.59,295.25,57.41,74.99,0.87,0
677,53,1866.46,293.35,53.54,75.20,0.88,0
678,53,1869.87,292.33,50.13,75.49,0.85,0
679,53,1874.04,292.12,45.96,73.75,0.87,0
680,53,1879.92,292.87,40.08,68.79,0.67,0
693,225,1576.82,403.44,30.67,27.43,0.43,0
694,225,1588.33,403.20,28.96,26.76,0.45,0
696,225,1609.41,402.51,29.90,25.99,0.42,0
697,225,1619.01,401.98,29.73,26.48,0.29,0
698,225,1627.91,401.16,30.64,27.60,0.42,0
699,225,1636.82,401.47,29.59,27.86,0.28,0
700,225,1645.87,401.19,27.70,26.89,0.32,0
700,231,1596.37,443.25,31.53,27.17,0.37,0
701,225,1653.52,401.33,28.37,26.56,0.45,0
701,231,1604.11,442.00,33.10,25.71,0.44,0
702,225,1659.64,401.81,28.84,26.20,0.49,0
702,231,1609.58,442.18,34.65,26.82,0.64,0
703,225,1663.29,401.91,28.59,26.70,0.32,0
703,231,1615.75,444.78,30.51,24.60,0.47,0
704,231,1619.23,443.49,32.53,25.52,0.49,0
705,231,1623.83,441.81,35.56,25.89,0.52,0
705,225,1672.66,401.45,27.69,26.07,0.29,0
706,231,1628.05,441.78,34.33,25.34,0.46,0
706,225,1676.69,401.47,26.66,25.66,0.34,0
707,231,1629.79,441.98,37.80,26.32,0.54,0
707,225,1679.27,401.54,27.69,26.58,0.35,0
708,231,1632.30,442.57,37.47,26.75,0.49,0
708,225,1682.88,402.00,27.85,26.37,0.47,0
710,238,1464.62,238.58,29.67,60.47,0.34,0
710,225,1685.84,402.05,29.37,27.38,0.28,0
712,231,1643.55,445.74,31.55,26.92,0.46,0
712,225,1694.68,401.94,27.08,27.11,0.33,0
713,231,1648.13,444.13,33.44,28.92,0.49,0
714,231,1651.42,443.64,34.68,28.56,0.43,0
714,225,1700.52,402.42,30.94,27.84,0.28,0
715,231,1653.76,443.53,37.84,29.14,0.46,0
715,225,1703.49,402.55,30.71,26.92,0.31,0
716,225,1705.92,403.32,29.93,25.61,0.32,0
717,225,1707.48,403.98,29.44,25.48,0.31,0
718,225,1710.61,403.70,28.75,25.83,0.25,0
720,225,1719.02,404.05,26.46,26.14,0.26,0
722,225,1725.33,402.93,28.03,27.45,0.53,0
723,225,1727.47,403.04,29.24,27.42,0.46,0
723,238,1502.89,240.19,29.90,59.28,0.40,0
724,225,1732.18,404.09,27.47,25.54,0.34,0
726,238,1512.07,237.73,30.58,62.68,0.27,0
726,225,1734.53,402.93,30.30,27.21,0.30,0
727,238,1514.65,238.27,30.32,61.93,0.28,0
727,225,1741.08,402.71,28.24,27.20,0.40,0
728,225,1745.39,403.41,27.52,27.13,0.26,0
729,225,1749.17,402.71,27.75,27.69,0.51,0
730,225,1751.57,403.26,28.76,27.58,0.41,0
736,225,1773.61,405.29,28.33,25.27,0.27,0
738,238,1550.00,239.44,30.46,60.22,0.26,0
741,238,1560.10,239.17,30.69,62.76,0.34,0
759,238,1645.67,241.54,30.83,61.87,0.37,0
775,238,1787.22,239.56,31.82,63.16,0.43,0
776,238,1798.23,238.42,31.70,66.11,0.30,0
777,238,1809.87,237.03,32.29,66.89,0.30,0
843,257,858.79,454.98,42.43,48.37,0.45,0
847,257,885.87,456.30,38.30,46.20,0.27,0
850,257,904.61,450.27,39.77,51.64,0.28,0
851,257,911.38,451.56,39.06,49.76,0.31,0
877,257,1052.14,431.60,44.65,49.57,0.28,0
