9,1,784.12,512.60,38.65,42.76,0.56,0
10,1,782.51,511.71,37.75,42.84,0.56,0
11,1,781.11,511.83,36.94,42.17,0.48,0
13,1,776.16,506.53,36.74,44.00,0.52,0
14,1,773.85,503.42,35.77,43.59,0.42,0
15,1,772.12,499.75,35.90,43.15,0.41,0
20,1,759.67,471.49,40.05,43.77,0.31,0
23,1,747.03,457.32,38.51,45.56,0.35,0
26,1,724.69,446.76,36.78,43.68,0.43,0
28,1,710.97,443.55,38.61,43.08,0.54,0
29,1,705.72,441.15,36.67,42.37,0.28,0
30,1,697.48,438.63,39.12,45.59,0.34,0
31,1,686.14,438.11,38.24,43.85,0.71,0
32,1,674.15,435.24,39.23,45.29,0.49,0
33,1,664.25,432.55,40.74,46.52,0.51,0
35,1,643.78,430.55,40.74,47.98,0.53,0
37,1,623.36,430.12,40.28,46.79,0.40,0
38,1,610.42,426.58,42.11,48.41,0.61,0
39,1,599.84,426.64,41.68,47.72,0.68,0
40,1,591.22,426.66,42.97,47.77,0.59,0
41,1,580.65,428.04,41.19,45.03,0.45,0
42,1,569.48,426.80,42.18,46.75,0.50,0
43,1,559.83,425.87,42.82,47.10,0.45,0
44,1,550.76,426.57,42.91,47.42,0.71,0
45,1,544.56,425.91,42.98,47.38,0.71,0
46,1,538.67,426.24,42.85,47.60,0.77,0
47,1,533.95,426.62,41.08,46.68,0.62,0
48,1,528.24,426.58,41.59,46.42,0.76,0
49,1,524.48,425.37,41.05,46.29,0.70,0
50,1,521.94,425.46,42.17,46.15,0.68,0
51,1,518.58,426.62,43.78,48.56,0.39,0
52,1,514.48,427.40,43.41,48.48,0.56,0
53,1,513.24,427.24,43.20,48.42,0.63,0
54,1,513.05,428.90,41.98,47.26,0.34,0
55,1,508.47,430.68,42.29,46.76,0.37,0
56,1,502.37,431.21,43.99,47.14,0.54,0
58,1,498.32,434.44,43.41,47.23,0.50,0
59,1,493.43,435.74,45.39,48.09,0.46,0
61,1,488.06,438.70,44.24,47.11,0.52,0
62,1,486.14,441.03,42.71,47.42,0.48,0
63,1,482.71,441.85,42.57,47.42,0.38,0
64,1,480.84,442.28,42.66,46.84,0.30,0
65,1,479.62,445.89,41.45,44.00,0.49,0
66,1,475.56,446.90,41.19,45.11,0.49,0
67,1,469.43,445.66,45.87,47.34,0.76,0
68,1,467.52,446.48,46.23,46.46,0.75,0
69,1,464.43,448.58,44.00,45.87,0.28,0
70,1,461.90,449.04,42.01,44.54,0.27,0
71,1,458.64,449.75,43.05,44.66,0.59,0
72,1,454.12,451.10,42.31,44.18,0.76,0
73,1,453.31,451.96,42.77,45.22,0.78,0
74,1,452.20,453.17,42.41,46.49,0.71,0
75,1,444.41,454.15,43.46,48.49,0.74,0
76,1,444.12,455.88,44.39,49.48,0.65,0
76,6,547.55,364.98,37.15,45.63,0.40,0
77,1,444.19,459.94,44.99,48.72,0.62,0
78,1,440.53,461.76,44.74,48.88,0.59,0
79,1,438.12,463.87,45.09,48.73,0.40,0
80,1,437.90,468.79,44.25,46.09,0.43,0
82,1,436.97,476.59,42.81,47.27,0.58,0
83,1,436.67,481.32,46.17,47.04,0.69,0
83,6,541.98,390.28,35.44,43.70,0.30,0
84,1,437.44,483.69,45.56,46.30,0.28,0
85,6,545.68,391.56,37.74,44.43,0.41,0
86,1,450.83,485.04,44.26,47.91,0.58,0
87,1,460.02,487.63,43.02,49.30,0.46,0
88,1,468.59,491.40,46.48,47.63,0.71,0
88,6,569.51,401.93,38.71,43.44,0.41,0
90,1,484.93,497.44,46.36,48.75,0.36,0
91,1,491.00,498.37,44.83,49.80,0.75,0
92,1,496.98,499.86,44.45,49.46,0.80,0
93,1,504.79,501.33,46.38,48.28,0.68,0
94,1,516.53,500.99,46.88,49.01,0.78,0
94,6,618.57,408.50,37.28,46.68,0.36,0
95,1,527.21,503.03,45.09,47.33,0.60,0
96,1,537.55,502.56,45.91,48.37,0.74,0
97,1,547.55,502.70,45.12,48.59,0.64,0
98,1,552.71,503.31,46.90,48.23,0.65,0
99,1,556.83,503.92,44.94,47.56,0.63,0
100,1,559.31,503.31,45.47,47.88,0.39,0
101,1,561.29,502.84,44.90,47.56,0.74,0
102,1,561.71,502.86,45.12,47.79,0.79,0
103,1,560.68,502.33,45.07,47.67,0.77,0
104,1,560.66,502.07,45.23,48.06,0.80,0
105,1,560.15,502.10,45.25,47.79,0.77,0
106,1,559.40,502.27,45.09,47.50,0.70,0
107,1,558.54,502.49,45.00,47.92,0.60,0
107,6,661.99,411.65,36.83,45.11,0.29,0
108,1,557.74,502.28,43.09,47.91,0.47,0
109,1,558.49,503.00,43.33,47.73,0.52,0
110,1,557.75,504.44,43.35,48.14,0.31,0
111,1,552.86,503.92,46.45,50.07,0.59,0
112,1,553.90,504.45,45.46,49.44,0.48,0
113,1,554.63,505.31,45.45,49.65,0.49,0
114,1,553.34,505.08,46.51,50.65,0.54,0
118,1,548.76,508.08,44.17,48.73,0.32,0
119,1,549.18,508.44,43.36,48.52,0.36,0
120,1,548.50,508.73,43.11,47.41,0.50,0
121,1,547.80,508.30,43.52,47.99,0.73,0
122,1,545.43,508.16,43.88,47.11,0.70,0
123,1,544.30,507.71,44.26,46.96,0.78,0
124,1,543.21,506.70,43.36,47.28,0.80,0
125,1,541.74,504.83,44.45,49.51,0.85,0
126,1,541.14,502.65,45.30,50.45,0.83,0
127,1,540.66,501.38,45.57,50.51,0.82,0
127,6,644.38,411.36,37.94,42.99,0.41,0
128,1,538.28,501.99,45.28,49.31,0.71,0
128,6,642.81,409.77,39.15,44.41,0.60,0
132,1,532.14,503.80,46.09,49.82,0.27,0
133,1,531.60,503.05,47.93,49.19,0.32,0
134,1,532.31,503.27,44.39,47.19,0.50,0
147,1,528.41,488.30,43.87,48.25,0.51,0
148,1,529.07,488.06,45.56,49.59,0.27,0
150,1,528.26,485.91,44.48,51.20,0.43,0
151,1,527.45,486.18,44.01,50.88,0.61,0
152,1,526.82,485.29,43.37,50.93,0.58,0
160,6,625.14,379.78,41.15,48.76,0.40,0
160,1,515.82,473.84,48.75,52.06,0.78,0
161,6,623.89,378.95,42.50,48.82,0.58,0
161,1,516.70,473.59,47.97,51.68,0.41,0
162,1,517.95,473.49,47.15,52.33,0.38,0
163,1,511.95,472.14,49.70,52.80,0.45,0
164,1,511.71,471.49,49.29,52.57,0.44,0
170,1,510.58,461.68,47.51,50.35,0.62,0
171,12,619.92,365.86,41.55,47.88,0.45,0
171,1,510.17,460.95,48.81,51.06,0.32,0
172,12,618.69,364.19,42.94,47.72,0.58,0
173,12,617.75,362.36,44.08,48.16,0.66,0
174,12,617.09,362.06,43.85,46.45,0.57,0
175,12,615.80,356.95,42.89,49.35,0.73,0
175,1,507.26,453.52,48.41,51.01,0.55,0
176,12,615.44,354.10,42.00,50.16,0.73,0
176,1,504.94,450.57,49.22,51.49,0.74,0
177,12,614.52,352.43,40.56,48.91,0.73,0
177,1,503.01,449.00,49.85,51.08,0.75,0
178,12,614.04,350.15,40.21,47.79,0.44,0
178,1,502.66,448.40,47.52,49.49,0.69,0
179,12,613.44,347.41,41.01,46.80,0.38,0
180,12,613.73,342.48,41.69,49.19,0.42,0
181,12,613.90,341.55,42.39,50.47,0.33,0
182,1,492.32,436.39,52.31,52.96,0.72,0
183,1,495.23,435.59,50.84,52.72,0.64,0
184,1,494.94,435.70,51.03,51.90,0.78,0
185,1,490.20,434.24,52.02,52.25,0.72,0
186,1,486.60,433.35,50.88,51.25,0.53,0
187,12,597.41,333.33,44.42,50.70,0.46,0
188,12,593.42,330.80,45.46,51.43,0.76,0
188,1,479.80,430.52,52.33,52.89,0.62,0
189,12,592.62,330.78,44.25,50.54,0.80,0
189,1,478.44,429.13,50.41,52.66,0.58,0
190,12,590.01,329.47,43.69,51.52,0.76,0
190,1,477.19,428.26,49.36,51.18,0.37,0
191,12,588.61,329.37,42.27,50.19,0.74,0
191,1,475.22,427.07,47.54,50.77,0.81,0
192,12,588.12,327.87,39.56,48.73,0.56,0
192,1,472.97,425.35,46.64,50.60,0.79,0
193,12,585.61,327.23,41.80,47.37,0.28,0
193,1,471.34,424.12,46.48,51.03,0.82,0
194,1,467.40,423.10,46.53,50.69,0.73,0
195,1,462.69,420.49,48.13,51.22,0.85,0
196,1,462.24,419.54,49.09,51.25,0.81,0
197,1,458.35,419.48,49.75,51.18,0.78,0
198,1,454.72,417.31,49.79,51.91,0.63,0
198,12,571.14,319.61,42.07,48.15,0.60,0
199,1,453.73,417.78,50.53,51.62,0.38,0
199,12,570.59,321.07,41.53,46.61,0.71,0
200,1,450.62,417.31,47.83,50.63,0.66,0
200,12,565.96,319.59,44.81,47.81,0.70,0
201,1,445.38,414.29,49.60,51.82,0.82,0
201,12,561.02,317.04,45.86,49.16,0.66,0
202,1,443.55,413.22,50.94,52.36,0.86,0
202,12,559.38,316.87,45.27,48.12,0.62,0
203,1,440.78,411.77,52.02,52.68,0.88,0
203,12,555.32,315.89,45.96,46.88,0.54,0
204,1,436.93,410.65,51.90,52.86,0.87,0
204,12,551.92,313.59,46.93,48.12,0.36,0
205,1,434.87,410.94,50.33,52.30,0.81,0
206,1,431.03,410.55,51.84,53.26,0.66,0
206,12,547.63,309.69,48.46,53.35,0.44,0
207,1,429.13,409.21,50.05,52.90,0.80,0
207,12,544.10,308.05,47.89,53.22,0.65,0
208,1,427.80,407.74,50.55,53.49,0.81,0
208,12,542.70,307.02,46.81,53.23,0.70,0
209,1,425.90,406.81,49.63,53.76,0.81,0
209,12,539.29,306.38,47.17,52.52,0.83,0
210,1,423.32,404.17,49.63,55.04,0.82,0
210,12,537.90,305.71,46.76,51.22,0.83,0
211,1,422.52,401.91,48.45,54.05,0.82,0
211,12,537.20,305.15,46.09,49.33,0.75,0
212,1,420.65,400.45,49.52,54.62,0.82,0
212,12,534.17,303.37,48.30,48.04,0.34,0
213,1,415.86,396.80,51.47,54.59,0.65,0
213,12,528.68,297.89,51.45,49.58,0.50,0
214,1,413.99,395.85,52.41,54.29,0.81,0
215,1,406.76,394.68,52.76,54.73,0.82,0
216,1,401.69,392.00,53.99,54.94,0.78,0
217,1,402.14,392.86,52.97,53.48,0.67,0
217,12,521.31,290.90,47.25,52.12,0.33,0
218,1,388.38,390.50,57.43,56.75,0.80,0
219,1,384.43,393.38,54.34,54.88,0.43,0
220,1,379.23,395.16,52.95,53.81,0.52,0
220,12,501.74,292.28,45.51,52.97,0.34,0
221,1,376.12,397.24,51.47,53.65,0.48,0
223,12,491.21,295.13,46.27,49.73,0.52,0
223,1,372.50,399.33,49.19,52.76,0.61,0
224,12,486.61,293.33,48.37,51.32,0.53,0
224,1,368.99,398.64,48.88,53.27,0.81,0
225,12,483.07,293.06,49.63,52.07,0.59,0
225,1,366.89,398.39,50.17,53.24,0.64,0
226,1,361.08,397.55,54.67,54.86,0.40,0
227,12,480.07,296.89,47.47,49.55,0.40,0
228,12,478.40,294.52,46.84,52.27,0.50,0
228,1,359.26,399.45,54.20,53.53,0.49,0
229,1,356.50,399.76,54.19,53.45,0.45,0
230,1,355.12,401.06,50.52,52.46,0.76,0
231,1,351.84,400.62,49.44,53.47,0.69,0
232,1,347.83,400.29,49.47,53.21,0.81,0
232,12,468.43,295.98,45.86,49.63,0.53,0
233,1,347.66,400.53,49.19,52.48,0.81,0
233,12,467.76,295.89,45.42,49.06,0.58,0
234,1,346.50,400.42,49.59,52.24,0.81,0
234,12,466.93,295.64,45.48,49.11,0.65,0
235,1,344.30,400.51,48.49,51.92,0.74,0
235,12,464.62,295.39,44.91,49.43,0.39,0
236,1,343.30,400.62,48.97,51.65,0.80,0
236,12,463.69,295.62,44.44,49.26,0.60,0
237,1,340.90,399.91,49.71,52.16,0.69,0
237,12,461.72,296.06,44.33,48.42,0.53,0
238,1,338.07,400.07,50.73,52.19,0.47,0
238,12,459.23,295.87,44.04,48.48,0.61,0
239,12,456.57,293.67,46.64,51.58,0.43,0
240,12,455.39,292.71,46.59,52.24,0.66,0
240,1,332.94,398.39,54.99,54.16,0.40,0
241,12,455.45,292.35,46.10,52.08,0.67,0
241,1,332.06,397.49,54.70,53.97,0.51,0
242,12,454.99,292.28,46.28,51.80,0.62,0
242,1,331.55,396.69,52.63,53.89,0.56,0
243,12,454.58,291.36,44.71,51.27,0.36,0
243,1,331.20,396.35,49.89,51.96,0.61,0
244,1,330.88,396.49,48.59,51.61,0.48,0
245,1,329.08,395.97,48.68,51.14,0.49,0
245,12,451.75,289.31,44.32,49.66,0.35,0
246,1,325.68,393.02,50.21,53.91,0.58,0
246,12,449.27,287.47,44.94,49.59,0.58,0
247,1,323.46,390.45,51.83,54.90,0.64,0
247,12,447.93,284.61,44.31,50.56,0.70,0
248,1,320.94,388.64,53.91,55.21,0.80,0
248,12,447.42,284.01,43.64,50.11,0.78,0
249,1,315.42,386.70,56.48,55.60,0.73,0
249,12,442.49,282.71,44.63,49.73,0.82,0
250,1,313.10,385.37,56.89,55.75,0.68,0
250,12,440.63,281.80,43.64,49.79,0.79,0
251,1,314.76,386.56,55.72,54.02,0.78,0
251,12,440.94,282.14,44.30,49.80,0.80,0
252,1,312.13,386.40,55.95,54.66,0.53,0
252,12,440.04,281.96,44.10,50.09,0.81,0
253,1,311.08,386.55,55.58,54.89,0.37,0
253,12,439.90,281.67,42.89,50.22,0.80,0
254,1,309.51,387.08,55.05,54.29,0.52,0
254,12,437.73,282.57,43.99,49.39,0.78,0
255,1,307.08,386.27,54.23,54.80,0.74,0
255,12,432.97,281.77,45.59,49.37,0.75,0
256,1,305.19,385.43,53.59,55.07,0.56,0
256,12,430.62,279.30,45.81,51.22,0.68,0
257,1,304.85,385.21,53.35,55.37,0.38,0
257,12,429.84,278.69,45.87,51.67,0.73,0
258,12,430.00,278.71,45.05,50.92,0.69,0
259,1,302.39,384.00,54.04,55.55,0.31,0
260,1,301.80,383.49,53.98,55.54,0.47,0
261,1,301.19,382.85,54.00,55.51,0.32,0
262,1,300.87,380.53,54.89,55.43,0.39,0
263,12,431.78,275.08,46.50,50.33,0.36,0
264,12,435.09,273.28,48.57,51.05,0.69,0
264,1,309.89,378.71,55.74,57.34,0.26,0
265,12,442.30,272.04,50.43,54.85,0.79,0
265,1,318.29,379.72,55.57,56.00,0.77,0
266,12,448.47,272.82,48.80,52.93,0.48,0
266,1,322.72,379.32,54.78,56.60,0.80,0
267,12,453.87,271.97,49.59,53.57,0.43,0
267,1,328.94,378.80,55.11,57.47,0.78,0
268,12,455.93,272.44,50.16,52.28,0.74,0
268,1,332.11,378.13,56.12,57.61,0.68,0
269,12,460.39,272.47,50.67,50.73,0.83,0
269,1,336.04,377.40,56.24,56.45,0.80,0
270,12,465.95,271.49,49.40,50.61,0.82,0
270,1,341.69,377.40,55.52,55.98,0.84,0
271,12,473.72,270.77,48.41,50.68,0.73,0
271,1,347.46,375.88,56.20,56.24,0.72,0
272,12,480.44,270.07,50.02,52.30,0.67,0
272,1,357.66,376.48,54.65,54.83,0.48,0
273,12,489.30,268.88,49.40,51.68,0.85,0
273,1,366.55,375.48,53.77,56.04,0.79,0
274,12,498.97,268.13,49.00,52.10,0.71,0
274,1,376.82,375.33,52.17,54.23,0.79,0
275,12,505.86,266.74,49.39,53.30,0.75,0
275,1,384.64,375.04,53.47,53.97,0.64,0
276,12,512.77,265.80,48.55,52.14,0.84,0
276,1,390.68,373.04,53.45,54.69,0.78,0
277,1,396.73,372.61,53.18,54.42,0.70,0
278,1,402.90,371.63,53.62,54.86,0.72,0
278,12,524.52,264.04,49.06,52.72,0.59,0
279,1,406.45,371.77,54.02,54.42,0.82,0
279,12,527.00,263.76,50.85,52.25,0.86,0
280,1,409.06,370.23,52.72,53.85,0.77,0
280,12,530.14,262.75,49.20,51.14,0.84,0
281,1,409.63,366.18,55.85,56.22,0.83,0
281,12,532.72,260.43,50.39,51.40,0.84,0
282,1,411.40,364.84,56.74,55.69,0.87,0
282,12,535.48,259.12,48.76,50.72,0.87,0
283,1,414.00,363.45,56.94,55.53,0.86,0
283,12,538.62,258.61,47.18,50.60,0.86,0
284,1,412.98,362.24,56.49,54.91,0.86,0
284,12,537.54,257.06,47.87,50.77,0.86,0
285,1,412.49,361.44,56.58,54.92,0.87,0
285,12,537.59,255.54,47.64,51.48,0.81,0
286,1,411.76,361.10,56.31,54.86,0.85,0
286,12,537.78,254.78,47.54,51.47,0.74,0
287,1,412.00,361.25,56.77,54.80,0.83,0
287,12,538.37,255.24,46.69,51.09,0.77,0
288,1,409.81,361.09,57.27,54.93,0.86,0
288,12,536.58,254.73,47.34,51.41,0.65,0
289,1,405.92,360.01,57.66,56.10,0.67,0
289,12,533.83,253.29,47.15,50.66,0.69,0
290,1,404.87,359.94,57.56,56.29,0.63,0
290,12,532.70,253.22,46.18,49.73,0.69,0
291,1,404.37,359.46,56.82,55.48,0.76,0
291,12,532.04,252.57,45.97,49.65,0.60,0
292,1,403.45,357.60,57.16,55.60,0.69,0
292,12,530.71,251.13,46.28,49.95,0.68,0
293,1,403.47,355.56,58.30,56.54,0.48,0
293,12,530.01,249.71,46.50,50.71,0.49,0
294,1,403.95,354.93,58.72,56.92,0.51,0
294,12,530.11,249.00,46.12,50.71,0.53,0
295,1,403.19,353.61,59.20,57.95,0.56,0
295,12,529.48,247.64,46.65,51.71,0.51,0
296,1,402.89,352.59,58.98,58.76,0.73,0
296,12,528.93,246.63,47.31,52.43,0.53,0
297,1,403.33,352.38,58.55,58.94,0.67,0
297,12,529.29,245.51,48.06,53.24,0.62,0
298,1,402.16,352.34,58.40,57.50,0.72,0
298,12,528.35,243.63,50.02,54.78,0.76,0
299,1,403.53,352.02,57.25,55.91,0.74,0
300,1,404.61,352.01,56.55,55.80,0.54,0
301,1,402.03,350.86,57.76,56.70,0.63,0
302,1,402.09,351.26,53.31,55.49,0.80,0
307,12,525.53,240.90,49.19,54.05,0.67,0
308,12,526.13,240.43,49.01,54.50,0.58,0
309,12,525.79,240.11,48.60,53.44,0.76,0
310,12,524.89,238.84,48.67,53.46,0.79,0
311,12,524.18,237.10,49.38,54.84,0.81,0
311,1,395.75,348.51,52.55,54.02,0.77,0
312,12,523.53,235.37,49.36,55.76,0.79,0
312,1,393.28,345.85,54.48,55.77,0.75,0
313,12,523.01,234.30,49.18,55.23,0.79,0
313,1,391.96,343.19,55.52,57.33,0.84,0
314,12,522.12,233.17,47.94,53.94,0.76,0
314,1,389.95,340.25,56.46,58.62,0.88,0
315,12,520.96,232.53,47.23,52.84,0.70,0
315,1,387.87,338.69,57.49,58.53,0.87,0
316,12,522.10,233.06,46.70,53.12,0.74,0
316,1,388.78,338.96,57.47,58.54,0.88,0
317,12,519.42,231.75,48.00,54.09,0.67,0
317,1,384.19,338.72,59.61,58.75,0.86,0
318,1,378.64,337.75,60.01,59.17,0.74,0
319,1,381.53,339.95,57.45,58.11,0.78,0
319,12,516.46,232.70,49.05,53.08,0.74,0
320,1,379.76,340.33,56.89,57.43,0.78,0
320,12,513.79,231.91,50.01,53.22,0.68,0
321,1,378.17,340.70,56.42,56.40,0.37,0
321,12,511.99,231.58,49.95,53.20,0.67,0
322,1,377.48,341.23,55.08,56.88,0.80,0
322,12,510.51,232.72,50.02,52.94,0.71,0
323,1,376.57,341.29,54.29,57.43,0.73,0
323,12,508.62,233.29,51.51,52.89,0.53,0
324,1,376.64,341.13,54.22,58.50,0.63,0
324,12,507.31,233.52,53.02,52.78,0.53,0
325,1,375.82,340.95,54.61,59.28,0.27,0
325,12,506.50,233.73,53.62,52.73,0.50,0
326,12,505.80,233.66,53.37,52.71,0.27,0
330,12,504.73,233.75,51.66,52.11,0.41,0
331,12,508.87,234.51,49.62,51.40,0.52,0
332,12,512.52,235.10,49.47,52.46,0.73,0
333,12,514.55,234.63,49.42,53.13,0.60,0
334,12,514.93,234.95,49.49,53.80,0.46,0
335,12,515.83,235.60,50.14,55.31,0.62,0
335,1,385.49,348.42,56.95,57.07,0.43,0
336,12,518.03,235.57,50.34,55.83,0.85,0
336,1,385.82,348.01,58.64,58.18,0.82,0
337,12,521.61,235.63,50.50,56.33,0.85,0
337,1,387.40,348.46,58.12,57.64,0.78,0
338,12,525.84,236.36,51.09,56.71,0.74,0
338,1,391.81,349.66,55.86,56.50,0.86,0
339,12,528.77,236.73,53.51,55.80,0.80,0
339,1,397.64,349.82,54.24,56.64,0.78,0
340,12,534.57,237.36,50.63,53.98,0.74,0
340,1,402.72,349.82,55.77,55.86,0.64,0
341,12,539.21,237.49,50.73,54.53,0.75,0
341,1,406.36,349.69,56.73,55.79,0.77,0
342,12,543.04,236.34,50.62,55.80,0.67,0
342,1,409.97,349.67,56.43,55.45,0.85,0
343,12,547.23,236.82,50.57,56.06,0.76,0
343,1,414.44,350.12,55.03,55.33,0.87,0
344,12,548.94,236.68,52.15,56.39,0.55,0
344,1,416.54,350.85,53.74,54.35,0.87,0
345,12,549.37,236.72,53.52,55.93,0.32,0
345,1,417.05,350.74,53.41,53.84,0.53,0
346,12,549.47,236.48,55.04,55.93,0.63,0
346,1,417.16,350.15,54.07,54.51,0.69,0
347,12,549.87,236.08,55.21,55.68,0.75,0
347,1,418.41,348.79,55.23,56.57,0.82,0
348,12,550.89,236.31,53.93,55.38,0.70,0
348,1,421.04,349.22,54.59,56.53,0.79,0
349,12,552.31,236.84,53.30,55.32,0.65,0
349,1,422.86,349.18,53.67,56.85,0.79,0
350,12,549.01,235.22,55.57,56.95,0.75,0
350,1,417.75,348.26,56.79,57.89,0.55,0
351,12,547.40,233.53,56.71,57.84,0.69,0
351,1,414.90,347.36,57.34,57.82,0.83,0
352,12,548.58,234.73,56.01,57.77,0.76,0
352,1,415.92,348.39,57.02,57.16,0.81,0
353,12,549.75,234.93,55.90,57.72,0.71,0
353,1,416.71,348.38,57.07,57.05,0.81,0
354,12,548.13,234.42,56.24,58.11,0.71,0
354,1,414.31,348.09,57.10,57.41,0.58,0
355,12,546.59,233.99,55.26,58.83,0.76,0
355,1,411.49,349.45,56.59,56.01,0.88,0
356,12,545.83,234.87,53.49,58.01,0.79,0
356,1,408.97,349.86,56.83,56.06,0.86,0
357,12,543.44,234.95,53.50,57.61,0.75,0
357,1,407.00,350.55,56.36,55.75,0.80,0
358,12,542.81,234.99,52.88,57.21,0.76,0
358,1,406.55,350.71,56.53,55.41,0.77,0
359,12,542.52,235.12,52.43,56.81,0.74,0
359,1,405.60,350.42,57.94,55.47,0.76,0
360,12,541.50,234.30,52.78,57.47,0.80,0
360,1,403.90,349.57,58.79,55.68,0.78,0
361,12,540.14,232.83,53.63,58.77,0.84,0
361,1,401.52,348.24,60.86,56.56,0.65,0
362,12,539.28,232.12,54.00,58.88,0.81,0
362,1,400.66,347.41,61.73,58.36,0.72,0
363,12,540.20,232.47,52.96,58.49,0.83,0
363,1,401.48,347.65,60.80,58.44,0.77,0
364,12,540.94,232.30,52.31,58.48,0.85,0
364,1,401.95,346.72,60.23,58.55,0.79,0
365,12,541.28,232.41,52.70,58.83,0.86,0
365,1,402.44,347.11,62.57,57.28,0.83,0
366,12,539.54,232.95,52.93,58.75,0.87,0
366,1,400.74,346.93,62.59,59.03,0.73,0
367,1,397.46,345.71,63.14,60.32,0.77,0
368,1,398.46,346.35,62.26,59.95,0.65,0
369,1,397.54,346.42,62.65,60.31,0.54,0
371,1,398.15,347.50,60.15,59.65,0.60,0
382,12,537.11,228.34,48.77,55.97,0.37,0
383,12,527.47,221.63,58.05,61.65,0.80,0
384,12,525.71,219.32,60.35,62.23,0.67,0
385,12,523.01,221.51,60.94,59.79,0.46,0
386,12,527.54,221.99,60.35,59.23,0.61,0
387,12,530.28,222.28,58.87,58.27,0.36,0
387,1,388.95,337.94,61.60,60.25,0.84,0
388,12,531.96,221.73,58.69,59.31,0.29,0
388,1,391.31,338.37,59.96,60.81,0.86,0
389,12,529.15,220.12,58.35,60.19,0.67,0
389,1,387.64,338.12,59.71,61.48,0.86,0
390,1,394.39,339.23,60.69,61.55,0.80,0
391,1,399.69,340.03,59.74,60.95,0.79,0
391,12,542.52,224.28,55.52,59.02,0.61,0
392,1,403.30,340.16,58.91,60.94,0.82,0
393,1,409.17,339.48,59.26,60.61,0.74,0
394,1,414.36,338.95,58.84,60.49,0.87,0
395,1,419.15,339.06,60.51,60.47,0.79,0
395,12,561.69,221.79,55.79,59.47,0.59,0
396,1,424.76,339.72,60.14,59.73,0.73,0
396,12,567.29,222.37,54.77,58.02,0.64,0
397,1,430.30,338.80,59.82,60.62,0.84,0
398,1,434.92,338.86,60.50,59.85,0.87,0
398,12,574.07,221.53,58.37,60.75,0.38,0
399,1,436.34,338.08,60.10,59.13,0.87,0
399,12,574.98,218.91,60.80,61.18,0.81,0
400,1,441.92,339.30,61.49,61.12,0.74,0
400,12,581.84,220.49,58.96,60.37,0.77,0
401,1,449.90,339.73,60.47,62.36,0.87,0
401,12,590.81,220.93,56.81,60.53,0.59,0
402,1,452.92,338.53,61.21,62.81,0.85,0
402,12,593.36,219.92,58.17,62.56,0.73,0
403,1,454.96,337.07,62.04,61.12,0.79,0
403,12,595.78,219.38,56.71,62.30,0.54,0
404,1,457.04,336.54,60.41,59.01,0.57,0
405,1,458.97,335.18,59.81,58.88,0.79,0
405,12,597.87,216.36,57.35,60.67,0.63,0
406,1,461.42,334.62,59.16,58.57,0.62,0
406,12,601.26,216.42,54.71,57.63,0.72,0
407,1,461.01,332.24,60.70,60.18,0.28,0
407,12,602.12,214.87,54.24,57.39,0.66,0
408,1,462.14,329.23,60.98,62.34,0.29,0
408,12,602.97,213.58,53.85,56.54,0.66,0
409,1,462.45,327.92,60.68,63.26,0.52,0
409,12,604.30,212.29,52.79,56.58,0.66,0
410,1,461.96,328.00,60.33,62.20,0.73,0
410,12,603.61,210.89,53.30,57.39,0.76,0
411,1,461.85,327.43,60.02,61.16,0.81,0
411,12,603.39,210.79,52.97,56.46,0.81,0
412,1,461.63,326.19,58.76,60.47,0.73,0
412,12,602.58,209.02,53.11,56.55,0.80,0
413,1,462.03,326.05,59.74,61.26,0.72,0
413,12,604.42,209.55,51.92,56.36,0.75,0
414,1,461.12,324.78,60.01,61.60,0.76,0
414,12,604.25,206.00,52.86,58.81,0.73,0
415,1,462.74,323.84,59.19,60.57,0.62,0
415,12,605.62,203.72,54.58,59.84,0.74,0
416,1,461.24,324.14,58.89,60.78,0.57,0
416,12,602.28,204.44,53.46,58.68,0.81,0
417,1,464.86,321.97,63.28,61.61,0.64,0
418,1,464.08,320.81,67.18,62.85,0.72,0
419,1,463.37,321.99,66.17,61.08,0.68,0
420,1,471.99,323.46,55.59,59.00,0.73,0
423,12,625.18,202.34,57.35,61.08,0.28,0
424,12,636.15,202.95,54.55,59.99,0.66,0
425,12,644.35,202.59,56.18,60.64,0.64,0
426,12,652.19,202.87,54.39,60.03,0.73,0
426,1,514.05,324.02,54.59,59.23,0.81,0
427,12,660.78,203.77,52.56,58.85,0.27,0
427,1,520.04,324.55,56.74,58.75,0.72,0
428,12,668.85,205.94,53.38,57.59,0.29,0
428,1,527.67,324.46,57.91,59.40,0.64,0
429,12,673.62,205.63,53.74,58.41,0.68,0
429,1,533.36,325.55,56.89,59.36,0.83,0
430,12,679.23,207.67,55.80,57.65,0.77,0
430,1,538.72,326.28,58.36,60.37,0.53,0
431,12,687.93,208.67,54.00,58.92,0.80,0
431,1,544.98,326.13,60.70,61.63,0.73,0
432,12,693.49,209.89,56.10,59.84,0.54,0
432,1,553.34,327.32,60.74,60.85,0.70,0
433,12,699.76,211.22,54.64,58.04,0.80,0
433,1,557.43,328.48,61.81,61.72,0.82,0
434,12,702.36,210.89,55.26,59.05,0.68,0
434,1,558.61,328.69,62.03,62.14,0.75,0
435,12,702.28,210.46,56.39,59.19,0.80,0
435,1,558.37,328.01,62.49,62.92,0.73,0
436,12,703.03,210.49,56.80,59.36,0.70,0
436,1,560.28,328.15,62.21,63.29,0.67,0
437,12,703.50,210.58,56.26,59.26,0.71,0
437,1,560.20,328.39,62.74,63.54,0.79,0
438,12,703.10,210.59,56.06,59.09,0.74,0
438,1,559.24,329.00,62.77,63.04,0.80,0
439,12,702.81,210.57,55.31,58.54,0.76,0
439,1,558.16,328.90,62.48,62.72,0.71,0
440,12,702.71,210.91,54.68,58.36,0.78,0
440,1,557.64,329.66,62.23,62.05,0.82,0
441,12,701.27,210.96,54.20,57.52,0.82,0
441,1,556.30,329.21,62.93,62.31,0.83,0
442,12,700.43,211.48,53.60,56.59,0.83,0
442,1,555.99,328.73,62.54,62.50,0.83,0
443,12,700.38,211.81,53.18,56.37,0.81,0
443,1,555.59,328.86,62.54,62.27,0.78,0
444,12,699.55,211.87,52.76,56.27,0.82,0
444,1,554.30,329.11,63.07,62.26,0.69,0
445,12,698.11,212.07,54.42,56.72,0.83,0
445,1,552.91,329.70,63.88,62.12,0.83,0
446,12,692.84,208.47,58.49,60.41,0.83,0
446,1,546.43,328.06,66.08,63.93,0.86,0
447,12,691.60,210.02,58.18,60.09,0.78,0
447,1,546.08,329.41,65.67,63.25,0.78,0
448,12,690.41,210.79,58.50,59.52,0.77,0
448,1,544.29,329.88,65.96,62.81,0.83,0
449,12,689.36,210.54,58.68,59.64,0.76,0
449,1,542.98,331.00,66.83,61.73,0.83,0
450,12,688.19,210.82,56.41,59.66,0.81,0
450,1,539.29,331.63,66.88,62.00,0.83,0
451,12,683.96,210.57,57.18,59.63,0.85,0
451,1,536.27,332.11,65.88,62.38,0.79,0
452,12,681.42,211.79,57.73,59.44,0.85,0
452,1,536.42,334.03,63.33,60.94,0.87,0
453,12,678.70,211.92,58.63,59.28,0.83,0
453,1,534.55,334.42,62.55,60.71,0.88,0
454,12,676.79,210.96,59.49,60.13,0.81,0
454,1,533.38,334.86,61.03,59.49,0.88,0
455,12,675.33,211.65,59.88,59.39,0.85,0
455,1,530.18,335.25,61.91,59.55,0.89,0
456,12,673.50,211.09,59.66,59.72,0.86,0
456,1,527.81,334.93,62.64,60.06,0.88,0
457,12,670.88,209.73,60.13,60.43,0.87,0
457,1,524.27,334.57,63.28,60.10,0.89,0
458,12,668.64,210.10,61.37,59.99,0.76,0
458,1,522.28,334.18,63.00,59.68,0.86,0
459,12,666.33,209.81,60.68,59.51,0.84,0
459,1,518.73,331.84,64.82,60.60,0.86,0
460,12,665.94,209.11,59.97,59.37,0.85,0
460,1,517.37,328.86,63.68,62.98,0.53,0
461,12,665.14,209.07,60.89,60.06,0.80,0
461,1,516.25,328.28,64.22,63.88,0.81,0
462,12,659.64,208.76,61.54,60.17,0.86,0
462,1,510.91,329.24,64.88,64.02,0.83,0
463,12,654.50,207.11,61.73,61.25,0.82,0
463,1,504.99,328.77,66.16,64.68,0.85,0
464,12,653.29,208.58,60.76,60.29,0.88,0
464,1,504.44,330.82,64.07,62.46,0.86,0
465,12,652.48,209.28,60.51,60.45,0.80,0
465,1,502.33,333.25,63.99,60.92,0.79,0
466,12,648.21,209.68,60.20,60.99,0.82,0
466,1,498.47,334.46,64.62,60.57,0.76,0
467,12,644.88,210.40,61.52,61.40,0.84,0
467,1,494.71,336.02,65.91,60.43,0.84,0
468,12,641.89,210.70,63.82,61.81,0.86,0
468,1,492.00,336.23,64.55,60.88,0.82,0
469,12,639.56,210.78,64.20,61.41,0.61,0
469,1,491.00,336.24,61.53,60.26,0.31,0
470,12,636.71,209.61,63.35,61.84,0.90,0
470,1,488.88,335.52,62.00,59.83,0.71,0
471,12,634.25,208.15,62.84,62.87,0.89,0
471,1,486.59,334.78,62.68,59.52,0.79,0
472,12,631.48,207.96,60.80,61.12,0.87,0
472,1,482.19,333.76,62.78,59.53,0.87,0
473,12,627.61,207.40,60.74,61.06,0.88,0
473,1,477.74,330.79,63.53,61.22,0.85,0
474,12,624.16,207.38,60.54,61.29,0.87,0
474,1,473.70,329.97,63.71,62.17,0.84,0
475,12,621.00,207.24,60.74,61.36,0.87,0
475,1,470.32,329.54,63.24,61.89,0.81,0
476,12,617.10,204.61,61.29,61.86,0.78,0
476,1,464.91,329.45,63.71,62.00,0.79,0
477,12,614.55,203.96,59.85,60.98,0.87,0
477,1,462.21,327.41,62.37,63.21,0.85,0
478,12,612.25,205.71,57.15,59.82,0.86,0
478,1,458.46,327.93,63.46,63.75,0.89,0
479,12,603.71,202.28,60.36,62.30,0.87,0
479,1,448.16,326.45,66.81,65.23,0.87,0
480,12,601.33,202.83,60.32,63.23,0.85,0
480,1,447.33,326.90,65.22,64.22,0.54,0
481,12,599.56,205.25,58.50,61.41,0.85,0
481,1,445.30,328.44,65.09,63.75,0.26,0
482,12,595.88,206.36,59.51,62.22,0.83,0
482,1,441.31,330.11,64.21,62.94,0.38,0
483,12,590.49,206.96,60.62,62.01,0.86,0
483,1,433.88,331.34,64.35,62.26,0.89,0
484,12,582.01,207.52,61.50,62.11,0.89,0
484,1,425.20,332.21,66.81,62.32,0.84,0
485,12,577.07,208.45,60.91,61.45,0.89,0
485,1,418.87,332.61,67.51,63.23,0.51,0
486,12,574.31,209.99,59.74,59.76,0.89,0
486,1,415.54,334.74,66.34,61.98,0.43,0
487,12,570.96,209.99,59.43,59.78,0.86,0
487,1,412.51,335.29,65.54,60.99,0.85,0
488,12,568.17,208.73,58.91,60.50,0.89,0
488,1,409.05,334.34,64.24,59.92,0.80,0
489,12,566.66,207.98,57.63,60.63,0.87,0
489,1,407.20,332.48,63.84,60.90,0.65,0
490,12,561.88,207.44,57.93,60.35,0.88,0
490,1,403.31,330.59,64.81,61.38,0.59,0
491,12,558.09,204.37,58.72,61.63,0.81,0
491,1,398.05,327.99,67.70,63.11,0.41,0
492,12,556.18,203.42,57.89,61.50,0.83,0
492,1,395.86,326.44,67.47,64.00,0.48,0
493,12,553.24,202.30,56.97,61.03,0.81,0
493,1,391.53,326.76,65.62,63.78,0.63,0
494,12,550.47,201.37,57.36,60.81,0.44,0
494,1,389.29,325.80,64.23,64.08,0.82,0
495,12,547.60,203.11,57.65,59.61,0.83,0
495,1,386.95,327.25,63.83,63.30,0.88,0
496,12,540.56,199.21,59.16,63.11,0.80,0
496,1,379.21,326.06,66.05,63.37,0.82,0
497,12,536.45,197.46,62.70,65.21,0.66,0
497,1,377.18,325.81,65.62,63.27,0.73,0
498,12,533.87,197.01,64.94,65.69,0.64,0
498,1,376.18,325.22,65.78,63.71,0.45,0
499,12,530.70,197.95,65.18,65.06,0.51,0
499,1,373.03,325.28,66.43,64.00,0.46,0
500,12,528.49,194.80,64.50,66.29,0.75,0
500,1,368.04,325.15,67.51,64.01,0.39,0
501,12,526.39,193.19,65.75,68.16,0.73,0
501,1,365.44,324.56,63.63,63.63,0.86,0
502,12,525.26,193.04,65.37,68.61,0.80,0
502,1,362.00,322.94,65.37,64.89,0.63,0
503,12,524.09,192.75,66.30,68.54,0.85,0
503,1,360.16,321.43,64.07,64.84,0.82,0
504,12,522.32,191.69,65.74,67.63,0.86,0
505,12,521.80,191.25,64.91,66.91,0.86,0
505,1,357.59,318.09,65.54,64.49,0.42,0
506,12,520.20,190.71,67.08,65.31,0.80,0
506,1,354.57,315.56,66.93,65.71,0.85,0
507,12,518.34,189.17,66.32,64.12,0.37,0
507,1,351.77,314.12,67.69,65.19,0.74,0
508,12,517.52,188.89,63.48,63.01,0.55,0
508,1,350.99,313.89,64.67,65.66,0.78,0
509,1,347.78,312.79,64.65,65.50,0.72,0
510,1,343.64,311.25,65.92,64.65,0.74,0
510,12,510.48,186.15,63.17,63.72,0.37,0
511,1,342.02,311.83,67.68,62.52,0.56,0
511,12,508.47,186.42,61.90,62.86,0.30,0
512,1,338.37,310.37,68.60,64.04,0.89,0
512,12,506.68,185.80,61.36,62.47,0.42,0
513,1,333.40,309.24,69.46,64.37,0.88,0
513,12,502.87,184.54,63.39,63.08,0.53,0
514,1,336.18,311.47,66.88,63.37,0.86,0
514,12,503.62,186.37,62.84,62.18,0.67,0
515,1,335.79,312.01,65.82,63.97,0.89,0
515,12,504.02,187.56,62.78,61.96,0.54,0
516,1,331.97,312.52,68.90,66.42,0.41,0
516,12,502.58,187.09,64.58,63.48,0.34,0
517,1,335.72,315.30,65.32,64.20,0.62,0
518,1,333.55,315.23,67.27,65.83,0.65,0
518,12,501.01,188.73,65.37,63.34,0.36,0
519,1,332.56,315.03,67.36,67.25,0.53,0
519,12,500.89,189.32,64.89,63.37,0.59,0
520,1,334.15,315.00,67.35,67.97,0.57,0
520,12,501.64,189.70,65.06,63.77,0.27,0
521,1,337.53,316.39,67.72,66.04,0.59,0
521,12,505.69,191.30,62.81,63.39,0.75,0
522,1,343.15,318.31,67.10,65.76,0.61,0
522,12,512.84,194.45,59.92,62.37,0.79,0
523,1,347.83,320.22,68.13,65.24,0.75,0
523,12,518.80,194.92,59.59,63.48,0.66,0
524,1,353.48,323.53,67.53,65.06,0.85,0
524,12,523.06,195.32,64.49,66.86,0.87,0
525,1,356.20,327.02,68.72,63.63,0.80,0
525,12,527.25,199.83,61.73,63.51,0.76,0
526,1,360.88,330.14,68.62,63.10,0.86,0
526,12,531.52,206.00,60.35,60.22,0.87,0
527,1,365.42,331.64,70.42,63.50,0.87,0
527,12,536.18,208.37,60.26,61.17,0.87,0
528,1,372.79,334.61,68.35,63.18,0.84,0
528,12,542.93,210.67,60.37,62.18,0.78,0
529,1,375.85,337.27,70.45,66.31,0.87,0
529,12,546.12,214.32,64.42,62.04,0.78,0
530,1,383.51,347.62,66.41,64.00,0.89,0
530,12,551.09,221.71,64.32,63.70,0.52,0
531,1,389.69,350.14,64.55,64.13,0.77,0
531,12,557.42,224.56,60.06,61.73,0.77,0
532,1,394.24,349.99,65.74,65.14,0.75,0
532,12,561.87,225.54,60.70,62.07,0.85,0
533,1,396.66,349.45,66.58,65.71,0.82,0
533,12,564.44,225.56,62.02,61.63,0.83,0
534,1,399.82,349.20,66.42,65.00,0.85,0
534,12,566.43,223.34,64.35,63.49,0.78,0
535,1,402.49,349.86,66.06,63.69,0.86,0
535,12,568.11,223.63,62.88,62.81,0.56,0
536,1,403.53,349.68,65.89,63.08,0.86,0
537,1,403.27,349.34,65.96,63.36,0.86,0
538,1,402.70,348.70,66.24,63.72,0.87,0
539,1,401.74,347.59,67.02,64.43,0.88,0
540,1,401.44,347.09,57.33,61.40,0.66,0
543,12,562.19,212.72,62.97,62.11,0.78,0
544,55,1204.03,310.91,37.53,46.62,0.42,0
544,12,559.76,209.51,63.67,62.62,0.87,0
545,12,559.15,207.59,61.49,61.75,0.82,0
546,12,557.05,205.53,61.29,62.46,0.82,0
546,56,1360.84,332.36,37.05,48.51,0.55,0
546,1,399.88,329.87,54.97,64.28,0.76,0
547,12,551.97,198.61,65.25,66.54,0.35,0
547,56,1362.78,329.75,36.82,50.50,0.32,0
547,1,387.38,326.41,66.06,66.29,0.80,0
548,12,549.21,194.84,68.79,68.96,0.56,0
548,1,384.88,325.59,67.93,66.03,0.80,0
549,12,547.14,194.42,71.05,68.88,0.65,0
549,1,381.03,324.90,69.20,66.07,0.79,0
550,12,545.17,196.16,71.22,67.60,0.42,0
550,1,376.52,324.90,72.02,66.72,0.79,0
551,12,542.78,197.25,69.55,66.37,0.68,0
551,1,371.62,325.59,72.55,67.17,0.49,0
552,12,540.83,200.54,64.53,63.48,0.53,0
552,1,367.28,328.36,71.99,65.82,0.69,0
553,12,534.99,199.46,63.15,63.01,0.77,0
553,1,362.81,327.19,71.34,66.54,0.85,0
554,12,531.72,200.78,62.80,65.77,0.71,0
554,1,360.34,331.10,72.07,64.69,0.75,0
554,56,1347.04,320.00,38.20,52.27,0.45,0
555,12,529.19,204.56,62.83,64.00,0.86,0
555,1,358.56,333.96,69.50,64.18,0.85,0
555,56,1344.22,318.55,37.41,51.23,0.34,0
556,12,525.58,205.25,64.70,64.16,0.88,0
556,1,355.89,334.24,69.17,66.08,0.89,0
556,56,1344.29,317.49,37.15,47.85,0.37,0
557,12,522.70,204.64,66.03,64.68,0.87,0
557,1,353.06,334.46,70.93,67.29,0.88,0
558,12,519.78,203.56,66.99,65.45,0.86,0
558,1,349.52,334.70,70.96,67.52,0.88,0
559,12,517.73,203.42,66.77,65.40,0.81,0
559,1,346.46,334.93,71.20,68.35,0.85,0
560,12,516.60,202.68,66.20,66.04,0.72,0
560,1,343.42,335.60,70.44,67.62,0.84,0
561,12,513.62,203.70,65.24,65.22,0.80,0
561,1,342.86,337.11,69.40,65.06,0.84,0
561,56,1338.15,313.82,35.32,45.77,0.53,0
562,12,512.00,206.39,63.06,63.22,0.75,0
562,1,340.77,337.22,69.96,65.40,0.87,0
563,12,508.81,207.65,62.11,62.37,0.87,0
563,1,336.54,337.65,68.91,66.53,0.86,0
564,12,503.71,207.42,64.36,63.40,0.84,0
564,1,331.86,337.94,71.37,67.57,0.87,0
565,12,503.10,209.46,63.42,62.86,0.77,0
565,1,331.55,339.12,70.25,67.26,0.83,0
566,12,504.58,208.55,64.51,64.96,0.83,0
566,1,332.98,338.84,71.00,69.23,0.70,0
567,12,506.14,208.29,64.11,65.53,0.86,0
567,1,334.12,337.26,71.21,70.64,0.77,0
568,12,507.08,208.61,64.52,65.47,0.80,0
568,1,335.62,336.53,72.68,71.52,0.79,0
569,12,506.35,208.80,64.10,64.60,0.85,0
569,1,335.77,336.46,72.22,71.16,0.81,0
570,12,506.90,208.48,64.66,64.30,0.84,0
570,1,337.27,336.97,71.28,69.62,0.85,0
570,56,1338.42,321.28,35.88,43.68,0.30,0
571,12,508.92,208.18,63.41,63.59,0.87,0
571,1,337.89,337.24,71.31,69.14,0.86,0
572,12,510.83,208.30,62.34,63.10,0.89,0
572,1,339.85,337.92,70.37,68.57,0.86,0
573,12,512.04,207.87,61.98,63.64,0.86,0
573,1,340.26,338.23,72.57,69.27,0.83,0
573,56,1343.64,318.96,39.20,51.30,0.51,0
574,12,512.53,206.84,61.76,64.15,0.85,0
574,1,340.88,337.97,73.74,68.66,0.88,0
574,56,1343.85,317.28,40.43,53.21,0.62,0
575,12,513.67,206.82,61.63,64.35,0.87,0
575,1,341.36,338.49,73.51,68.26,0.85,0
575,56,1344.98,316.72,41.99,54.32,0.60,0
576,12,513.25,205.58,61.46,64.54,0.86,0
576,1,340.71,336.55,72.53,68.14,0.87,0
577,12,511.27,201.89,62.16,66.66,0.88,0
577,1,337.80,333.60,73.08,68.02,0.87,0
578,12,512.31,198.03,60.99,65.41,0.40,0
578,1,338.43,329.79,72.97,67.08,0.81,0
579,12,509.05,194.07,62.33,65.78,0.89,0
579,1,335.70,327.59,72.33,67.27,0.89,0
579,68,1191.62,287.54,33.56,43.89,0.53,0
580,12,505.64,189.19,64.06,67.22,0.89,0
580,1,331.06,324.55,73.51,66.97,0.89,0
580,68,1192.78,284.66,33.25,41.61,0.32,0
581,12,506.55,189.09,63.83,65.70,0.88,0
581,1,332.68,324.66,71.22,66.16,0.85,0
581,56,1344.73,304.09,42.19,51.26,0.45,0
582,12,504.77,187.50,63.98,65.25,0.78,0
582,1,330.05,322.11,72.49,67.80,0.87,0
583,12,502.02,184.64,64.59,65.09,0.80,0
583,1,325.55,318.16,72.78,69.67,0.86,0
584,12,498.92,180.92,65.43,65.92,0.79,0
584,1,321.44,314.62,75.30,70.96,0.52,0
585,12,498.58,180.49,65.10,65.64,0.85,0
585,1,322.50,314.84,74.15,70.51,0.86,0
585,56,1346.07,296.09,41.40,54.85,0.51,0
586,12,497.10,166.78,65.88,67.67,0.88,0
586,1,320.22,302.56,74.73,68.13,0.77,0
586,56,1345.80,283.65,42.08,50.30,0.68,0
587,12,495.60,165.31,67.49,68.82,0.89,0
587,1,319.40,302.26,72.80,66.46,0.85,0
587,56,1345.67,281.39,42.42,50.71,0.58,0
587,68,1186.34,256.46,39.22,42.34,0.31,0
588,12,494.66,164.31,68.13,68.84,0.85,0
588,1,319.22,302.11,71.51,66.61,0.73,0
588,68,1189.44,255.32,37.06,42.43,0.26,0
589,12,494.04,164.53,67.65,68.38,0.86,0
589,1,318.49,302.47,70.92,66.87,0.86,0
590,12,494.82,165.67,67.24,68.45,0.87,0
590,1,319.02,303.19,71.73,66.31,0.87,0
591,12,495.14,167.12,65.54,67.86,0.88,0
591,1,319.08,304.00,73.39,66.46,0.85,0
592,12,496.13,167.88,64.78,67.34,0.87,0
592,1,319.09,304.33,72.97,67.62,0.89,0
593,12,497.86,169.10,63.79,66.95,0.88,0
593,1,321.42,304.85,72.32,66.99,0.78,0
594,12,499.09,171.96,63.65,66.49,0.87,0
594,1,323.37,308.41,72.65,66.46,0.82,0
595,12,496.77,170.82,65.49,68.28,0.89,0
595,1,319.72,309.48,73.75,68.35,0.87,0
595,68,1195.25,261.93,35.08,45.94,0.36,0
596,12,496.88,171.22,65.65,68.85,0.88,0
596,1,319.63,309.33,73.64,70.13,0.87,0
596,68,1195.18,263.11,35.72,45.67,0.42,0
596,56,1350.95,285.40,45.31,50.00,0.37,0
597,12,499.70,175.28,63.22,65.71,0.78,0
597,1,324.52,312.71,72.84,68.16,0.87,0
597,68,1196.68,264.11,35.29,44.27,0.66,0
598,12,501.03,176.91,63.23,64.95,0.77,0
598,1,325.98,313.41,71.91,68.06,0.87,0
598,68,1198.34,264.07,36.60,44.81,0.35,0
599,12,501.31,177.75,64.58,65.28,0.78,0
599,1,326.82,314.47,71.88,67.94,0.88,0
599,56,1360.53,286.83,41.58,51.51,0.32,0
600,12,501.39,178.64,65.66,65.56,0.82,0
600,1,327.16,314.43,73.05,69.03,0.89,0
600,68,1201.62,264.74,38.88,43.67,0.62,0
601,12,502.95,179.41,65.47,65.44,0.82,0
601,1,329.59,314.67,71.61,68.47,0.89,0
601,56,1364.92,286.49,42.09,50.98,0.47,0
602,12,504.23,180.41,64.71,64.67,0.79,0
602,1,329.98,314.79,70.83,69.07,0.87,0
602,56,1365.55,286.56,41.99,50.38,0.44,0
602,68,1203.61,264.61,40.20,44.24,0.29,0
603,12,504.10,181.48,64.07,63.79,0.83,0
603,1,329.43,315.19,70.37,68.50,0.88,0
603,68,1205.44,264.43,39.83,45.71,0.35,0
604,12,502.15,180.33,65.87,64.87,0.85,0
604,1,328.08,314.89,70.67,68.62,0.90,0
604,68,1206.63,265.53,38.19,43.12,0.65,0
604,56,1366.68,288.18,41.44,49.43,0.30,0
605,12,498.82,178.80,68.46,66.21,0.87,0
605,1,325.70,314.92,70.84,68.73,0.90,0
605,68,1206.62,266.43,38.20,44.34,0.58,0
605,56,1365.36,286.80,41.75,51.43,0.36,0
606,12,497.00,177.00,67.85,66.96,0.87,0
606,1,322.60,314.54,71.44,69.85,0.88,0
606,68,1205.23,265.05,36.82,46.36,0.30,0
606,56,1362.69,285.46,41.70,51.72,0.41,0
607,12,496.12,176.39,67.05,67.19,0.85,0
607,1,320.69,316.00,69.25,66.24,0.89,0
607,68,1202.28,264.52,36.89,46.06,0.58,0
607,56,1361.94,286.22,41.78,51.28,0.54,0
608,12,493.72,174.86,68.54,68.95,0.85,0
608,1,318.62,315.10,67.86,67.13,0.87,0
608,56,1360.45,285.54,41.83,52.38,0.40,0
609,12,490.48,175.96,67.04,67.09,0.88,0
609,1,314.45,313.83,68.43,66.82,0.89,0
609,56,1357.63,285.70,42.73,51.98,0.67,0
610,12,487.11,175.22,67.65,66.94,0.88,0
610,1,311.70,312.66,67.68,66.35,0.90,0
610,56,1353.86,285.14,44.78,52.60,0.73,0
610,68,1197.46,265.30,33.45,40.89,0.39,0
611,12,481.51,172.67,68.80,70.33,0.86,0
611,1,305.58,312.12,69.85,67.09,0.89,0
611,56,1351.64,286.88,45.10,50.25,0.26,0
611,68,1197.16,266.37,32.80,41.92,0.55,0
612,12,471.29,168.40,72.51,71.79,0.91,0
612,1,291.95,307.84,74.57,71.98,0.90,0
612,68,1194.48,264.17,34.58,42.81,0.64,0
613,12,459.36,168.55,72.08,72.29,0.89,0
613,1,281.82,308.22,73.64,71.86,0.89,0
614,12,462.18,168.27,71.82,70.78,0.85,0
614,1,286.31,307.25,71.34,69.19,0.88,0
614,82,1185.97,261.23,36.48,47.41,0.47,0
614,56,1338.01,283.77,41.19,51.14,0.58,0
615,12,458.54,166.87,73.66,70.11,0.88,0
615,1,283.51,307.17,69.99,65.45,0.83,0
615,82,1180.26,260.27,39.31,50.10,0.42,0
615,56,1338.63,282.92,42.00,51.75,0.30,0
616,12,449.92,164.56,72.13,68.84,0.90,0
616,1,273.61,304.04,73.87,67.25,0.58,0
616,82,1176.84,259.74,37.75,45.50,0.40,0
616,56,1335.63,282.55,43.53,52.91,0.75,0
617,12,444.07,165.34,71.47,69.40,0.90,0
617,1,265.65,305.94,74.10,66.93,0.87,0
618,12,437.50,166.03,71.70,69.85,0.90,0
618,1,258.91,306.64,71.95,68.60,0.88,0
619,12,433.14,167.42,68.70,68.38,0.90,0
619,1,253.64,308.09,72.52,68.67,0.88,0
620,12,430.25,169.23,65.64,66.26,0.90,0
620,1,249.31,309.27,72.49,68.68,0.72,0
621,12,426.69,169.23,66.48,66.60,0.89,0
621,1,245.27,310.75,72.23,68.18,0.89,0
621,56,1313.86,282.76,43.17,48.22,0.47,0
622,12,420.65,167.41,68.01,67.95,0.88,0
622,1,239.91,310.54,70.78,67.56,0.89,0
623,12,415.28,165.33,69.30,68.43,0.89,0
623,1,235.96,309.64,69.30,65.46,0.90,0
623,56,1305.20,273.35,46.01,52.82,0.28,0
624,12,412.88,163.68,67.41,65.85,0.90,0
624,1,234.20,305.49,68.68,65.67,0.81,0
625,12,410.18,161.72,65.73,64.33,0.87,0
625,1,227.38,302.53,71.89,65.66,0.74,0
626,12,407.73,159.89,63.85,61.14,0.70,0
626,1,223.46,299.10,72.83,66.02,0.80,0
627,12,402.36,151.61,65.35,64.87,0.73,0
627,1,221.94,296.60,70.60,64.58,0.88,0
627,56,1290.94,253.93,49.90,54.96,0.72,0
628,12,395.74,145.70,68.77,70.27,0.91,0
628,1,216.22,293.29,69.40,66.21,0.63,0
628,56,1293.26,253.18,44.49,51.37,0.41,0
629,12,389.12,144.69,71.10,71.81,0.87,0
629,1,213.10,292.94,64.53,64.33,0.81,0
630,12,385.31,144.09,70.47,70.21,0.88,0
631,12,382.21,143.21,68.39,69.10,0.87,0
631,1,204.01,290.70,66.78,67.49,0.72,0
632,12,376.62,140.34,70.04,69.98,0.91,0
633,12,371.79,135.53,70.13,71.15,0.76,0
633,1,192.53,284.26,69.64,66.93,0.78,0
634,12,366.98,134.35,70.41,69.49,0.88,0
634,1,189.16,283.33,65.71,63.68,0.82,0
635,12,362.95,134.59,69.18,67.87,0.90,0
635,1,183.05,282.67,68.41,62.60,0.40,0
636,12,359.58,133.77,68.96,67.73,0.74,0
636,1,177.49,280.31,71.23,63.90,0.81,0
637,12,356.12,132.88,69.13,67.16,0.80,0
637,1,174.57,280.84,69.90,63.39,0.88,0
638,12,350.63,128.69,69.95,68.84,0.88,0
638,1,170.85,280.21,67.79,63.43,0.77,0
639,12,345.74,123.56,71.11,70.74,0.44,0
639,1,167.01,277.22,67.26,62.69,0.60,0
640,12,341.96,121.38,70.28,69.36,0.88,0
640,1,162.74,274.53,67.03,61.15,0.72,0
641,12,336.74,117.41,71.32,70.41,0.89,0
641,1,152.56,270.14,72.79,64.31,0.65,0
642,12,332.41,112.52,68.81,69.30,0.82,0
642,1,147.70,264.37,69.13,64.24,0.87,0
643,12,327.56,106.90,69.78,69.32,0.86,0
643,1,143.06,259.97,67.99,63.11,0.84,0
644,12,318.60,99.08,73.98,72.46,0.88,0
644,1,137.01,256.10,68.48,63.77,0.81,0
645,12,303.42,87.80,77.80,77.92,0.84,0
646,12,288.78,84.33,79.78,75.75,0.66,0
646,1,109.11,243.87,73.51,66.25,0.75,0
647,12,293.78,84.64,76.19,73.88,0.56,0
647,1,111.09,242.05,70.28,64.36,0.77,0
648,12,290.95,84.44,75.75,72.07,0.64,0
648,1,105.08,238.99,72.87,67.04,0.70,0
649,12,282.99,81.63,79.82,73.36,0.80,0
649,1,96.69,236.39,74.05,68.76,0.90,0
650,12,274.61,77.81,80.90,75.23,0.87,0
650,1,87.13,229.20,79.52,76.08,0.88,0
651,12,271.00,79.95,78.80,73.30,0.76,0
651,1,86.04,234.04,72.42,67.96,0.62,0
652,12,268.99,83.36,77.43,72.18,0.30,0
652,1,81.24,237.77,70.11,64.95,0.83,0
653,12,266.24,89.24,78.03,73.97,0.87,0
653,1,78.75,247.47,70.83,62.75,0.63,0
654,12,265.54,97.17,76.72,73.78,0.50,0
654,1,80.80,256.28,66.47,62.69,0.83,0
655,1,76.43,261.55,66.82,63.93,0.87,0
656,1,77.16,262.90,66.99,63.54,0.90,0
657,1,75.26,270.81,66.88,64.09,0.87,0
658,1,76.76,282.05,57.11,60.49,0.87,0
661,12,266.84,169.49,80.00,75.34,0.69,0
662,12,274.98,207.27,76.90,72.85,0.78,0
663,12,280.00,209.17,72.43,70.30,0.79,0
664,12,273.88,208.67,75.90,72.84,0.72,0
664,1,79.52,349.83,56.57,59.90,0.79,0
665,12,272.82,207.94,77.21,73.71,0.48,0
665,1,72.94,346.81,65.42,63.63,0.81,0
666,12,269.74,207.32,75.88,71.31,0.80,0
666,1,65.84,345.04,69.32,64.29,0.86,0
667,12,265.03,205.96,72.94,69.83,0.70,0
667,1,56.55,340.49,75.50,67.86,0.37,0
668,12,260.26,194.89,72.94,73.60,0.78,0
668,1,52.15,336.64,76.57,66.14,0.48,0
668,97,1183.22,357.69,46.80,51.99,0.72,0
669,12,257.56,190.17,72.52,71.04,0.83,0
669,1,51.76,330.20,74.82,66.48,0.85,0
669,97,1182.90,350.62,44.44,53.17,0.32,0
670,12,252.63,183.92,75.48,73.04,0.42,0
670,1,48.16,326.04,74.44,66.17,0.43,0
670,99,1030.91,312.60,38.52,45.64,0.57,0
671,12,246.90,175.57,76.29,72.21,0.53,0
671,1,41.88,316.29,75.51,68.63,0.66,0
672,12,242.31,165.48,78.21,74.44,0.62,0
672,1,40.72,306.65,71.96,69.35,0.87,0
672,97,1175.39,319.90,47.30,53.63,0.51,0
673,12,239.16,155.63,75.15,71.97,0.75,0
673,97,1175.66,308.09,47.98,51.97,0.35,0
673,99,1024.10,278.44,39.93,46.23,0.37,0
674,12,234.27,145.11,78.01,74.68,0.65,0
674,1,32.93,291.40,72.19,69.39,0.90,0
675,12,228.82,135.50,77.75,74.89,0.83,0
675,1,25.24,282.37,75.51,69.00,0.81,0
675,99,1020.75,261.61,39.02,46.58,0.36,0
676,12,225.85,127.48,77.26,73.31,0.53,0
677,12,221.80,119.62,78.10,73.86,0.36,0
677,97,1172.82,273.11,44.06,51.81,0.34,0
677,1,17.07,265.35,76.52,69.65,0.74,0
678,12,208.94,112.20,77.40,73.07,0.87,0
678,97,1168.41,264.24,46.11,54.10,0.66,0
678,1,2.66,257.02,76.54,72.75,0.82,0
679,12,208.43,102.90,76.37,74.12,0.69,0
679,97,1169.19,258.20,45.68,52.49,0.59,0
679,1,0.29,251.47,77.03,70.94,0.83,0
680,12,198.54,94.96,79.25,76.50,0.87,0
680,97,1165.43,249.98,46.14,55.00,0.48,0
680,1,0.00,244.96,68.57,71.47,0.84,0
681,12,194.07,72.59,79.86,77.75,0.81,0
681,1,0.00,224.17,65.03,69.98,0.78,0
682,12,193.27,73.06,78.52,77.62,0.76,0
682,1,0.00,224.84,61.82,67.49,0.75,0
683,12,200.30,72.07,77.95,77.32,0.78,0
683,1,0.00,222.70,68.31,67.99,0.64,0
683,97,1166.06,225.71,44.56,53.85,0.49,0
684,12,200.57,72.28,78.23,75.74,0.43,0
684,1,1.87,221.27,67.28,68.19,0.76,0
684,97,1167.65,225.85,45.55,53.01,0.39,0
685,1,3.09,220.11,65.60,69.00,0.77,0
686,1,7.84,221.53,71.68,69.28,0.80,0
686,12,211.37,73.29,78.91,74.79,0.89,0
687,1,16.67,231.92,75.24,69.84,0.72,0
687,12,222.27,85.57,76.97,70.89,0.88,0
688,1,21.01,238.04,74.20,68.15,0.88,0
688,12,225.89,90.56,78.32,73.19,0.90,0
688,103,1184.81,239.34,47.16,53.31,0.51,0
689,12,233.66,96.42,76.05,73.13,0.87,0
690,12,244.10,105.40,73.15,71.96,0.82,0
690,1,38.66,251.81,73.81,66.35,0.72,0
691,12,247.85,110.60,76.61,72.61,0.67,0
691,1,42.86,257.15,75.22,67.97,0.86,0
691,103,1201.56,261.10,45.57,51.57,0.31,0
692,12,257.03,117.66,74.16,72.34,0.81,0
692,1,49.38,260.67,77.29,70.64,0.73,0
692,106,1058.13,239.14,39.03,45.94,0.44,0
693,12,268.19,143.18,74.51,73.07,0.79,0
693,1,64.20,286.19,73.52,69.19,0.82,0
693,106,1062.57,264.04,40.27,46.84,0.48,0
693,103,1219.92,292.16,43.69,52.46,0.63,0
694,12,278.83,166.96,73.52,71.53,0.84,0
694,1,72.22,307.59,75.17,68.26,0.87,0
694,106,1069.68,285.80,41.35,47.06,0.35,0
694,103,1224.36,314.33,46.73,54.26,0.67,0
695,12,289.22,171.82,71.26,72.62,0.65,0
695,1,83.93,314.88,72.58,67.21,0.84,0
695,103,1227.54,320.80,45.37,53.49,0.30,0
696,12,289.61,172.19,74.31,73.87,0.81,0
696,1,83.66,316.32,73.94,68.39,0.47,0
697,12,291.70,173.51,76.70,74.28,0.81,0
697,1,84.99,316.31,75.75,69.34,0.83,0
697,103,1243.40,330.04,44.95,51.44,0.38,0
698,12,297.63,175.06,75.44,72.72,0.72,0
698,1,90.26,316.64,75.36,68.20,0.76,0
698,103,1246.03,330.70,47.68,54.83,0.42,0
699,12,305.87,178.56,72.43,69.69,0.56,0
699,1,100.31,318.05,74.62,68.58,0.83,0
699,103,1247.24,331.54,51.36,54.80,0.52,0
700,12,312.25,180.78,69.94,67.92,0.88,0
700,1,105.41,318.40,75.88,69.07,0.70,0
700,103,1252.30,330.58,52.27,55.55,0.67,0
700,106,1101.69,304.26,38.50,45.56,0.55,0
701,12,316.65,180.28,72.86,68.63,0.82,0
701,1,112.24,318.42,74.63,68.09,0.83,0
701,106,1107.17,303.39,42.25,43.64,0.28,0
702,12,323.48,181.86,71.14,66.85,0.87,0
702,1,120.88,318.21,72.56,66.94,0.81,0
702,103,1265.33,333.52,48.97,55.85,0.70,0
703,12,326.59,180.25,70.59,67.53,0.84,0
703,1,120.22,315.62,75.96,69.68,0.70,0
704,12,325.65,176.86,73.50,69.96,0.85,0
704,1,119.39,313.64,75.97,69.37,0.86,0
704,106,1116.08,305.43,40.72,42.14,0.30,0
705,12,327.50,177.43,73.44,69.55,0.83,0
705,1,121.81,313.52,76.64,70.13,0.86,0
705,106,1117.96,307.35,39.62,45.59,0.57,0
706,12,328.49,177.44,72.40,68.58,0.83,0
706,1,123.13,313.22,75.84,69.57,0.86,0
706,106,1119.19,308.15,40.17,46.55,0.73,0
706,103,1271.89,338.67,50.25,53.49,0.32,0
707,12,329.51,176.60,71.39,67.93,0.85,0
707,1,123.09,311.13,76.26,70.08,0.89,0
707,106,1120.19,309.18,38.73,45.92,0.73,0
707,103,1270.15,338.64,49.45,54.56,0.30,0
708,12,331.42,175.12,72.52,69.36,0.86,0
708,1,123.62,309.25,76.97,70.60,0.92,0
708,106,1123.95,308.98,38.37,46.81,0.55,0
709,12,335.10,173.69,72.22,70.72,0.83,0
709,1,129.76,308.70,74.06,68.88,0.91,0
709,106,1128.54,309.00,38.63,48.13,0.44,0
709,103,1288.03,342.39,38.28,50.37,0.39,0
710,12,338.89,173.30,72.12,71.01,0.79,0
710,1,134.95,308.33,72.24,68.18,0.91,0
710,106,1131.11,309.57,43.36,48.22,0.61,0
710,103,1286.50,341.50,40.01,51.57,0.52,0
711,12,338.45,171.79,72.87,69.63,0.85,0
711,1,134.58,306.56,73.14,69.78,0.91,0
711,106,1133.05,310.57,41.74,46.71,0.48,0
712,12,339.83,172.23,72.90,68.45,0.90,0
712,1,136.77,306.98,72.78,69.20,0.91,0
712,106,1137.96,310.47,37.02,47.94,0.67,0
712,103,1290.40,341.63,42.29,52.62,0.67,0
713,12,340.51,172.15,74.00,68.88,0.92,0
713,1,136.98,307.54,73.64,69.30,0.91,0
713,106,1137.44,310.63,37.99,47.16,0.61,0
713,103,1291.12,343.67,43.26,51.33,0.53,0
714,12,340.27,171.26,74.64,69.90,0.91,0
714,1,136.54,306.61,74.10,70.44,0.92,0
714,106,1137.28,311.32,38.94,46.65,0.67,0
714,103,1293.22,344.51,45.72,51.52,0.63,0
715,12,341.54,170.28,74.33,70.41,0.89,0
715,1,137.10,305.92,74.05,70.70,0.91,0
715,106,1144.44,312.34,35.24,43.49,0.60,0
715,103,1296.51,344.33,45.47,51.79,0.79,0
716,12,343.59,169.46,73.50,71.25,0.79,0
716,1,136.63,306.09,74.86,70.89,0.91,0
716,106,1145.98,311.37,37.38,44.02,0.77,0
716,103,1298.31,344.74,47.20,51.52,0.57,0
717,12,348.70,170.62,74.95,72.97,0.89,0
717,1,141.42,306.66,76.19,71.47,0.91,0
717,106,1148.28,311.26,39.91,44.72,0.70,0
717,103,1298.61,342.57,51.27,55.37,0.66,0
718,12,355.11,173.30,73.09,69.96,0.88,0
718,1,147.66,306.56,78.34,72.03,0.92,0
718,106,1151.51,311.97,39.84,44.40,0.77,0
718,103,1304.49,342.96,48.98,52.19,0.81,0
719,12,359.56,172.96,72.26,69.40,0.88,0
719,1,153.06,306.90,77.46,71.28,0.92,0
719,106,1157.98,311.97,38.49,42.96,0.29,0
719,103,1311.21,343.75,46.96,52.46,0.77,0
720,12,360.31,172.93,72.70,69.58,0.88,0
720,1,154.90,307.39,76.17,70.81,0.91,0
720,106,1161.26,311.42,38.18,43.97,0.66,0
720,103,1315.20,344.33,49.16,54.14,0.76,0
721,12,363.14,174.14,73.39,69.72,0.87,0
721,1,158.93,307.70,73.76,70.92,0.89,0
721,106,1164.16,312.37,39.24,44.62,0.54,0
721,103,1317.40,343.13,52.14,58.40,0.73,0
722,12,367.64,175.18,75.81,71.61,0.64,0
722,1,162.67,309.27,74.54,68.60,0.91,0
722,106,1169.16,311.71,39.60,46.23,0.67,0
722,103,1319.54,342.28,53.10,57.50,0.73,0
723,12,373.07,177.32,74.17,69.93,0.89,0
723,1,167.68,311.60,74.91,69.20,0.89,0
723,106,1173.73,310.78,40.17,44.96,0.78,0
723,103,1322.46,339.74,53.74,58.20,0.57,0
724,12,377.86,178.42,74.79,69.68,0.89,0
724,1,171.30,313.26,75.80,69.34,0.90,0
724,106,1177.59,311.31,39.08,44.02,0.62,0
724,103,1331.10,340.96,48.97,55.47,0.77,0
725,12,380.57,177.31,75.32,71.13,0.89,0
725,1,173.89,313.19,77.98,71.42,0.90,0
725,106,1181.96,308.32,40.81,47.54,0.67,0
725,103,1337.36,340.01,47.55,53.86,0.77,0
726,12,385.85,179.96,72.05,69.11,0.83,0
726,1,180.94,313.57,76.26,71.14,0.89,0
726,106,1185.75,306.99,40.10,49.32,0.66,0
726,103,1341.23,338.47,49.41,54.33,0.67,0
727,12,392.75,181.90,70.08,67.72,0.77,0
727,1,189.56,314.19,73.60,69.21,0.87,0
727,106,1189.91,306.12,42.34,46.98,0.68,0
727,103,1343.38,335.99,52.47,55.42,0.71,0
728,12,400.63,180.53,69.63,67.66,0.80,0
728,1,195.93,314.00,74.58,69.96,0.89,0
728,106,1198.78,304.79,41.16,47.75,0.62,0
728,103,1352.85,333.34,51.15,56.73,0.72,0
729,12,408.49,181.12,70.04,67.14,0.91,0
729,1,205.21,313.97,72.83,70.01,0.87,0
729,106,1205.58,303.19,41.78,45.98,0.38,0
729,103,1359.03,331.30,52.83,56.37,0.71,0
730,12,413.63,182.13,69.37,65.52,0.87,0
730,1,212.67,313.78,72.74,68.41,0.89,0
730,106,1208.68,301.67,43.34,45.26,0.40,0
730,103,1367.12,330.99,52.58,55.26,0.69,0
731,12,423.21,181.89,69.17,66.18,0.89,0
731,1,221.09,313.96,73.96,69.93,0.84,0
731,106,1217.03,302.84,39.96,43.04,0.73,0
731,103,1373.27,330.95,51.33,55.24,0.87,0
732,12,429.19,181.23,68.26,64.96,0.88,0
732,1,228.18,313.38,73.95,69.98,0.85,0
732,106,1225.99,301.71,43.07,46.95,0.50,0
732,103,1384.31,329.94,50.93,55.87,0.86,0
733,12,436.16,179.44,66.03,65.21,0.82,0
733,1,236.61,312.85,74.88,68.55,0.89,0
733,106,1238.60,300.06,39.82,45.45,0.72,0
733,103,1394.76,328.53,51.43,56.16,0.84,0
734,12,452.81,180.57,61.96,60.88,0.84,0
734,1,248.38,312.85,71.53,68.83,0.81,0
734,106,1248.30,300.38,37.65,41.80,0.72,0
734,103,1402.91,329.30,51.40,56.05,0.75,0
735,12,460.57,178.42,65.79,64.62,0.80,0
735,1,261.30,313.16,73.39,66.63,0.76,0
735,106,1258.62,295.75,40.08,45.53,0.83,0
736,12,468.60,173.25,68.53,66.68,0.78,0
736,1,272.93,307.88,74.70,70.30,0.89,0
736,106,1271.02,292.21,38.98,49.49,0.68,0
736,103,1429.35,322.70,51.07,58.10,0.64,0
737,12,479.08,165.63,66.08,65.65,0.73,0
737,1,282.94,299.89,72.14,69.85,0.81,0
737,106,1284.36,283.03,37.83,49.01,0.72,0
737,103,1439.07,311.94,54.29,58.27,0.77,0
738,12,487.67,162.29,67.66,67.23,0.81,0
738,103,1451.58,307.85,51.04,56.97,0.87,0
739,103,1460.88,306.57,52.92,57.09,0.86,0
739,1,310.42,301.15,60.00,61.48,0.67,0
739,106,1302.02,278.46,41.61,46.01,0.41,0
740,103,1470.41,305.15,53.51,55.75,0.87,0
740,106,1312.58,276.81,39.91,46.76,0.30,0
740,12,506.23,164.17,67.76,66.50,0.79,0
741,103,1481.04,303.30,53.48,57.85,0.84,0
741,106,1320.92,276.17,41.98,48.51,0.80,0
741,12,515.48,164.34,72.74,67.31,0.73,0
741,1,330.37,300.36,64.07,63.75,0.27,0
742,103,1491.76,301.09,53.87,58.44,0.57,0
742,106,1331.05,271.65,42.37,49.92,0.62,0
742,12,526.18,164.43,67.48,66.13,0.74,0
742,1,338.63,302.10,65.47,62.19,0.83,0
743,103,1502.69,299.52,52.77,59.98,0.50,0
743,106,1340.29,269.88,40.17,49.76,0.54,0
743,12,533.20,164.22,65.82,63.47,0.82,0
743,1,345.66,298.07,68.06,66.86,0.82,0
744,106,1343.61,267.28,42.51,51.50,0.74,0
744,12,537.41,161.98,62.67,63.97,0.34,0
744,1,349.26,295.62,68.37,66.36,0.85,0
745,106,1344.46,265.47,43.76,50.22,0.61,0
745,12,538.18,160.14,61.17,63.34,0.75,0
745,1,350.16,292.57,69.80,66.73,0.90,0
745,103,1507.99,293.68,54.83,60.87,0.89,0
746,106,1346.35,263.71,42.58,48.17,0.47,0
746,12,536.39,157.17,61.78,62.78,0.65,0
746,1,348.18,289.39,70.57,69.57,0.89,0
746,103,1507.83,290.34,56.05,59.33,0.83,0
747,106,1344.38,263.81,43.01,47.12,0.61,0
747,12,532.01,157.35,64.43,63.43,0.36,0
747,1,344.51,289.46,74.79,69.52,0.87,0
747,103,1505.48,290.00,57.12,60.57,0.71,0
748,106,1343.90,263.60,43.39,46.48,0.77,0
748,12,530.08,155.40,63.09,64.09,0.65,0
748,1,338.59,289.31,76.91,68.01,0.86,0
748,103,1506.49,290.90,54.43,57.85,0.76,0
749,106,1343.12,261.80,43.59,46.32,0.79,0
749,12,526.96,148.93,60.69,67.26,0.28,0
749,1,335.28,288.96,70.39,66.12,0.82,0
749,103,1506.38,288.86,51.45,56.89,0.79,0
750,106,1339.56,261.03,41.97,46.76,0.79,0
750,12,525.05,149.88,61.50,65.96,0.72,0
750,1,332.62,289.68,70.99,65.37,0.84,0
750,103,1501.41,286.99,52.83,58.44,0.66,0
751,106,1337.85,260.92,42.00,46.55,0.76,0
751,12,520.97,148.05,66.60,68.88,0.54,0
751,1,332.11,289.90,66.80,63.74,0.84,0
751,103,1496.88,286.07,55.28,59.46,0.72,0
752,106,1337.40,260.82,40.66,46.27,0.79,0
752,12,518.01,146.14,69.79,71.85,0.30,0
752,1,328.85,288.77,67.47,66.01,0.85,0
752,103,1495.26,285.64,56.36,59.55,0.72,0
753,106,1334.70,259.03,42.45,47.15,0.38,0
753,1,323.64,286.99,69.08,68.32,0.84,0
753,103,1493.77,284.25,56.07,59.23,0.82,0
754,106,1333.08,258.29,41.96,49.13,0.47,0
754,1,317.87,286.66,71.99,68.93,0.80,0
754,103,1492.04,285.14,54.11,57.65,0.84,0
754,12,511.21,147.45,67.94,67.77,0.36,0
755,106,1330.23,258.21,40.82,48.86,0.59,0
755,1,316.00,289.17,70.08,65.63,0.80,0
755,103,1489.25,285.66,53.51,57.00,0.85,0
755,12,508.01,148.85,67.16,66.15,0.33,0
756,106,1327.71,257.45,41.67,48.86,0.67,0
756,1,313.39,288.34,70.62,66.66,0.83,0
756,103,1487.89,285.85,51.80,55.74,0.84,0
757,106,1325.68,257.72,41.99,49.57,0.57,0
757,1,310.52,288.73,69.98,65.71,0.81,0
757,103,1484.84,285.38,53.52,56.46,0.82,0
758,106,1322.64,256.41,44.76,49.45,0.80,0
758,1,306.27,287.17,68.35,65.37,0.85,0
758,103,1482.87,283.83,55.23,57.55,0.78,0
758,12,500.10,147.56,65.41,66.27,0.69,0
759,106,1320.86,256.07,45.58,49.77,0.75,0
759,1,303.62,285.32,69.91,67.30,0.85,0
759,103,1480.94,283.12,54.79,58.56,0.81,0
759,12,497.26,147.03,67.15,67.33,0.76,0
760,106,1318.24,256.04,45.29,50.91,0.53,0
760,1,302.92,285.79,71.48,67.61,0.87,0
760,103,1478.32,282.87,53.80,58.94,0.82,0
760,12,495.59,146.57,66.68,68.10,0.80,0
761,106,1317.94,255.75,44.06,49.25,0.60,0
761,1,298.91,284.57,73.98,68.01,0.82,0
761,103,1476.58,281.69,52.80,58.76,0.78,0
761,12,494.81,146.70,65.73,66.90,0.65,0
762,1,294.52,285.25,73.18,66.89,0.78,0
762,103,1470.83,281.62,55.58,58.43,0.84,0
763,1,287.56,284.16,73.05,70.26,0.33,0
763,103,1467.47,281.47,52.85,58.18,0.78,0
763,106,1307.10,253.08,44.36,48.37,0.63,0
763,12,482.55,143.40,65.59,67.21,0.33,0
764,1,278.46,282.73,72.11,69.52,0.33,0
764,103,1459.74,281.45,54.16,57.92,0.81,0
764,106,1299.79,252.57,45.00,46.56,0.66,0
764,12,474.68,143.80,65.99,65.28,0.77,0
765,1,270.54,283.69,70.75,65.61,0.65,0
765,103,1454.14,281.46,52.97,59.17,0.63,0
765,106,1295.78,253.59,42.61,47.34,0.75,0
765,12,466.88,143.27,68.78,67.20,0.27,0
766,1,262.18,284.06,71.29,67.53,0.87,0
766,103,1445.93,281.92,54.78,58.89,0.78,0
767,1,256.80,285.43,69.59,66.60,0.66,0
767,103,1441.46,282.49,54.08,57.57,0.79,0
767,106,1282.61,254.29,44.37,49.21,0.59,0
767,12,455.18,144.33,65.68,67.42,0.73,0
768,1,254.31,288.54,68.08,63.18,0.86,0
768,103,1436.33,283.01,53.80,57.32,0.81,0
768,106,1276.76,255.80,45.64,48.31,0.63,0
768,12,449.93,146.01,67.18,68.90,0.69,0
769,1,246.16,289.58,72.30,68.05,0.78,0
769,103,1432.33,282.04,54.18,59.31,0.72,0
769,106,1273.03,256.35,46.57,49.50,0.63,0
769,12,443.30,145.29,69.25,72.36,0.26,0
770,1,238.62,290.94,73.43,67.37,0.86,0
770,103,1425.56,281.81,56.60,60.16,0.86,0
770,106,1269.51,256.97,45.31,51.64,0.71,0
771,1,229.08,290.84,73.48,71.60,0.88,0
771,103,1421.03,282.75,52.43,57.38,0.88,0
771,106,1264.15,256.93,44.77,51.72,0.72,0
771,12,425.45,145.77,71.37,72.46,0.36,0
772,1,218.43,291.67,76.33,72.60,0.91,0
772,106,1256.94,256.12,43.00,50.50,0.78,0
773,1,208.31,289.54,77.97,78.31,0.88,0
773,106,1247.31,256.51,44.28,51.15,0.42,0
774,106,1239.57,256.33,43.06,50.90,0.39,0
774,12,397.80,143.48,74.06,75.21,0.45,0
775,106,1230.26,255.38,44.32,48.51,0.83,0
775,12,390.11,144.51,74.80,72.74,0.55,0
775,1,191.89,290.05,77.31,71.41,0.86,0
776,106,1222.52,253.80,46.38,49.15,0.43,0
776,12,380.09,143.15,69.83,69.84,0.75,0
776,1,180.46,287.80,74.82,68.95,0.87,0
777,1,167.29,283.88,75.36,69.51,0.89,0
778,1,158.36,280.19,73.94,72.27,0.49,0
779,1,148.54,278.83,76.45,70.77,0.80,0
779,103,1360.41,277.72,46.15,53.81,0.67,0
780,1,141.80,279.38,75.34,69.12,0.70,0
780,103,1349.20,275.89,51.26,57.15,0.82,0
781,1,128.02,276.18,79.27,70.73,0.75,0
781,103,1343.04,272.64,54.02,60.24,0.86,0
782,1,119.91,275.20,80.06,70.82,0.83,0
782,103,1336.68,271.33,56.28,61.68,0.36,0
783,1,116.54,274.52,79.67,71.33,0.83,0
783,103,1332.39,271.72,52.78,61.51,0.78,0
784,1,109.97,274.49,79.45,71.59,0.63,0
784,103,1326.69,274.15,51.84,60.14,0.27,0
784,106,1174.44,246.38,42.14,47.66,0.65,0
785,1,104.66,277.55,77.98,71.68,0.42,0
785,103,1323.14,276.11,51.41,59.07,0.52,0
785,106,1173.71,249.15,39.26,46.17,0.72,0
786,1,96.62,279.15,80.15,74.15,0.82,0
786,103,1320.27,279.67,51.95,58.45,0.40,0
786,106,1170.98,252.53,38.37,45.58,0.35,0
787,1,88.76,279.93,82.72,75.13,0.88,0
787,103,1314.08,280.46,55.73,59.65,0.29,0
787,106,1163.65,253.23,42.49,46.35,0.71,0
788,1,84.31,281.67,80.85,73.41,0.88,0
788,103,1309.26,282.08,56.29,60.51,0.74,0
788,106,1158.54,255.72,43.42,45.97,0.60,0
789,1,83.30,284.81,78.60,73.22,0.85,0
789,103,1305.87,284.76,55.61,60.23,0.64,0
789,106,1154.69,259.75,44.46,46.53,0.47,0
790,1,80.60,286.52,78.98,76.83,0.56,0
790,103,1302.62,286.99,56.11,58.39,0.75,0
790,106,1153.07,262.40,44.51,46.27,0.44,0
791,1,75.29,287.67,80.68,77.14,0.31,0
791,103,1296.45,289.11,58.35,58.95,0.82,0
791,106,1149.77,264.70,43.25,45.05,0.69,0
792,1,70.95,289.54,81.78,77.09,0.80,0
792,103,1294.14,291.83,54.87,61.12,0.47,0
792,106,1146.09,265.54,43.14,45.48,0.73,0
793,1,67.53,291.54,83.65,77.75,0.80,0
793,103,1292.95,296.24,49.48,59.54,0.33,0
793,106,1143.47,267.62,42.61,49.91,0.62,0
794,1,66.24,309.91,83.24,78.42,0.85,0
794,103,1291.04,315.38,51.71,57.73,0.48,0
794,106,1140.75,287.05,41.93,47.52,0.60,0
795,1,65.29,321.22,82.45,75.74,0.83,0
795,103,1288.53,326.67,50.71,56.91,0.55,0
795,106,1137.64,297.42,41.61,46.11,0.71,0
796,1,67.38,325.04,83.05,76.46,0.84,0
796,103,1284.26,330.10,52.97,57.11,0.82,0
796,106,1134.39,302.38,43.54,46.12,0.51,0
797,1,57.65,324.33,83.94,78.26,0.82,0
797,103,1287.06,330.89,52.32,60.10,0.67,0
797,106,1134.54,303.61,44.60,47.47,0.75,0
798,1,51.57,322.85,85.82,77.77,0.74,0
798,103,1287.91,334.75,48.69,57.08,0.66,0
798,106,1132.08,304.33,45.77,48.45,0.50,0
799,1,53.51,325.92,78.97,71.57,0.89,0
799,103,1275.81,334.77,55.82,58.77,0.73,0
799,106,1128.81,307.17,42.78,47.32,0.78,0
800,103,1273.59,335.46,57.52,57.65,0.79,0
800,106,1127.49,307.72,44.82,47.60,0.72,0
801,103,1274.91,334.77,55.10,56.54,0.74,0
801,106,1126.49,307.23,45.55,48.85,0.80,0
802,103,1272.93,334.46,56.40,57.80,0.61,0
803,103,1270.65,333.20,56.95,58.73,0.79,0
803,106,1126.28,305.74,42.89,50.14,0.42,0
804,103,1270.15,331.17,57.06,59.11,0.79,0
804,106,1126.38,304.55,42.75,47.42,0.47,0
805,103,1270.64,325.10,53.50,58.40,0.59,0
805,106,1125.94,298.26,42.16,46.07,0.65,0
806,103,1272.27,318.94,53.99,58.71,0.53,0
806,106,1124.29,290.90,43.24,46.43,0.72,0
806,12,253.92,159.38,74.27,76.38,0.32,0
806,1,42.72,303.62,80.36,77.03,0.90,0
807,103,1271.12,311.17,54.44,60.10,0.55,0
807,106,1124.66,283.01,43.23,47.82,0.73,0
807,12,254.34,154.78,73.19,74.11,0.31,0
807,1,41.93,296.61,80.40,76.30,0.86,0
808,103,1271.65,305.52,54.23,56.81,0.88,0
808,106,1126.26,276.04,41.07,46.05,0.72,0
808,12,252.67,143.18,74.43,76.76,0.53,0
808,1,38.12,288.80,82.17,76.76,0.86,0
809,103,1272.12,300.14,53.04,58.51,0.82,0
809,106,1125.72,273.05,38.83,46.22,0.50,0
809,12,253.10,142.33,75.42,75.76,0.41,0
809,1,38.91,284.89,81.55,76.88,0.87,0
810,103,1272.03,294.19,55.04,61.52,0.89,0
810,106,1124.02,265.96,43.87,56.08,0.35,0
810,12,248.31,132.30,79.68,80.20,0.49,0
810,1,35.54,279.38,80.91,77.05,0.89,0
811,103,1270.40,288.86,56.88,61.49,0.87,0
811,106,1123.67,260.38,40.58,51.34,0.70,0
811,1,33.29,276.04,81.59,76.34,0.83,0
812,103,1269.52,284.16,55.45,59.17,0.88,0
812,106,1127.30,256.73,38.56,47.92,0.49,0
812,1,33.25,271.26,81.77,74.86,0.76,0
813,103,1272.11,278.57,54.23,58.69,0.82,0
813,106,1125.64,248.73,42.65,48.93,0.46,0
814,103,1273.37,268.69,57.11,62.08,0.87,0
814,106,1124.74,240.62,43.89,46.49,0.77,0
814,1,22.91,254.06,84.80,79.46,0.90,0
815,103,1271.88,255.72,55.74,59.78,0.86,0
815,106,1125.48,228.28,41.58,46.49,0.74,0
815,1,23.80,243.20,83.42,77.83,0.57,0
815,12,235.78,90.57,81.39,83.23,0.33,0
816,103,1270.39,242.52,58.00,61.75,0.87,0
816,106,1123.24,216.01,42.96,46.10,0.77,0
816,1,22.32,231.25,83.62,79.67,0.87,0
816,12,232.16,81.85,83.29,81.86,0.84,0
817,103,1269.45,240.32,58.70,61.00,0.86,0
817,106,1123.09,213.49,43.36,47.88,0.78,0
817,1,21.73,231.93,84.14,79.98,0.88,0
817,12,230.77,82.16,84.24,81.95,0.85,0
818,103,1268.79,239.26,59.55,62.11,0.81,0
818,106,1122.05,212.63,44.30,49.42,0.80,0
818,1,16.73,233.42,84.33,79.15,0.85,0
818,12,228.30,81.34,81.94,82.80,0.85,0
819,103,1268.42,237.81,59.28,61.21,0.78,0
819,106,1122.11,211.15,43.27,50.26,0.71,0
819,1,12.97,234.84,85.12,79.64,0.85,0
819,12,224.78,78.99,86.23,85.62,0.85,0
820,103,1267.35,234.76,58.09,61.19,0.84,0
820,106,1120.37,209.00,43.65,50.88,0.63,0
820,1,11.29,237.40,84.50,78.25,0.85,0
820,12,222.28,78.32,87.82,85.86,0.86,0
821,103,1265.94,234.04,58.18,60.44,0.87,0
821,106,1117.61,208.21,44.73,51.36,0.53,0
821,1,9.78,240.13,82.38,78.07,0.76,0
822,103,1264.72,233.51,57.78,60.84,0.63,0
822,106,1115.86,207.33,46.14,51.70,0.58,0
822,1,9.55,242.40,80.94,77.03,0.61,0
822,12,218.77,86.23,85.99,80.98,0.64,0
823,103,1263.51,233.60,59.55,60.47,0.84,0
823,106,1116.60,206.28,45.04,54.04,0.50,0
823,1,8.39,243.98,79.89,75.63,0.48,0
823,12,217.85,89.61,85.38,80.14,0.39,0
824,103,1265.57,233.29,56.93,57.88,0.79,0
824,106,1117.33,205.09,43.91,56.15,0.35,0
824,1,7.12,243.21,78.65,73.81,0.67,0
824,12,217.07,90.41,83.91,80.35,0.33,0
825,103,1269.77,233.61,54.71,56.88,0.81,0
826,103,1274.82,231.20,59.02,60.18,0.86,0
826,106,1126.85,205.16,46.57,52.63,0.75,0
826,12,230.13,94.36,76.80,77.34,0.58,0
827,103,1279.69,230.63,61.33,62.33,0.74,0
827,106,1133.41,206.34,45.19,48.52,0.71,0
827,1,30.47,252.48,78.25,68.89,0.43,0
828,103,1284.82,230.90,59.84,62.36,0.73,0
828,106,1137.63,205.15,45.18,49.76,0.58,0
828,1,32.79,253.49,79.25,72.83,0.51,0
829,103,1294.64,230.96,58.80,61.10,0.78,0
829,106,1148.50,206.15,42.72,48.75,0.41,0
829,1,46.31,255.46,76.01,70.39,0.85,0
829,12,253.41,97.96,74.90,73.93,0.36,0
830,103,1302.09,231.79,58.90,61.53,0.29,0
830,106,1155.01,208.00,44.93,45.91,0.45,0
830,1,60.90,256.04,75.00,73.15,0.68,0
831,103,1314.62,232.97,56.38,58.70,0.72,0
831,106,1164.31,207.66,46.98,52.86,0.65,0
831,1,68.17,256.53,78.14,75.01,0.76,0
831,12,271.97,109.04,77.50,68.39,0.81,0
832,103,1323.58,233.02,57.54,57.77,0.89,0
832,106,1170.77,205.97,51.49,54.63,0.65,0
832,1,75.53,260.16,84.32,73.90,0.41,0
833,103,1334.98,233.46,53.61,56.73,0.40,0
833,106,1179.51,206.70,49.19,51.64,0.71,0
833,1,91.06,262.78,81.39,74.19,0.74,0
834,106,1188.73,206.95,46.74,53.31,0.46,0
834,1,101.43,263.87,80.88,76.24,0.76,0
835,1,115.03,266.65,76.55,72.08,0.36,0
835,103,1358.00,235.19,49.95,55.51,0.75,0
836,103,1368.98,234.22,52.24,54.99,0.45,0
837,103,1379.91,232.43,55.26,58.11,0.82,0
837,1,141.99,268.38,75.91,70.64,0.69,0
838,103,1390.15,231.71,55.95,58.66,0.74,0
839,103,1398.35,233.14,57.76,57.29,0.84,0
841,1,178.81,269.82,71.63,68.42,0.66,0
842,1,184.55,266.41,72.54,68.59,0.57,0
842,103,1414.69,234.67,54.55,53.33,0.63,0
843,1,191.28,264.64,68.42,68.11,0.80,0
843,103,1419.36,236.85,53.09,55.83,0.31,0
844,1,189.15,264.65,73.55,68.35,0.65,0
845,1,192.09,263.83,71.88,69.75,0.63,0
846,1,189.19,263.16,72.16,69.54,0.87,0
847,1,184.31,258.60,72.29,71.05,0.83,0
847,124,1832.72,859.28,77.12,73.10,0.57,0
847,103,1429.64,239.55,48.91,58.95,0.48,0
848,1,182.45,257.40,73.41,72.81,0.86,0
850,127,176.95,254.54,75.09,70.63,0.81,0
859,135,161.77,255.13,77.21,76.29,0.88,0
873,153,1390.11,258.96,50.21,55.91,0.72,0
876,160,129.17,266.22,70.96,70.98,0.79,0
