0,1,880.80,642.18,58.70,56.41,0.81,0
1,1,882.32,640.43,59.15,56.85,0.82,0
2,1,881.29,638.45,60.42,58.10,0.80,0
3,1,881.56,635.33,62.63,60.24,0.80,0
4,1,881.97,634.32,61.90,59.53,0.82,0
5,1,880.53,631.70,60.96,58.88,0.70,0
6,1,881.81,628.36,58.64,56.86,0.79,0
7,1,883.83,624.07,59.31,57.54,0.86,0
8,1,882.71,619.65,58.66,57.07,0.80,0
9,1,882.85,616.94,57.89,56.44,0.82,0
10,1,882.40,612.27,61.53,59.90,0.77,0
11,1,882.76,609.47,60.61,59.00,0.70,0
12,1,881.98,607.24,58.66,57.36,0.72,0
13,1,883.12,599.30,58.62,57.35,0.87,0
14,1,882.78,592.81,58.69,57.37,0.81,0
15,1,881.03,586.80,61.49,59.86,0.76,0
16,1,880.31,582.30,59.60,58.25,0.75,0
17,1,880.85,578.93,58.12,57.06,0.79,0
18,1,880.87,575.64,59.50,58.71,0.76,0
18,2,1531.11,701.70,87.98,86.49,0.60,0
19,1,880.48,573.46,59.50,59.05,0.77,0
20,1,880.75,572.72,59.22,58.93,0.83,0
21,1,880.42,571.36,59.04,58.96,0.86,0
22,1,880.25,570.38,58.31,58.54,0.85,0
23,1,879.82,569.10,58.43,58.88,0.82,0
24,1,876.87,566.83,60.26,60.66,0.80,0
25,1,875.56,565.09,59.84,59.81,0.80,0
26,1,874.74,563.28,59.58,59.10,0.58,0
27,1,874.05,562.76,59.48,58.73,0.72,0
28,1,872.90,562.36,59.92,59.01,0.77,0
29,1,872.49,560.18,60.39,59.30,0.73,0
30,1,871.71,556.95,61.47,60.81,0.68,0
31,1,870.48,553.54,61.80,61.49,0.79,0
32,1,871.14,552.60,59.90,59.80,0.80,0
33,1,870.98,550.32,59.37,59.31,0.82,0
34,1,870.77,549.67,59.24,59.26,0.83,0
35,1,869.89,549.07,59.29,59.32,0.86,0
36,1,869.10,548.33,59.15,59.22,0.88,0
37,1,868.58,547.07,59.29,59.33,0.89,0
38,1,868.22,546.80,59.31,59.45,0.90,0
39,1,867.77,546.81,59.14,59.56,0.90,0
39,4,1515.52,667.13,96.50,78.64,0.56,0
40,1,867.69,546.58,58.86,59.52,0.90,0
40,4,1510.77,665.92,105.20,86.10,0.65,0
41,1,867.90,546.24,57.94,58.77,0.89,0
41,4,1508.41,664.82,109.19,89.95,0.71,0
42,1,867.53,545.47,57.90,58.83,0.90,0
42,4,1507.59,664.12,110.56,91.85,0.70,0
43,1,867.38,544.89,57.59,58.38,0.89,0
43,4,1507.91,663.54,109.89,92.07,0.54,0
44,1,867.23,544.40,58.10,58.76,0.89,0
44,4,1508.59,662.91,109.31,92.46,0.75,0
45,1,866.90,543.87,58.74,59.31,0.89,0
45,4,1509.28,662.72,107.76,92.13,0.75,0
46,1,866.85,542.88,60.28,60.85,0.89,0
46,4,1508.40,662.43,107.22,92.79,0.71,0
47,1,866.95,542.08,60.54,61.05,0.88,0
47,4,1509.24,662.58,105.72,92.59,0.57,0
48,1,866.99,541.68,60.15,60.49,0.87,0
48,4,1509.85,662.52,104.05,92.15,0.56,0
49,1,867.06,541.00,59.98,60.08,0.87,0
49,4,1511.26,662.42,102.20,91.52,0.47,0
50,1,867.09,540.74,60.43,60.30,0.86,0
50,4,1512.95,662.35,100.43,91.00,0.43,0
51,1,866.89,540.05,61.60,61.34,0.83,0
51,4,1514.14,662.19,98.81,90.67,0.49,0
52,1,866.74,539.32,62.30,62.01,0.80,0
52,4,1514.81,661.75,97.92,91.16,0.40,0
53,1,867.13,538.51,61.68,61.37,0.80,0
54,1,867.46,538.31,60.49,60.18,0.81,0
55,1,867.74,538.34,59.50,59.18,0.82,0
56,1,868.05,537.99,59.61,59.26,0.83,0
57,1,868.39,537.74,59.95,59.55,0.83,0
58,1,868.60,537.57,60.09,59.70,0.84,0
59,1,868.88,537.17,60.16,59.76,0.85,0
60,1,869.56,536.74,60.03,59.58,0.85,0
60,4,1520.62,657.79,91.36,86.75,0.33,0
61,1,869.53,536.27,59.77,59.15,0.79,0
61,4,1521.20,656.54,90.12,86.88,0.55,0
62,1,870.03,536.41,59.06,58.28,0.78,0
62,4,1522.54,655.90,88.38,86.12,0.56,0
63,1,869.84,536.34,59.07,58.21,0.75,0
63,4,1523.61,655.85,87.18,85.70,0.29,0
64,1,869.57,536.30,59.50,58.72,0.78,0
64,4,1523.59,654.77,87.23,86.40,0.44,0
65,1,869.62,535.94,59.34,58.80,0.45,0
65,4,1523.02,652.03,88.83,88.87,0.30,0
66,1,868.45,533.56,60.59,60.29,0.74,0
66,4,1523.34,651.48,89.55,90.16,0.39,0
67,1,868.37,532.81,60.05,59.92,0.73,0
68,1,868.13,532.18,60.35,60.52,0.73,0
69,1,867.64,530.92,61.38,61.90,0.78,0
70,1,868.25,529.65,61.22,62.01,0.81,0
71,1,869.29,528.72,60.56,61.40,0.82,0
72,1,869.72,528.38,60.22,61.06,0.84,0
73,1,870.18,527.93,59.79,60.66,0.82,0
74,1,870.90,527.36,59.09,59.98,0.81,0
75,1,871.05,526.29,58.78,59.61,0.83,0
76,1,871.98,526.28,58.12,58.93,0.80,0
77,1,871.48,525.51,58.95,59.73,0.80,0
78,1,872.20,525.17,58.63,59.38,0.80,0
79,1,871.80,523.55,59.49,60.08,0.83,0
80,1,870.96,522.14,60.57,61.06,0.84,0
81,1,871.08,521.41,61.12,61.53,0.84,0
82,1,872.68,521.08,60.07,60.33,0.84,0
83,1,873.23,520.42,59.79,59.78,0.84,0
84,1,873.09,519.36,60.54,60.31,0.80,0
85,1,873.75,518.50,60.56,60.11,0.79,0
86,1,874.36,517.99,60.21,59.48,0.78,0
87,1,874.03,517.60,60.31,59.09,0.78,0
88,1,874.01,517.33,60.86,59.27,0.77,0
89,1,873.79,517.12,61.54,59.59,0.75,0
90,1,872.97,517.14,62.25,59.97,0.79,0
91,1,873.06,517.17,62.53,60.00,0.77,0
92,1,873.40,517.04,62.73,60.01,0.72,0
93,1,872.87,517.31,62.42,59.48,0.77,0
94,1,871.98,517.14,62.68,59.50,0.72,0
95,1,871.96,516.95,62.90,59.56,0.73,0
96,1,871.11,516.78,63.68,60.17,0.72,0
97,1,870.65,516.98,63.54,60.02,0.73,0
98,1,869.70,516.89,63.80,60.28,0.73,0
99,1,868.81,517.00,63.92,60.42,0.73,0
100,1,868.55,517.03,64.20,60.70,0.73,0
101,1,869.36,517.43,63.24,59.88,0.78,0
102,1,869.28,517.80,62.99,59.60,0.80,0
103,1,868.08,517.56,63.87,60.42,0.79,0
104,1,866.98,517.69,63.76,60.33,0.76,0
105,1,866.62,517.56,63.78,60.33,0.73,0
106,1,866.39,517.12,64.46,61.02,0.79,0
107,1,866.02,517.74,64.03,60.78,0.82,0
108,1,865.74,518.03,63.14,60.08,0.84,0
109,1,865.70,517.82,62.95,60.01,0.86,0
110,1,865.90,517.52,63.16,60.33,0.85,0
111,1,866.18,517.48,63.82,61.06,0.85,0
112,1,866.03,517.79,64.38,61.76,0.87,0
113,1,864.34,519.06,62.93,60.35,0.88,0
114,1,863.66,519.44,62.09,59.63,0.87,0
115,1,862.34,519.76,61.87,59.55,0.84,0
116,1,861.20,519.39,61.68,59.60,0.82,0
117,1,861.10,519.44,60.86,58.94,0.82,0
118,1,860.84,519.65,60.75,58.96,0.83,0
119,1,860.35,520.29,60.43,58.66,0.84,0
120,1,859.40,520.81,59.29,57.56,0.83,0
121,1,858.07,521.15,58.85,57.22,0.81,0
122,1,857.21,521.17,58.39,56.84,0.81,0
123,1,855.86,520.44,59.07,57.68,0.81,0
124,1,853.29,520.03,60.30,59.22,0.64,0
124,7,855.68,519.81,57.24,59.60,0.46,0
125,1,851.08,519.23,60.70,59.51,0.80,0
126,1,849.23,518.34,60.64,59.22,0.76,0
127,1,847.62,517.85,60.90,59.24,0.71,0
128,1,846.47,516.86,61.62,59.79,0.72,0
129,1,846.43,516.46,61.43,59.58,0.70,0
130,1,846.06,515.67,61.59,59.63,0.74,0
131,1,845.08,514.96,61.39,59.25,0.80,0
132,1,844.82,513.72,62.00,59.75,0.78,0
133,1,844.85,513.60,62.27,60.01,0.80,0
134,1,844.55,513.49,62.68,60.45,0.82,0
135,1,844.07,513.44,62.13,60.15,0.81,0
136,1,843.27,512.86,61.26,59.51,0.79,0
137,1,842.88,511.91,61.17,59.61,0.68,0
138,1,842.35,511.02,61.41,60.00,0.40,0
139,1,842.13,510.81,61.45,60.18,0.42,0
140,1,842.39,510.89,61.13,59.96,0.45,0
141,1,842.48,510.47,61.36,60.28,0.45,0
142,1,842.83,510.16,61.31,60.35,0.35,0
143,1,842.29,509.34,61.90,61.23,0.63,0
144,1,841.57,508.47,61.80,61.29,0.82,0
145,1,841.72,507.76,62.03,61.69,0.81,0
146,1,841.81,506.81,62.15,62.15,0.82,0
147,1,842.98,506.05,60.82,61.01,0.84,0
148,1,843.56,505.17,59.97,60.30,0.86,0
149,1,843.00,504.10,60.11,60.70,0.87,0
150,1,843.66,502.90,59.65,60.53,0.86,0
151,1,845.29,502.46,58.00,58.91,0.87,0
152,1,845.96,501.93,58.05,58.99,0.86,0
153,1,845.77,501.27,58.36,59.28,0.88,0
154,1,847.02,500.53,58.15,59.07,0.87,0
155,1,847.07,499.47,58.77,59.59,0.83,0
156,1,846.80,497.82,60.57,61.24,0.85,0
157,1,848.69,497.45,60.16,60.67,0.80,0
158,1,851.74,496.98,59.35,59.92,0.77,0
159,1,855.68,496.85,57.62,58.07,0.78,0
160,1,858.24,496.48,57.35,57.48,0.85,0
161,1,860.71,495.01,58.58,58.58,0.83,0
162,1,862.98,493.73,59.00,58.74,0.85,0
163,1,865.62,492.74,60.71,60.21,0.86,0
163,13,1522.24,604.10,86.39,89.20,0.36,0
164,1,868.00,490.09,63.04,62.41,0.80,0
165,1,871.09,490.38,59.78,58.76,0.76,0
166,1,872.66,490.05,59.99,58.69,0.78,0
167,1,876.65,489.27,59.86,59.01,0.62,0
168,1,881.67,487.54,60.21,59.20,0.57,0
169,1,884.90,485.94,62.14,60.75,0.73,0
170,1,891.46,486.75,61.60,60.38,0.68,0
171,1,898.52,486.01,60.65,59.94,0.37,0
172,1,903.91,486.21,58.37,58.00,0.74,0
173,1,907.04,483.96,60.99,60.66,0.84,0
174,1,911.23,481.35,62.37,62.15,0.82,0
175,1,914.53,479.85,62.23,62.31,0.86,0
176,1,915.97,479.48,61.78,61.84,0.87,0
177,1,918.49,478.44,61.65,61.80,0.83,0
178,1,920.84,477.82,60.69,61.00,0.81,0
179,1,924.33,477.97,58.77,59.18,0.76,0
180,1,928.52,477.95,58.34,58.74,0.81,0
181,1,931.90,477.79,58.41,58.87,0.86,0
182,1,934.03,477.39,58.15,58.33,0.89,0
183,1,935.63,476.24,58.54,58.76,0.88,0
184,1,936.61,474.80,58.61,58.88,0.86,0
185,1,936.95,473.80,59.77,60.05,0.88,0
186,1,938.87,473.65,60.02,60.49,0.90,0
187,1,939.81,472.77,60.85,61.58,0.89,0
188,1,940.59,472.51,61.03,62.09,0.90,0
189,1,941.50,473.42,60.22,61.29,0.87,0
190,1,941.95,473.46,59.65,60.58,0.87,0
191,1,943.01,473.14,60.09,60.98,0.86,0
192,1,943.38,472.43,60.49,61.17,0.84,0
193,1,943.41,472.16,60.79,61.23,0.83,0
194,1,944.73,472.32,60.07,60.25,0.83,0
195,1,945.76,471.92,59.98,59.87,0.80,0
196,1,946.74,471.28,60.87,60.58,0.77,0
197,1,947.07,471.21,61.16,60.74,0.80,0
198,1,947.89,471.15,61.22,60.85,0.66,0
199,1,950.16,470.38,61.04,60.54,0.72,0
199,16,948.54,470.45,61.53,60.97,0.44,0
200,1,952.16,469.99,60.45,59.89,0.80,0
201,1,953.26,470.20,59.91,59.34,0.82,0
202,1,953.13,470.33,59.79,59.26,0.79,0
203,1,952.74,470.85,59.30,58.75,0.78,0
203,17,951.06,470.89,57.64,59.91,0.41,0
204,1,952.14,471.04,59.64,59.03,0.73,0
204,17,950.47,470.88,58.05,60.30,0.49,0
205,1,951.92,471.71,59.17,58.49,0.70,0
205,17,950.55,471.50,57.38,59.54,0.56,0
206,1,952.13,472.53,58.46,57.68,0.75,0
206,17,950.95,472.08,56.88,58.94,0.50,0
207,1,952.51,472.73,58.49,57.58,0.76,0
207,17,951.24,472.20,56.91,58.87,0.48,0
208,1,952.61,472.89,58.31,57.30,0.77,0
208,17,951.45,472.28,56.62,58.44,0.49,0
209,1,952.81,473.06,58.55,57.45,0.81,0
209,17,951.62,472.32,56.96,58.68,0.33,0
210,1,953.01,473.12,58.47,57.33,0.82,0
210,17,951.92,472.35,56.92,58.52,0.29,0
211,1,951.95,473.10,58.99,57.86,0.71,0
211,17,950.88,472.36,57.52,59.04,0.55,0
213,1,947.05,471.84,60.74,59.41,0.80,0
214,1,945.23,471.41,61.68,60.27,0.81,0
215,1,944.36,471.29,61.76,60.36,0.82,0
216,1,943.26,471.06,62.27,60.91,0.82,0
217,1,942.30,470.97,62.75,61.32,0.82,0
218,1,941.45,470.76,63.17,61.53,0.81,0
219,1,941.05,471.09,63.58,61.84,0.83,0
220,1,941.10,471.59,63.51,61.76,0.84,0
221,1,941.26,471.88,63.31,61.56,0.83,0
222,1,941.29,472.49,62.63,60.97,0.83,0
223,1,941.27,472.71,62.20,60.68,0.84,0
224,1,940.38,472.81,61.88,60.47,0.86,0
225,1,939.88,473.02,61.66,60.26,0.87,0
226,1,939.06,472.82,61.40,59.88,0.86,0
227,1,938.80,472.87,61.01,59.39,0.87,0
228,1,938.77,473.00,61.43,59.83,0.86,0
229,1,939.05,472.86,61.50,59.95,0.86,0
230,1,939.32,473.10,61.12,59.63,0.86,0
231,1,939.48,473.23,61.45,60.17,0.86,0
232,1,939.28,473.51,61.42,60.62,0.90,0
233,1,938.95,473.36,61.75,61.37,0.91,0
234,1,938.76,473.35,61.60,61.59,0.89,0
235,1,938.71,473.22,61.64,61.94,0.89,0
236,1,938.77,473.64,61.14,61.63,0.90,0
237,1,938.64,474.62,59.83,60.37,0.90,0
238,1,937.89,474.41,59.62,60.19,0.90,0
239,1,936.54,473.59,60.40,60.97,0.87,0
240,1,935.63,473.40,60.36,60.96,0.85,0
241,1,935.05,473.06,60.33,60.90,0.85,0
242,1,934.10,472.22,60.51,61.09,0.85,0
243,1,933.87,472.07,60.08,60.65,0.84,0
244,1,933.54,472.36,59.52,60.09,0.86,0
245,1,932.00,473.24,57.80,58.14,0.85,0
246,1,930.63,473.48,57.65,57.97,0.84,0
247,1,930.26,473.76,56.95,57.20,0.85,0
248,1,928.54,473.54,58.02,58.21,0.79,0
249,1,924.61,472.76,58.69,58.56,0.85,0
250,1,921.57,472.46,59.88,59.57,0.85,0
251,1,918.65,471.87,61.77,61.29,0.83,0
252,1,916.79,471.99,62.39,61.86,0.83,0
253,1,915.30,471.85,61.99,61.33,0.78,0
254,1,914.59,470.57,62.35,61.78,0.83,0
255,1,914.09,469.92,62.84,62.14,0.85,0
256,1,912.28,469.74,60.89,59.98,0.85,0
257,1,910.14,469.50,59.75,58.66,0.80,0
258,1,906.48,469.14,60.62,59.18,0.78,0
259,1,903.68,469.04,61.11,59.40,0.64,0
260,1,898.39,468.93,61.99,59.95,0.78,0
261,1,894.76,468.64,62.61,60.40,0.74,0
262,1,893.19,469.05,62.66,60.38,0.81,0
263,1,891.41,468.34,63.61,61.23,0.79,0
264,1,889.84,467.44,65.49,63.07,0.81,0
265,1,889.09,467.49,65.72,63.17,0.85,0
266,1,887.47,467.00,64.69,62.03,0.86,0
267,1,885.47,467.56,63.30,60.59,0.83,0
268,1,883.04,467.88,62.96,60.19,0.81,0
269,1,880.11,467.83,63.31,60.59,0.80,0
270,1,877.92,467.52,64.42,61.58,0.75,0
271,1,872.35,468.28,64.25,61.09,0.76,0
271,22,1528.89,580.58,85.24,88.43,0.36,0
272,1,868.73,468.62,64.09,60.78,0.77,0
273,1,867.43,468.93,64.59,61.22,0.79,0
273,22,1524.67,578.93,86.64,89.88,0.46,0
274,1,866.47,469.22,64.71,61.30,0.80,0
274,22,1523.96,580.33,85.46,88.55,0.25,0
275,1,865.74,469.37,64.89,61.54,0.80,0
276,1,865.80,469.18,64.74,61.57,0.78,0
277,1,866.20,469.20,64.72,61.78,0.79,0
278,1,866.42,469.61,64.44,61.73,0.80,0
278,22,1522.69,581.66,82.83,85.70,0.28,0
279,1,865.84,469.80,64.38,61.96,0.83,0
280,1,865.66,469.86,64.44,62.24,0.87,0
281,1,863.82,470.44,62.88,60.72,0.89,0
282,1,861.66,470.52,61.78,59.80,0.84,0
283,1,860.96,470.53,61.39,59.60,0.84,0
284,1,859.62,471.26,60.64,58.83,0.84,0
285,1,858.02,472.12,59.59,57.88,0.83,0
286,1,856.45,472.27,59.32,57.71,0.83,0
287,1,852.14,471.87,61.19,59.71,0.80,0
288,1,849.36,471.73,61.86,60.34,0.82,0
289,1,846.89,471.70,62.49,61.09,0.81,0
290,1,845.98,471.82,62.57,61.21,0.80,0
291,1,844.45,472.54,62.34,61.04,0.84,0
292,1,843.64,473.01,61.40,60.19,0.83,0
293,1,843.42,473.34,60.16,59.15,0.87,0
294,1,843.09,472.91,60.28,59.38,0.89,0
295,1,842.40,472.74,60.52,59.61,0.90,0
296,1,840.82,472.41,60.87,59.89,0.90,0
297,1,840.05,472.20,60.33,59.32,0.88,0
298,1,839.77,472.06,59.95,58.96,0.88,0
299,1,839.64,472.10,59.81,58.90,0.87,0
300,1,839.25,472.30,59.61,58.88,0.86,0
301,1,839.00,472.52,59.33,58.80,0.86,0
302,1,838.73,472.61,59.11,58.80,0.86,0
303,1,838.39,472.43,59.02,58.91,0.86,0
304,1,838.13,472.41,58.82,58.83,0.86,0
305,1,838.12,472.34,58.93,59.12,0.85,0
306,1,838.04,472.41,58.83,59.12,0.85,0
307,1,838.16,472.40,58.87,59.29,0.86,0
308,1,838.01,472.30,59.06,59.56,0.86,0
309,1,837.88,472.37,59.61,60.21,0.86,0
310,1,837.54,472.40,59.94,60.57,0.86,0
311,1,837.34,472.50,60.27,60.94,0.85,0
312,1,837.44,472.53,60.42,61.17,0.85,0
313,1,837.52,472.46,60.80,61.50,0.84,0
314,1,837.64,472.67,60.67,61.37,0.85,0
315,1,837.64,473.04,60.60,61.21,0.85,0
316,1,837.99,473.33,60.46,60.98,0.86,0
317,1,837.98,473.21,60.63,61.08,0.85,0
318,1,838.06,473.39,60.35,60.72,0.85,0
319,1,838.12,473.23,60.85,61.07,0.86,0
320,1,839.00,473.54,60.56,60.72,0.87,0
321,1,840.08,473.86,60.13,60.28,0.89,0
322,1,840.82,474.16,59.83,60.05,0.89,0
323,1,841.70,474.70,59.33,59.60,0.89,0
324,1,842.14,475.08,59.00,59.36,0.89,0
325,1,842.67,475.36,58.71,59.29,0.89,0
326,1,843.14,475.40,58.97,59.80,0.89,0
327,1,843.60,475.26,59.20,60.28,0.90,0
328,1,844.12,474.97,59.11,60.43,0.89,0
329,1,844.29,474.96,58.86,60.46,0.89,0
330,1,844.27,475.08,58.71,60.59,0.90,0
331,1,844.47,474.87,58.69,60.85,0.89,0
332,1,844.66,475.15,58.34,60.75,0.90,0
333,1,845.01,475.48,57.59,60.15,0.90,0
334,1,846.08,475.55,57.01,59.44,0.88,0
335,1,847.09,475.91,57.07,59.35,0.87,0
336,1,847.27,475.72,57.88,60.12,0.86,0
337,1,848.74,475.96,57.24,59.31,0.82,0
338,1,850.19,476.20,56.89,58.84,0.81,0
339,1,849.73,475.35,57.80,59.55,0.83,0
340,1,850.37,475.44,57.75,59.34,0.82,0
341,1,851.75,475.92,57.24,58.75,0.82,0
342,1,852.99,476.43,56.70,58.25,0.82,0
343,1,854.27,476.56,56.51,58.18,0.80,0
344,1,855.71,476.90,56.78,58.37,0.73,0
345,1,856.63,477.22,56.65,58.19,0.77,0
345,24,856.48,477.62,54.70,57.84,0.47,0
346,1,857.05,477.47,56.47,57.98,0.77,0
346,24,856.77,477.74,54.48,57.62,0.45,0
347,1,857.27,477.41,56.88,58.56,0.82,0
347,24,856.82,477.59,54.81,58.04,0.27,0
348,1,858.31,477.23,56.21,58.10,0.85,0
349,1,859.52,476.74,57.10,59.01,0.87,0
350,1,860.46,476.77,57.20,58.93,0.88,0
351,1,861.48,477.42,57.01,58.29,0.88,0
352,1,862.12,477.09,57.71,58.88,0.87,0
353,1,862.76,477.10,57.42,58.48,0.85,0
354,1,863.01,477.47,57.20,58.15,0.84,0
355,1,863.36,477.77,57.61,58.47,0.84,0
356,1,863.66,477.26,58.80,59.60,0.85,0
357,1,864.06,476.57,59.82,60.50,0.84,0
358,1,865.14,476.66,59.94,60.36,0.87,0
359,1,866.61,476.90,59.72,60.13,0.89,0
360,1,867.49,476.80,59.93,60.54,0.87,0
361,1,867.89,476.64,59.83,60.63,0.88,0
362,1,868.32,476.46,59.43,60.41,0.89,0
363,1,869.12,476.72,58.78,59.90,0.89,0
364,1,868.98,475.91,59.39,60.37,0.89,0
365,1,870.73,475.64,59.35,60.28,0.86,0
366,1,871.03,475.12,60.11,60.96,0.85,0
367,1,872.97,475.73,59.21,59.98,0.84,0
368,1,873.64,474.70,60.04,60.57,0.84,0
369,1,878.37,475.24,58.78,59.47,0.81,0
370,1,879.74,474.78,58.87,59.73,0.80,0
370,25,880.63,474.38,55.90,59.57,0.46,0
371,1,881.73,475.04,58.38,59.21,0.87,0
372,1,884.20,474.34,58.91,59.78,0.87,0
373,1,885.19,472.89,60.50,61.30,0.85,0
374,1,886.43,472.45,60.57,61.34,0.85,0
375,1,888.14,472.19,60.75,61.43,0.86,0
376,1,890.70,472.37,60.67,61.47,0.88,0
377,1,892.18,472.46,59.80,60.74,0.89,0
378,1,893.07,472.64,59.32,60.00,0.87,0
379,1,894.68,472.87,59.44,59.92,0.84,0
380,1,894.39,471.98,60.81,60.95,0.84,0
381,1,896.96,471.81,59.99,59.78,0.82,0
382,1,899.63,471.54,60.42,60.18,0.65,0
383,1,903.04,471.60,59.39,58.97,0.78,0
383,26,900.91,471.22,61.50,59.84,0.48,0
384,1,905.08,471.83,58.80,58.29,0.83,0
385,1,906.88,472.19,58.26,57.77,0.83,0
386,1,907.92,472.23,57.96,57.51,0.85,0
386,27,124.84,554.40,66.86,34.89,0.37,0
387,1,908.15,472.01,58.43,57.85,0.85,0
387,27,125.10,554.49,66.40,34.61,0.42,0
388,1,909.34,471.54,59.11,58.45,0.85,0
389,1,909.32,470.62,60.42,59.57,0.85,0
390,1,911.78,470.76,59.81,58.96,0.87,0
391,1,912.95,470.75,60.59,59.62,0.88,0
392,1,914.21,469.73,62.19,61.14,0.85,0
393,1,915.64,469.09,62.76,61.79,0.83,0
394,1,916.20,468.92,62.27,61.19,0.83,0
395,1,916.81,469.20,62.25,60.90,0.81,0
396,1,918.19,469.16,61.86,60.25,0.77,0
397,1,918.16,468.81,62.51,60.69,0.79,0
398,1,919.55,468.35,62.39,60.41,0.75,0
399,1,920.30,467.74,62.98,60.68,0.72,0
400,1,921.63,467.30,62.55,59.87,0.70,0
401,1,925.93,467.45,61.08,58.70,0.62,0
402,1,927.54,467.09,60.95,58.85,0.63,0
403,1,928.46,466.51,61.11,59.18,0.64,0
403,31,928.23,466.23,56.62,58.62,0.38,0
404,1,929.68,465.87,61.35,59.48,0.76,0
404,31,928.79,465.41,57.54,59.56,0.26,0
405,1,930.30,465.64,61.54,59.81,0.80,0
406,1,930.15,465.14,62.26,60.63,0.81,0
407,1,931.00,465.24,61.47,59.92,0.80,0
408,1,931.11,465.12,60.69,59.12,0.62,0
409,1,931.15,465.05,60.07,58.47,0.47,0
410,1,930.24,464.25,60.31,58.84,0.56,0
411,1,929.54,463.36,61.03,59.75,0.70,0
412,1,929.49,463.05,61.22,60.21,0.69,0
413,1,929.38,463.09,60.76,60.03,0.74,0
414,1,930.02,462.80,60.23,59.78,0.79,0
415,1,930.74,462.13,59.36,58.98,0.83,0
416,1,931.01,461.74,58.82,58.48,0.84,0
417,1,930.62,461.76,58.45,58.12,0.82,0
418,1,930.41,461.58,58.49,58.19,0.83,0
419,1,930.04,461.07,59.14,58.96,0.84,0
420,1,929.76,460.65,59.45,59.38,0.81,0
421,1,929.83,460.14,59.29,59.41,0.81,0
422,1,930.55,459.62,58.54,58.82,0.83,0
423,1,930.73,459.95,57.81,58.23,0.81,0
424,1,931.11,459.97,57.05,57.57,0.81,0
425,1,931.40,459.44,57.13,57.78,0.83,0
426,1,931.89,459.10,57.19,57.88,0.84,0
427,1,932.26,458.93,57.42,58.13,0.84,0
428,1,932.32,458.25,58.79,59.71,0.85,0
429,1,932.21,457.67,59.70,60.84,0.86,0
430,1,932.25,457.39,60.26,61.59,0.86,0
431,1,932.58,457.07,60.61,62.01,0.86,0
432,1,932.50,457.07,60.76,62.22,0.85,0
433,1,932.25,457.72,60.91,62.52,0.86,0
434,1,931.86,458.53,60.56,62.26,0.86,0
435,1,931.83,458.55,60.64,62.44,0.86,0
436,1,931.98,458.41,60.48,62.36,0.86,0
437,1,932.30,457.82,60.49,62.47,0.86,0
438,1,932.51,457.88,60.07,62.12,0.86,0
439,1,932.73,457.60,60.10,62.20,0.86,0
440,1,932.92,457.96,59.29,61.39,0.86,0
441,1,933.04,458.57,58.15,60.18,0.85,0
442,1,932.54,459.71,57.39,59.27,0.84,0
443,1,932.14,460.31,57.33,59.09,0.84,0
444,1,931.91,460.73,57.05,58.74,0.82,0
445,1,932.22,460.52,56.58,58.19,0.82,0
446,1,932.21,460.51,55.61,57.15,0.80,0
447,1,931.96,460.06,55.15,56.72,0.79,0
448,1,931.58,459.35,55.24,56.81,0.81,0
449,1,931.56,458.01,56.11,57.56,0.83,0
450,1,930.20,457.20,56.91,58.41,0.80,0
451,1,929.68,456.89,57.01,58.62,0.80,0
452,1,929.63,457.03,56.51,58.18,0.79,0
453,1,929.82,457.02,56.05,57.69,0.81,0
454,1,929.94,456.42,56.15,57.90,0.81,0
455,1,929.75,456.57,55.88,57.66,0.79,0
456,1,929.30,456.68,55.96,57.71,0.78,0
457,1,929.39,456.63,55.61,57.31,0.76,0
458,1,928.76,456.52,56.28,57.86,0.69,0
459,1,927.35,456.30,56.68,58.57,0.60,0
459,35,929.10,455.97,54.46,59.06,0.59,0
460,1,927.04,455.70,57.52,59.21,0.64,0
460,35,927.74,455.91,54.65,59.25,0.58,0
461,1,927.19,455.47,57.55,59.02,0.70,0
461,35,927.83,455.90,54.24,58.77,0.44,0
462,1,926.28,455.29,58.33,59.55,0.45,0
462,35,926.80,455.85,54.62,59.12,0.64,0
464,1,920.83,454.30,60.00,61.23,0.76,0
465,1,920.03,454.96,59.62,60.84,0.77,0
466,1,921.16,456.11,58.30,59.53,0.78,0
467,1,918.91,456.63,59.69,61.07,0.81,0
468,1,917.94,457.25,60.32,61.84,0.82,0
469,1,916.78,457.44,61.08,62.70,0.79,0
469,36,1577.70,557.33,90.98,86.43,0.70,0
470,1,915.80,457.73,61.09,62.65,0.79,0
470,36,1576.26,556.89,92.54,88.00,0.63,0
471,1,914.79,458.60,60.52,62.24,0.82,0
472,1,915.17,459.64,59.75,61.54,0.78,0
472,36,1570.50,558.84,94.27,89.95,0.36,0
473,1,914.19,461.95,58.53,59.70,0.46,0
473,36,1569.25,560.17,95.31,91.38,0.41,0
474,1,910.49,461.39,60.96,61.60,0.74,0
474,36,1569.15,562.19,93.82,90.40,0.25,0
475,1,910.34,464.55,58.29,58.39,0.48,0
475,36,1568.57,564.41,92.46,89.41,0.63,0
476,1,910.67,466.81,57.54,57.47,0.76,0
476,36,1567.20,565.51,92.67,89.99,0.29,0
477,1,909.03,468.46,58.92,58.38,0.80,0
478,1,906.47,470.87,59.20,58.35,0.79,0
478,36,1562.36,567.85,93.43,91.10,0.52,0
479,1,905.16,473.29,59.73,59.01,0.86,0
479,36,1561.81,568.97,92.94,91.20,0.33,0
480,1,903.71,475.98,58.81,58.49,0.75,0
481,1,901.95,478.50,58.32,58.39,0.70,0
481,39,905.18,478.70,53.13,58.11,0.54,0
482,1,898.72,482.13,58.82,59.12,0.76,0
483,1,897.80,485.95,59.29,59.65,0.32,0
484,1,896.39,489.12,59.24,59.17,0.63,0
485,1,894.41,492.02,59.88,59.54,0.73,0
486,1,893.47,494.23,60.71,60.10,0.75,0
487,1,892.66,496.38,61.16,60.54,0.78,0
488,1,891.52,497.99,61.59,61.20,0.88,0
489,1,891.31,500.69,59.93,59.81,0.88,0
490,1,890.83,503.03,59.13,59.32,0.85,0
491,1,891.43,505.74,59.56,59.97,0.82,0
492,1,890.83,509.95,58.57,58.71,0.68,0
493,1,889.11,513.73,58.67,58.38,0.78,0
494,1,887.50,516.73,58.87,58.34,0.82,0
495,1,886.82,520.43,57.74,57.13,0.85,0
496,1,885.20,523.34,58.52,57.96,0.88,0
497,1,882.63,524.87,58.35,58.05,0.87,0
498,1,881.53,525.65,57.99,57.96,0.84,0
499,1,879.67,526.32,58.02,58.00,0.66,0
500,1,878.57,526.95,57.46,57.74,0.72,0
501,1,878.35,527.63,56.80,57.32,0.71,0
501,41,879.63,526.75,57.14,57.22,0.35,0
502,1,876.95,527.62,57.11,57.77,0.77,0
503,1,874.29,527.49,58.03,58.56,0.80,0
504,1,872.50,527.95,58.31,58.75,0.76,0
505,1,872.23,528.32,58.68,59.24,0.74,0
506,1,870.24,527.69,60.15,60.86,0.81,0
507,1,869.15,527.83,60.74,61.59,0.82,0
508,1,868.41,528.11,61.52,62.48,0.83,0
509,1,868.02,529.05,60.91,61.82,0.83,0
510,1,867.54,530.54,59.94,61.05,0.81,0
511,1,866.92,530.66,59.69,61.20,0.82,0
512,1,866.42,530.72,60.34,62.10,0.81,0
513,1,865.20,530.20,61.13,62.95,0.82,0
514,1,862.89,530.64,60.49,62.03,0.83,0
515,1,861.15,531.47,60.18,61.76,0.83,0
516,1,860.08,532.73,59.13,60.63,0.84,0
517,1,858.33,534.58,56.54,58.31,0.66,0
518,1,856.84,534.90,57.40,59.54,0.62,0
519,1,855.61,535.47,56.83,59.30,0.53,0
520,1,855.13,537.56,55.26,57.55,0.79,0
521,1,850.94,538.23,56.39,58.31,0.80,0
522,1,849.35,538.23,57.22,58.64,0.75,0
523,1,847.55,538.66,57.74,58.80,0.80,0
524,1,846.79,538.43,59.47,60.23,0.81,0
525,1,844.37,539.15,60.80,61.29,0.78,0
526,1,843.90,539.48,61.46,61.77,0.82,0
527,1,844.14,540.34,61.36,61.31,0.84,0
528,1,843.31,541.08,61.34,60.96,0.86,0
529,1,842.30,541.12,61.44,60.79,0.88,0
530,1,841.63,540.74,62.13,61.24,0.89,0
531,1,840.33,540.06,62.65,61.37,0.86,0
532,1,839.31,539.84,62.56,60.94,0.85,0
533,1,839.83,539.86,61.08,59.21,0.84,0
534,1,840.37,539.93,59.43,57.40,0.82,0
535,1,840.82,539.73,58.36,56.19,0.80,0
536,1,840.20,538.90,59.16,56.76,0.76,0
537,1,839.34,538.95,58.87,56.32,0.74,0
538,1,838.80,538.68,58.67,56.02,0.56,0
539,1,837.82,536.70,59.85,57.29,0.57,0
540,1,837.57,535.69,60.12,57.67,0.69,0
541,1,837.22,534.89,60.84,58.48,0.77,0
542,1,836.90,534.66,61.04,58.87,0.79,0
543,1,836.67,533.39,61.49,59.63,0.83,0
544,1,836.27,531.72,62.33,60.75,0.82,0
545,1,837.01,529.36,61.80,60.66,0.84,0
546,1,837.56,528.31,60.76,59.78,0.82,0
547,1,838.40,527.38,59.50,58.80,0.84,0
548,1,839.29,526.49,58.58,58.03,0.86,0
549,1,839.69,525.49,58.56,58.18,0.85,0
550,1,840.00,524.08,57.72,57.52,0.85,0
551,1,839.06,521.92,59.52,59.34,0.86,0
552,1,839.12,520.89,60.44,60.33,0.86,0
553,1,839.98,520.41,60.28,60.26,0.87,0
554,1,841.08,519.89,59.78,59.73,0.89,0
555,1,841.79,519.72,59.86,59.77,0.90,0
556,1,842.40,519.58,59.98,59.80,0.87,0
557,1,843.53,518.35,61.30,61.00,0.83,0
558,1,844.53,517.40,60.95,60.65,0.83,0
559,1,844.14,515.96,62.31,61.83,0.80,0
560,1,844.86,514.59,62.60,61.85,0.77,0
561,1,846.48,514.90,61.25,60.38,0.76,0
562,1,846.89,514.59,60.35,59.28,0.76,0
563,1,848.57,514.02,59.71,58.70,0.77,0
564,1,848.38,513.99,60.14,58.81,0.77,0
565,1,852.53,514.35,58.87,57.82,0.74,0
566,1,854.70,513.20,58.58,58.00,0.47,0
567,1,855.70,511.75,58.93,58.63,0.73,0
568,1,857.25,510.94,59.76,59.54,0.79,0
569,1,860.19,510.32,59.74,59.66,0.83,0
570,1,862.67,508.54,60.53,60.56,0.80,0
571,1,864.47,507.07,61.77,62.00,0.85,0
572,1,866.08,506.56,61.76,62.46,0.84,0
572,47,1527.58,603.21,85.38,89.73,0.33,0
573,1,867.08,506.08,61.72,62.51,0.76,0
573,47,1530.60,603.70,84.73,88.98,0.44,0
574,1,869.87,505.65,61.54,62.56,0.76,0
575,1,872.64,503.84,60.21,61.24,0.74,0
576,1,878.05,503.03,57.13,58.47,0.61,0
577,1,882.27,501.83,56.86,58.27,0.87,0
578,1,885.16,499.85,57.24,58.47,0.88,0
579,1,887.06,497.39,58.20,59.50,0.86,0
580,1,889.08,496.49,58.66,59.81,0.87,0
581,1,892.16,496.87,58.11,59.15,0.90,0
582,1,893.43,496.55,58.35,59.25,0.86,0
583,1,895.56,495.83,59.38,60.04,0.81,0
584,1,897.37,495.06,60.18,60.52,0.80,0
585,1,901.79,494.44,60.39,60.23,0.78,0
586,1,905.06,494.97,59.08,58.61,0.81,0
587,1,908.64,494.49,59.19,58.45,0.82,0
588,1,911.27,494.13,59.64,58.57,0.86,0
589,1,913.95,494.54,60.30,59.14,0.90,0
590,1,916.04,494.03,60.24,59.19,0.85,0
591,1,917.78,493.13,61.06,59.78,0.81,0
592,1,919.52,492.42,60.76,59.11,0.69,0
593,1,923.35,491.83,61.25,59.52,0.51,0
594,1,927.84,491.14,61.41,59.63,0.79,0
595,1,930.52,490.81,61.40,59.56,0.80,0
596,1,931.73,490.15,60.65,58.86,0.80,0
597,1,931.03,489.23,61.35,59.57,0.73,0
598,1,931.28,488.83,61.68,59.93,0.77,0
599,1,934.89,489.59,59.48,57.57,0.68,0
600,1,936.33,489.16,60.21,58.06,0.76,0
601,1,939.04,488.40,60.55,58.55,0.58,0
602,1,939.07,486.03,62.76,61.11,0.39,0
603,1,942.87,487.02,61.44,59.94,0.71,0
604,1,944.30,487.03,61.22,59.93,0.58,0
605,1,944.32,486.58,61.10,59.94,0.38,0
606,1,943.77,484.65,61.76,61.01,0.70,0
607,1,944.28,484.00,61.45,61.13,0.60,0
608,1,946.37,483.56,60.10,60.15,0.71,0
609,1,950.28,482.72,58.65,58.84,0.59,0
610,1,952.38,481.07,58.37,58.77,0.78,0
611,1,955.45,480.08,58.90,59.17,0.85,0
612,1,956.50,479.03,59.84,60.03,0.84,0
613,1,959.16,479.01,58.83,59.04,0.83,0
614,1,960.10,478.44,59.05,59.36,0.84,0
615,1,959.84,477.80,59.87,60.19,0.84,0
616,1,960.03,477.60,60.29,60.60,0.85,0
617,1,960.77,477.66,60.41,60.70,0.85,0
618,1,962.07,477.95,60.09,60.37,0.87,0
619,1,962.51,478.01,59.98,60.29,0.88,0
620,1,962.71,478.14,59.52,59.89,0.88,0
621,1,962.83,478.25,59.03,59.42,0.88,0
622,1,963.07,477.93,59.15,59.62,0.88,0
623,1,964.17,477.98,58.56,59.31,0.87,0
624,1,965.49,477.70,59.30,60.16,0.83,0
625,1,966.15,477.90,60.21,61.20,0.84,0
626,1,968.00,478.49,59.32,60.34,0.79,0
627,1,970.83,478.24,59.11,60.21,0.78,0
628,1,972.53,478.41,58.81,59.97,0.76,0
629,1,973.45,478.37,58.71,59.93,0.74,0
630,1,974.67,478.42,57.68,59.13,0.73,0
631,1,977.01,478.31,57.23,58.59,0.81,0
632,1,978.65,478.04,57.07,58.27,0.86,0
633,1,979.23,477.75,57.67,58.73,0.86,0
634,1,978.92,477.72,58.24,59.23,0.86,0
635,1,981.10,477.56,58.49,59.17,0.88,0
636,1,981.72,476.78,59.14,59.62,0.87,0
637,1,982.90,476.46,58.25,58.78,0.87,0
638,1,983.85,475.72,57.85,58.50,0.87,0
639,1,983.33,473.70,59.78,60.26,0.86,0
640,1,983.59,472.75,60.77,61.18,0.87,0
641,1,984.69,472.50,61.08,61.50,0.90,0
642,1,986.15,473.15,60.27,60.74,0.89,0
643,1,988.15,472.65,60.44,61.06,0.89,0
644,1,989.13,472.29,60.30,60.82,0.86,0
645,1,989.79,471.51,61.26,61.60,0.84,0
646,1,991.18,470.72,61.78,62.06,0.81,0
647,1,993.14,470.54,61.58,61.62,0.79,0
648,1,996.97,470.17,61.25,60.97,0.64,0
649,1,1000.33,470.41,59.97,59.52,0.80,0
650,1,1001.80,470.32,59.06,58.41,0.80,0
651,1,1002.71,470.02,59.17,58.25,0.81,0
652,1,1003.07,469.11,60.62,59.28,0.80,0
653,1,1003.70,468.36,61.73,59.97,0.82,0
654,1,1004.93,468.19,61.74,59.80,0.82,0
655,1,1005.35,467.70,62.58,60.29,0.82,0
656,1,1008.46,467.35,63.38,60.95,0.86,0
657,1,1010.32,467.01,64.44,61.74,0.81,0
658,1,1010.85,466.98,64.93,62.33,0.79,0
659,1,1011.50,466.29,65.29,62.71,0.77,0
660,1,1013.53,466.86,63.91,61.32,0.77,0
661,1,1014.45,467.04,63.23,60.56,0.76,0
662,1,1015.52,467.19,62.59,59.88,0.75,0
663,1,1016.74,467.52,61.09,58.49,0.78,0
664,1,1018.66,466.99,61.82,59.16,0.74,0
665,1,1020.54,466.79,61.32,58.81,0.68,0
666,1,1021.45,466.56,61.41,59.10,0.64,0
667,1,1024.55,465.94,61.57,59.50,0.79,0
667,58,1706.03,566.87,94.12,90.88,0.45,0
668,1,1025.30,465.47,61.45,59.56,0.73,0
668,58,1706.83,566.92,93.00,89.74,0.29,0
669,1,1025.91,465.24,61.42,59.66,0.77,0
670,1,1027.81,465.27,61.17,59.39,0.78,0
671,1,1028.77,465.90,60.18,58.38,0.72,0
672,1,1029.43,466.37,59.27,57.37,0.62,0
673,1,1030.52,466.24,59.15,57.34,0.61,0
674,1,1031.52,466.33,59.16,57.27,0.71,0
675,1,1031.73,466.52,58.95,56.89,0.75,0
676,1,1031.60,465.93,60.45,58.13,0.79,0
677,1,1033.60,466.46,60.36,58.03,0.84,0
678,1,1035.49,465.34,61.71,59.39,0.80,0
679,1,1036.03,464.47,62.20,60.13,0.75,0
680,1,1037.07,464.13,61.53,59.68,0.63,0
681,1,1038.02,463.95,61.12,59.36,0.72,0
682,1,1038.74,464.18,60.81,59.22,0.77,0
683,1,1039.76,463.87,61.06,59.50,0.70,0
684,1,1039.61,463.13,61.69,60.09,0.45,0
685,1,1040.60,463.49,60.89,59.29,0.44,0
686,1,1041.84,463.84,60.28,58.76,0.64,0
687,1,1042.95,463.71,59.80,58.39,0.36,0
688,59,1730.41,566.93,93.87,91.96,0.33,0
689,1,1044.94,463.55,60.10,58.87,0.46,0
690,1,1045.60,462.48,61.43,60.90,0.62,0
691,1,1046.87,462.19,61.49,61.54,0.78,0
692,1,1047.72,462.69,60.19,60.70,0.69,0
693,1,1049.41,463.47,58.22,58.86,0.74,0
694,1,1050.34,462.67,59.44,60.22,0.80,0
695,1,1051.71,462.30,59.74,60.54,0.82,0
696,1,1053.47,462.01,59.79,60.64,0.83,0
697,1,1054.51,461.18,60.29,61.26,0.82,0
698,1,1055.11,460.58,60.71,61.74,0.79,0
699,1,1055.48,459.44,61.49,62.57,0.82,0
700,1,1055.93,459.36,61.72,62.75,0.83,0
701,1,1057.69,459.45,61.78,63.01,0.82,0
702,1,1058.73,459.11,62.02,63.58,0.81,0
703,1,1059.70,459.87,60.64,62.41,0.80,0
704,1,1061.00,460.02,59.72,61.57,0.78,0
705,1,1061.77,459.84,59.62,61.44,0.77,0
705,59,1754.64,566.43,92.85,91.46,0.47,0
706,1,1061.62,459.18,60.55,62.37,0.77,0
707,1,1061.41,458.66,61.33,63.20,0.76,0
708,1,1063.20,459.27,60.37,62.28,0.73,0
709,1,1064.52,459.40,59.92,62.02,0.76,0
710,1,1065.29,458.93,59.92,62.36,0.73,0
711,1,1067.55,458.59,58.52,61.18,0.77,0
712,1,1069.59,458.42,56.95,59.80,0.74,0
713,1,1070.50,457.34,56.67,59.73,0.73,0
714,1,1072.76,456.78,55.53,58.47,0.73,0
715,1,1074.64,456.10,55.96,58.95,0.83,0
716,1,1076.32,455.55,56.41,59.26,0.86,0
717,1,1078.03,454.63,56.31,58.89,0.87,0
718,1,1078.41,453.91,56.62,59.03,0.88,0
719,1,1080.03,454.07,55.80,57.98,0.87,0
720,1,1080.59,452.96,57.69,59.60,0.87,0
721,1,1082.17,452.70,58.35,59.97,0.88,0
722,1,1083.76,453.00,57.86,59.41,0.89,0
723,1,1084.72,452.81,57.64,59.31,0.90,0
724,1,1085.58,452.60,57.59,59.42,0.91,0
725,1,1086.60,451.92,58.02,59.79,0.89,0
726,1,1087.47,451.76,58.17,59.86,0.87,0
727,1,1087.78,451.50,58.65,60.27,0.86,0
728,1,1088.13,451.30,59.07,60.66,0.85,0
729,1,1089.46,451.53,58.53,60.06,0.83,0
730,1,1089.39,450.10,59.56,60.85,0.85,0
731,1,1091.89,450.49,58.83,59.98,0.80,0
732,1,1094.82,450.35,58.61,59.99,0.76,0
733,1,1097.16,450.74,57.74,59.12,0.87,0
734,1,1098.67,450.97,57.63,58.83,0.88,0
735,1,1100.09,450.55,58.21,59.24,0.89,0
736,1,1101.59,450.25,58.64,59.57,0.86,0
737,1,1102.05,449.38,59.83,60.51,0.86,0
737,59,1804.95,562.14,93.97,93.83,0.31,0
738,1,1104.34,449.75,59.62,60.24,0.89,0
738,59,1807.54,561.66,93.12,93.72,0.46,0
739,1,1106.63,449.78,59.60,60.51,0.90,0
739,59,1811.07,561.49,91.04,91.88,0.48,0
740,1,1107.45,449.99,59.85,60.94,0.90,0
741,1,1108.54,449.82,60.05,61.21,0.89,0
742,1,1110.01,449.46,60.34,61.43,0.86,0
743,1,1111.55,449.63,60.49,61.54,0.84,0
744,1,1112.31,449.61,60.46,61.41,0.84,0
745,1,1112.17,449.56,60.48,61.23,0.84,0
746,1,1112.40,449.52,60.54,61.04,0.84,0
747,1,1113.34,449.75,60.20,60.51,0.84,0
748,1,1117.71,450.50,58.98,59.44,0.73,0
749,1,1120.87,450.67,58.84,59.55,0.86,0
750,1,1122.39,450.71,58.45,59.18,0.87,0
751,1,1124.29,449.82,59.00,59.77,0.87,0
752,1,1125.55,449.09,59.56,60.33,0.85,0
753,1,1126.75,448.52,59.88,60.72,0.87,0
754,1,1128.04,448.64,59.48,60.31,0.87,0
755,1,1128.64,448.72,59.73,60.47,0.88,0
756,1,1130.02,449.42,59.59,60.29,0.90,0
757,1,1131.47,449.55,59.94,60.89,0.91,0
758,1,1132.55,449.67,59.88,61.07,0.91,0
759,1,1133.20,449.82,59.80,61.18,0.90,0
760,1,1133.35,449.81,59.60,61.14,0.90,0
761,1,1133.71,449.63,59.00,60.55,0.89,0
762,1,1134.24,449.41,58.27,59.68,0.87,0
762,77,40.64,483.87,40.51,51.49,0.43,0
763,1,1134.53,449.09,58.23,59.46,0.85,0
763,77,39.92,483.71,40.76,51.78,0.33,0
764,1,1133.77,447.66,59.97,61.10,0.84,0
764,77,39.81,480.79,43.78,55.54,0.40,0
765,1,1133.50,446.67,61.06,62.00,0.83,0
766,1,1133.27,445.71,62.09,62.77,0.81,0
767,1,1133.56,445.21,62.40,62.68,0.80,0
768,1,1134.28,444.48,62.13,62.09,0.77,0
769,1,1135.12,444.19,61.62,61.40,0.75,0
770,1,1135.78,443.68,61.06,60.57,0.73,0
771,1,1135.63,443.29,61.11,60.38,0.75,0
772,1,1136.97,442.67,59.68,58.85,0.79,0
773,1,1138.05,442.26,59.01,58.02,0.76,0
774,1,1137.71,442.30,59.46,58.21,0.77,0
775,1,1138.70,441.94,59.72,58.60,0.79,0
776,1,1138.92,440.53,60.12,59.21,0.73,0
777,1,1139.05,440.17,59.50,58.60,0.66,0
778,1,1138.35,439.50,60.17,59.15,0.47,0
779,1,1139.40,439.26,60.39,59.52,0.48,0
780,1,1140.78,438.07,61.04,60.67,0.42,0
781,1,1142.20,436.98,59.57,59.38,0.66,0
782,1,1142.34,435.72,60.13,60.43,0.63,0
783,1,1142.24,434.61,59.73,60.23,0.56,0
783,81,1145.25,435.11,51.02,59.02,0.53,0
784,1,1142.29,432.24,59.89,60.55,0.70,0
784,81,1145.22,432.97,51.50,59.54,0.33,0
785,1,1143.02,431.00,58.85,59.59,0.72,0
785,81,1145.78,431.23,51.04,58.94,0.50,0
786,1,1143.34,429.87,58.20,58.92,0.70,0
786,81,1145.92,430.11,50.56,58.24,0.64,0
787,1,1143.31,428.82,58.27,59.08,0.70,0
787,81,1145.71,429.16,51.10,58.68,0.65,0
788,1,1141.94,428.01,58.18,59.07,0.79,0
789,1,1141.61,427.15,58.20,59.17,0.76,0
790,1,1141.55,426.86,57.95,59.01,0.79,0
791,1,1140.49,425.97,58.54,59.60,0.82,0
792,1,1139.65,424.85,59.04,59.92,0.81,0
793,1,1139.03,424.21,58.90,59.47,0.80,0
794,1,1138.64,423.56,59.40,59.78,0.79,0
795,1,1138.18,423.13,59.85,60.00,0.80,0
796,1,1137.46,422.64,60.45,60.38,0.78,0
797,1,1137.12,422.16,60.71,60.47,0.76,0
798,1,1136.65,420.76,60.37,59.77,0.72,0
799,1,1136.97,419.16,59.71,59.04,0.74,0
800,1,1137.34,418.13,58.62,57.87,0.77,0
801,1,1137.27,418.06,58.05,57.05,0.75,0
802,1,1137.00,418.16,57.97,56.77,0.75,0
803,1,1136.75,418.07,58.42,57.06,0.76,0
804,1,1136.71,416.86,59.70,58.35,0.76,0
805,1,1135.87,415.11,60.91,59.51,0.31,0
806,1,1136.40,414.68,60.95,59.66,0.38,0
807,1,1134.44,412.50,63.01,62.27,0.53,0
808,1,1133.07,410.86,63.15,62.75,0.72,0
809,1,1131.83,409.63,64.03,64.05,0.73,0
810,1,1132.03,409.20,63.22,63.59,0.79,0
811,1,1132.21,408.37,61.75,62.38,0.85,0
812,1,1131.63,407.61,60.35,61.24,0.87,0
813,1,1130.53,406.74,60.67,61.79,0.87,0
814,1,1130.32,406.19,59.93,61.04,0.87,0
815,1,1128.82,405.29,60.53,61.61,0.85,0
816,1,1127.57,405.60,59.30,60.55,0.84,0
817,1,1127.53,405.90,57.97,59.10,0.85,0
818,1,1125.99,406.09,57.82,58.88,0.87,0
819,1,1124.74,406.29,58.20,59.02,0.86,0
820,1,1123.57,406.04,57.93,58.83,0.84,0
821,1,1121.09,405.73,58.14,59.02,0.76,0
822,1,1116.35,405.24,58.50,59.22,0.80,0
823,1,1113.66,405.09,58.52,59.31,0.79,0
823,91,3.79,451.81,51.36,56.61,0.51,0
824,1,1110.99,404.89,58.89,59.71,0.87,0
825,1,1109.15,405.33,58.04,59.00,0.89,0
826,1,1107.04,405.60,58.18,59.07,0.88,0
827,1,1103.74,405.11,59.05,59.83,0.86,0
828,1,1101.54,405.15,58.57,59.29,0.88,0
829,1,1099.04,405.28,58.41,59.31,0.86,0
830,1,1095.75,405.11,58.76,59.64,0.61,0
831,1,1090.30,404.91,58.83,59.74,0.80,0
832,1,1085.90,405.26,58.31,59.38,0.89,0
833,1,1081.02,404.73,59.51,60.27,0.88,0
834,1,1077.32,405.59,58.49,58.89,0.88,0
835,1,1073.75,405.94,57.96,58.47,0.82,0
836,1,1067.06,406.02,59.21,59.83,0.77,0
837,1,1061.92,406.85,60.50,61.15,0.84,0
838,1,1058.95,407.75,60.21,61.22,0.87,0
839,1,1055.60,409.37,60.73,61.58,0.83,0
840,1,1051.25,411.25,60.46,61.33,0.87,0
841,1,1049.03,413.48,58.21,59.39,0.76,0
842,1,1046.60,414.13,58.87,60.60,0.65,0
843,1,1043.65,415.35,57.62,59.14,0.28,0
844,1,1042.35,417.30,57.06,58.47,0.78,0
845,1,1039.81,417.83,57.49,58.59,0.81,0
846,1,1037.90,417.74,58.68,59.55,0.80,0
847,1,1036.18,418.58,60.07,60.63,0.83,0
848,1,1034.55,419.26,60.73,60.96,0.86,0
849,1,1031.82,420.10,60.65,60.46,0.84,0
850,1,1030.34,420.65,59.92,59.44,0.84,0
851,1,1029.80,422.50,58.48,57.92,0.86,0
852,1,1029.47,423.33,58.22,57.57,0.85,0
853,1,1029.30,423.94,58.18,57.53,0.85,0
854,1,1028.73,424.65,58.12,57.40,0.85,0
855,1,1028.36,425.30,57.83,56.96,0.86,0
856,1,1028.09,425.73,57.51,56.46,0.87,0
857,1,1027.53,425.77,57.40,56.23,0.85,0
858,1,1027.15,425.43,57.22,56.10,0.84,0
859,1,1025.70,424.50,57.85,56.81,0.83,0
860,1,1023.55,423.47,59.70,58.62,0.75,0
861,1,1020.12,423.15,60.83,59.59,0.83,0
862,1,1016.56,422.60,61.92,60.58,0.81,0
863,1,1013.53,422.57,63.23,61.88,0.80,0
864,1,1012.00,422.50,63.11,61.67,0.82,0
865,1,1011.20,422.48,63.11,61.60,0.81,0
866,1,1010.76,421.73,63.55,61.96,0.80,0
867,1,1010.72,421.35,63.20,61.54,0.80,0
868,1,1010.93,421.42,62.76,61.03,0.78,0
869,1,1009.79,420.43,64.09,62.15,0.84,0
870,1,1008.92,420.59,62.75,60.75,0.87,0
871,1,1007.83,420.18,62.40,60.26,0.82,0
872,1,1006.41,419.93,62.58,60.33,0.82,0
873,1,1005.85,420.39,61.50,59.18,0.82,0
874,1,1005.21,420.46,61.38,58.91,0.82,0
875,1,1004.97,420.75,61.12,58.61,0.83,0
876,1,1004.76,420.91,61.21,58.68,0.81,0
877,1,1004.14,421.07,61.37,58.68,0.81,0
878,1,1003.40,421.55,60.88,58.07,0.80,0
879,1,1002.45,421.94,60.48,57.59,0.80,0
880,1,1002.08,423.04,59.48,56.70,0.80,0
881,1,1001.79,423.63,59.34,56.85,0.80,0
882,1,1001.60,423.97,58.47,56.21,0.81,0
883,1,1000.67,423.50,58.59,56.50,0.79,0
884,1,999.59,422.68,59.72,57.71,0.76,0
885,1,999.41,422.06,60.20,58.10,0.77,0
886,1,999.06,421.58,60.78,58.56,0.75,0
887,1,998.50,422.36,60.63,58.53,0.59,0
888,1,995.24,423.00,61.39,59.22,0.81,0
889,1,993.05,423.50,61.83,59.68,0.81,0
890,1,991.96,424.16,61.46,59.39,0.81,0
891,1,990.97,424.44,61.78,59.77,0.82,0
892,1,989.91,424.62,62.29,60.27,0.81,0
893,1,989.21,424.78,62.51,60.60,0.82,0
894,1,988.88,424.58,62.55,60.75,0.83,0
895,1,987.89,424.24,63.10,61.39,0.80,0
896,1,987.14,423.78,63.00,61.27,0.80,0
897,1,987.49,423.43,62.46,60.86,0.80,0
898,1,987.11,422.43,62.92,61.56,0.83,0
899,1,987.09,422.11,62.36,61.18,0.86,0
900,1,987.00,421.09,63.05,61.80,0.84,0
901,1,986.71,421.43,62.42,61.11,0.87,0
902,1,986.21,421.10,61.72,60.26,0.90,0
903,1,985.37,420.03,62.39,60.77,0.88,0
904,1,984.88,418.65,63.35,61.52,0.84,0
905,1,984.87,418.50,61.50,59.57,0.81,0
906,1,984.07,418.36,60.46,58.47,0.82,0
907,1,981.93,415.86,61.23,59.08,0.67,0
908,1,981.61,413.54,61.58,59.42,0.83,0
909,1,981.28,408.87,61.86,59.87,0.80,0
910,1,981.62,403.32,62.12,60.39,0.86,0
911,1,983.46,397.64,59.58,57.84,0.84,0
912,1,980.57,387.15,62.47,60.61,0.85,0
913,1,980.22,375.94,62.41,60.19,0.83,0
914,1,979.11,362.62,63.24,61.03,0.84,0
915,1,979.78,352.45,62.45,60.12,0.86,0
916,1,979.31,341.40,63.33,60.92,0.86,0
917,1,980.47,327.56,62.18,59.82,0.84,0
