0,1,634.29,369.49,46.67,42.58,0.30,0
1,1,631.55,367.83,49.51,45.22,0.44,0
2,1,629.34,366.26,51.38,46.95,0.34,0
3,1,629.64,364.84,50.56,46.33,0.47,0
4,1,629.74,365.51,51.06,46.91,0.54,0
5,1,627.74,363.47,51.40,47.39,0.59,0
7,1,626.74,359.75,51.97,48.29,0.55,0
8,1,627.40,358.97,50.82,47.52,0.56,0
9,1,627.47,358.67,50.12,47.15,0.31,0
10,1,626.97,358.00,49.05,46.47,0.36,0
11,1,626.56,357.83,48.99,46.79,0.51,0
13,1,619.34,358.74,52.44,50.63,0.53,0
14,1,615.59,359.09,53.20,52.03,0.63,0
15,1,614.45,361.04,52.03,51.08,0.51,0
16,1,612.48,362.75,51.99,51.35,0.45,0
17,1,611.88,365.42,50.07,49.62,0.36,0
18,1,610.19,366.00,49.17,48.79,0.52,0
19,1,608.92,366.48,49.48,49.26,0.40,0
21,1,605.39,366.23,51.28,51.25,0.30,0
22,1,604.87,365.89,52.00,52.13,0.31,0
59,12,697.65,398.38,49.65,51.66,0.33,0
65,12,701.41,399.56,49.30,51.25,0.71,0
68,12,703.62,406.38,48.73,50.25,0.64,0
69,12,703.03,407.91,49.77,51.03,0.51,0
70,12,702.80,408.91,49.76,50.88,0.64,0
71,12,702.42,409.22,50.16,51.19,0.78,0
72,12,703.14,409.72,50.60,51.51,0.44,0
73,12,703.07,409.67,50.94,51.75,0.55,0
74,12,702.96,408.91,52.00,52.78,0.69,0
75,12,703.35,409.82,52.84,53.68,0.28,0
79,13,1187.79,635.21,44.64,109.19,0.41,0
82,12,703.33,414.30,53.06,53.90,0.59,0
85,12,708.86,411.86,51.99,53.45,0.32,0
86,12,710.02,411.44,51.65,53.54,0.64,0
87,12,710.62,410.88,52.49,54.97,0.48,0
88,12,711.48,410.52,52.09,55.10,0.62,0
89,12,713.24,409.42,51.39,54.64,0.64,0
90,12,715.54,408.70,51.23,54.54,0.32,0
92,12,720.93,406.72,50.76,53.94,0.49,0
94,12,724.00,405.82,50.33,53.52,0.47,0
98,12,738.70,401.57,53.62,57.11,0.35,0
99,12,741.03,401.29,54.35,58.22,0.26,0
110,12,774.38,395.84,52.31,55.40,0.30,0
115,12,784.83,394.68,53.71,56.84,0.25,0
117,12,786.92,386.82,56.93,61.10,0.43,0
118,12,788.27,383.70,56.22,60.72,0.53,0
119,12,790.09,379.58,55.00,59.85,0.53,0
122,12,792.85,359.35,55.52,60.75,0.57,0
123,12,794.33,350.72,54.40,59.39,0.38,0
124,12,794.87,339.95,55.77,61.22,0.54,0
125,12,796.30,330.16,54.04,59.12,0.39,0
127,12,799.51,311.07,54.49,59.23,0.72,0
128,12,800.32,302.97,55.83,60.20,0.32,0
130,12,800.66,287.52,57.72,62.44,0.43,0
131,12,799.28,282.09,57.39,62.07,0.50,0
134,12,800.46,264.92,56.59,60.80,0.27,0
135,12,798.71,261.83,59.00,63.59,0.41,0
138,12,800.13,258.21,56.22,60.45,0.74,0
139,12,800.48,258.45,56.09,60.16,0.68,0
140,12,800.36,258.26,57.42,61.48,0.59,0
141,12,803.07,257.68,57.37,61.15,0.52,0
142,12,806.86,257.85,57.58,61.48,0.42,0
143,12,808.34,258.07,58.38,62.48,0.46,0
143,23,808.86,259.52,56.64,60.45,0.33,0
144,23,809.41,259.25,60.09,64.20,0.45,0
144,24,83.00,368.74,36.60,40.72,0.44,0
145,24,83.13,368.47,36.68,40.87,0.37,0
146,24,83.70,367.55,37.26,41.68,0.25,0
146,23,817.98,260.52,58.54,62.57,0.74,0
147,23,823.04,261.90,60.48,64.60,0.53,0
149,23,837.35,263.17,62.21,66.85,0.43,0
150,23,845.82,263.26,60.14,64.71,0.50,0
151,23,851.05,262.02,62.94,67.85,0.32,0
152,23,858.60,261.76,60.19,64.69,0.54,0
154,23,871.46,259.04,60.84,65.42,0.29,0
155,23,878.72,257.87,60.61,65.35,0.30,0
156,23,884.17,259.69,59.15,63.73,0.66,0
158,23,895.83,258.55,57.77,62.04,0.69,0
172,36,1489.52,560.08,119.08,218.84,0.43,0
181,38,167.32,266.29,31.00,37.15,0.51,0
182,38,166.39,265.70,31.47,37.70,0.48,0
183,38,166.93,266.25,31.38,37.57,0.38,0
184,38,168.55,265.83,31.70,37.95,0.57,0
185,38,168.90,264.63,32.07,38.43,0.39,0
186,38,168.08,263.88,31.48,37.82,0.25,0
188,40,928.56,162.43,61.51,65.58,0.52,0
190,40,933.59,157.82,61.73,65.81,0.65,0
192,40,939.85,152.22,63.12,67.33,0.76,0
193,40,941.19,152.42,63.37,67.61,0.68,0
194,40,940.56,152.05,65.65,70.18,0.66,0
196,45,643.49,247.77,32.66,45.73,0.36,0
196,40,942.99,158.99,63.45,67.98,0.38,0
197,45,645.32,247.50,31.50,43.99,0.44,0
199,40,941.04,160.12,65.60,70.49,0.35,0
200,40,940.76,162.29,63.59,68.30,0.55,0
201,40,941.26,163.48,61.13,65.30,0.63,0
202,40,940.44,167.09,63.32,67.63,0.37,0
203,40,940.60,171.86,63.28,67.54,0.76,0
204,40,941.93,176.23,62.22,66.23,0.64,0
205,40,941.91,182.02,61.48,65.36,0.43,0
207,40,936.48,194.24,64.24,68.43,0.35,0
208,40,937.12,203.50,64.49,68.82,0.53,0
209,40,936.82,212.24,66.26,70.85,0.43,0
210,40,937.26,222.01,64.78,69.29,0.82,0
211,40,935.29,230.58,65.39,70.00,0.30,0
212,40,933.98,239.53,66.10,70.82,0.30,0
213,40,934.87,249.40,64.12,68.52,0.54,0
214,40,934.64,261.62,63.48,67.71,0.76,0
215,40,933.39,270.31,62.14,66.05,0.64,0
216,40,931.16,278.41,61.46,65.21,0.73,0
217,40,929.08,283.39,63.08,66.48,0.68,0
218,40,927.32,288.31,62.57,65.42,0.73,0
219,40,924.27,291.33,65.53,68.10,0.53,0
222,40,917.84,305.00,67.04,69.98,0.34,0
223,40,918.00,307.49,65.17,68.04,0.63,0
224,40,916.69,309.64,66.20,69.29,0.60,0
226,40,913.11,317.73,66.15,68.99,0.35,0
227,40,912.85,320.50,65.28,68.02,0.36,0
228,40,910.64,320.44,66.34,68.70,0.30,0
232,40,900.17,325.42,65.27,67.68,0.50,0
237,40,892.40,344.74,67.60,70.14,0.41,0
238,40,891.75,347.31,67.30,69.98,0.60,0
239,40,891.87,348.11,66.79,69.60,0.62,0
240,40,890.69,348.86,67.24,70.24,0.70,0
241,40,889.01,350.91,67.54,70.62,0.79,0
242,40,888.25,352.58,67.70,70.79,0.72,0
242,70,58.56,491.33,33.30,40.82,0.36,0
243,40,889.47,353.31,67.73,70.81,0.63,0
243,70,59.35,492.78,31.55,38.59,0.39,0
244,40,890.40,353.93,67.36,70.47,0.71,0
245,40,893.19,354.39,67.11,70.38,0.64,0
245,70,58.26,485.94,34.52,42.36,0.39,0
246,40,895.75,356.49,67.69,70.63,0.36,0
246,70,62.26,484.17,35.99,44.23,0.48,0
247,40,897.97,358.99,69.30,72.19,0.77,0
247,70,63.75,484.57,36.02,44.29,0.41,0
248,40,900.46,360.91,68.97,71.44,0.54,0
248,70,65.99,488.16,33.85,41.52,0.31,0
249,70,67.56,490.03,32.83,40.07,0.40,0
251,40,908.75,367.38,69.97,72.53,0.28,0
252,40,912.43,371.01,68.43,70.95,0.63,0
253,40,914.38,379.86,69.25,71.86,0.34,0
254,40,919.96,390.86,66.86,69.70,0.59,0
256,40,927.68,402.07,69.43,72.46,0.46,0
257,79,84.00,528.61,31.95,39.81,0.51,0
257,40,930.33,407.25,70.48,73.42,0.69,0
258,40,933.53,412.65,70.31,73.46,0.79,0
259,40,937.49,419.80,68.87,71.97,0.66,0
260,40,940.03,427.40,68.38,71.44,0.51,0
261,40,942.87,432.16,70.71,73.57,0.43,0
262,40,946.32,438.03,69.94,73.13,0.55,0
264,40,955.93,445.88,70.83,74.21,0.65,0
265,40,960.93,450.01,70.41,73.85,0.62,0
266,40,964.07,455.74,70.06,73.40,0.32,0
267,40,968.30,462.52,69.40,72.77,0.72,0
268,40,969.69,467.49,71.40,75.30,0.51,0
269,40,976.90,471.69,69.96,73.59,0.54,0
269,95,130.09,603.66,32.78,40.35,0.47,0
270,95,133.09,604.60,34.29,42.22,0.68,0
271,95,136.43,606.13,34.22,42.12,0.58,0
271,40,985.33,475.00,71.23,74.99,0.59,0
272,95,140.61,606.49,34.38,42.37,0.37,0
272,40,988.17,476.23,71.05,74.81,0.59,0
273,95,143.70,606.96,34.10,42.00,0.65,0
273,40,990.19,476.92,71.34,75.01,0.56,0
274,95,144.60,606.91,34.19,42.10,0.61,0
274,40,992.98,478.21,72.71,76.37,0.68,0
274,97,904.00,530.34,48.21,32.51,0.43,0
275,95,144.36,606.64,34.13,41.97,0.58,0
275,40,995.15,478.06,74.52,78.43,0.71,0
275,97,904.69,530.27,48.14,32.45,0.36,0
276,95,143.49,606.27,34.11,42.00,0.41,0
276,40,996.66,478.04,75.38,79.69,0.78,0
276,97,905.55,530.48,47.52,32.00,0.34,0
277,95,144.20,605.49,34.10,41.94,0.58,0
277,40,997.20,478.18,75.27,79.76,0.78,0
278,95,144.64,603.48,33.00,40.50,0.39,0
278,40,997.65,478.10,75.84,80.51,0.79,0
279,95,144.45,600.73,32.64,40.07,0.45,0
279,40,999.51,477.19,74.67,79.23,0.67,0
279,97,908.27,531.16,47.14,31.61,0.25,0
280,95,144.49,597.03,32.94,40.43,0.42,0
280,40,1001.24,475.07,76.40,81.39,0.75,0
281,95,143.79,591.77,31.31,38.03,0.50,0
281,40,1002.52,473.87,77.18,82.53,0.50,0
282,95,137.94,584.89,34.03,41.35,0.80,0
282,40,1003.38,473.28,76.62,82.02,0.53,0
283,95,137.09,579.15,34.93,42.61,0.59,0
283,40,1004.36,472.10,74.96,80.11,0.77,0
284,95,137.10,574.93,33.49,40.83,0.43,0
284,40,1005.92,471.56,73.74,78.66,0.76,0
285,95,133.80,572.20,33.18,40.18,0.37,0
285,40,1006.71,471.95,75.24,80.49,0.79,0
286,95,131.01,570.48,33.40,40.33,0.49,0
286,40,1006.91,473.07,75.99,81.53,0.79,0
287,95,129.57,570.83,33.74,40.56,0.36,0
287,40,1006.98,475.34,75.71,81.35,0.80,0
287,97,907.73,530.38,49.89,33.13,0.26,0
288,95,129.26,572.51,34.50,41.36,0.47,0
288,40,1006.55,477.34,75.54,81.40,0.73,0
288,97,907.35,531.14,49.44,32.19,0.44,0
289,95,130.11,574.13,34.79,41.34,0.56,0
289,40,1006.35,478.19,75.08,80.94,0.72,0
289,97,906.78,531.48,50.07,31.96,0.42,0
290,95,129.68,576.15,34.18,40.60,0.55,0
290,40,1007.72,478.71,74.10,79.98,0.75,0
291,95,126.50,578.77,34.37,41.36,0.42,0
291,40,1007.39,478.64,74.95,81.09,0.72,0
291,97,904.60,533.83,51.19,31.73,0.40,0
292,95,125.26,579.98,34.86,42.41,0.49,0
292,40,1007.37,481.16,74.06,80.05,0.75,0
293,95,126.01,583.23,34.66,42.23,0.49,0
293,40,1006.96,482.20,73.90,79.70,0.78,0
294,95,127.29,586.81,33.23,40.48,0.55,0
294,40,1007.37,480.66,74.16,79.94,0.71,0
295,95,128.04,588.51,33.08,40.31,0.53,0
295,40,1008.37,480.13,74.02,79.72,0.72,0
296,95,126.02,593.25,32.36,39.53,0.35,0
296,40,1008.78,479.88,74.13,79.68,0.78,0
297,95,123.54,599.43,33.43,40.81,0.44,0
297,40,1008.79,484.35,74.93,80.54,0.81,0
298,95,122.88,604.87,33.31,40.92,0.67,0
298,40,1008.83,488.67,74.25,79.61,0.84,0
299,95,122.35,606.95,33.55,41.43,0.65,0
299,40,1007.99,490.14,73.85,79.01,0.81,0
300,95,121.41,608.49,33.56,41.47,0.53,0
300,40,1005.63,490.15,74.66,79.89,0.68,0
301,95,119.15,608.86,34.10,42.12,0.59,0
301,40,1004.42,490.16,75.31,80.68,0.64,0
301,101,906.01,551.16,47.95,29.92,0.37,0
302,95,117.43,610.27,33.91,41.75,0.52,0
302,40,1003.89,490.51,75.78,81.16,0.65,0
302,101,905.97,552.05,48.10,30.04,0.42,0
303,95,116.01,612.69,32.75,40.18,0.46,0
303,40,1003.96,491.48,75.14,80.21,0.58,0
303,101,905.18,552.63,50.37,31.61,0.27,0
304,95,113.30,614.53,32.36,39.59,0.45,0
304,40,1002.32,492.54,77.22,82.50,0.54,0
304,101,904.60,555.06,47.84,30.00,0.44,0
305,95,111.73,614.92,33.09,40.42,0.44,0
305,40,1002.02,493.52,77.95,83.27,0.58,0
306,95,110.04,613.93,34.42,41.94,0.49,0
306,40,1002.43,493.93,78.14,83.38,0.60,0
306,101,906.92,557.22,44.45,27.76,0.29,0
307,95,107.02,613.50,35.24,42.93,0.48,0
307,40,1002.95,493.92,78.44,83.75,0.63,0
308,95,105.73,614.15,34.37,41.56,0.43,0
308,40,1002.63,493.57,78.56,83.86,0.73,0
308,101,907.13,559.51,43.25,26.93,0.41,0
309,95,106.74,613.86,33.60,39.99,0.56,0
309,40,1002.03,491.54,78.93,84.41,0.63,0
310,95,105.67,610.97,34.31,40.81,0.60,0
310,40,1002.55,488.55,78.27,83.71,0.82,0
311,95,105.78,607.46,35.26,41.99,0.68,0
311,40,1002.31,484.74,79.00,84.62,0.83,0
312,95,105.60,604.47,34.04,40.46,0.48,0
312,40,1001.85,480.89,80.02,85.57,0.66,0
313,40,1001.75,475.51,81.99,87.97,0.80,0
314,40,1000.25,471.78,82.53,88.76,0.84,0
314,97,896.27,537.20,50.20,29.92,0.56,0
315,40,999.14,467.06,82.40,88.25,0.65,0
315,97,895.96,531.89,51.13,31.38,0.54,0
316,40,998.10,462.93,82.06,87.98,0.84,0
316,110,91.66,578.16,30.90,41.19,0.53,0
317,40,997.31,460.21,81.88,87.88,0.84,0
318,40,994.05,456.74,83.36,89.59,0.76,0
318,112,75.71,570.38,34.62,41.77,0.50,0
319,40,988.00,453.32,84.80,90.32,0.36,0
320,40,986.06,448.70,84.97,90.71,0.30,0
320,112,75.38,565.02,32.71,39.39,0.38,0
321,40,984.79,445.16,84.64,90.89,0.35,0
321,112,68.57,559.85,34.78,42.03,0.55,0
322,40,983.27,443.84,83.29,89.73,0.65,0
322,112,60.90,560.58,35.85,43.23,0.61,0
323,40,980.08,442.48,83.74,90.51,0.38,0
323,112,55.09,559.75,38.98,47.13,0.48,0
323,117,877.82,513.47,50.56,27.82,0.40,0
327,123,50.03,577.44,34.69,41.02,0.48,0
327,40,973.80,431.67,87.42,94.74,0.39,0
328,123,48.38,576.99,34.98,41.32,0.54,0
328,40,973.18,431.25,86.09,93.08,0.50,0
329,123,45.42,576.83,36.28,42.87,0.42,0
329,40,972.13,429.90,86.44,93.53,0.73,0
330,123,43.36,576.31,37.92,44.91,0.44,0
331,123,43.02,577.09,37.17,44.12,0.50,0
331,126,862.91,503.02,50.86,30.29,0.46,0
331,128,194.96,626.74,29.78,29.96,0.40,0
332,123,42.30,577.31,36.96,44.00,0.35,0
332,126,862.99,502.37,50.10,29.79,0.34,0
332,128,194.45,625.89,29.39,29.53,0.27,0
332,129,587.96,577.81,37.41,41.45,0.48,0
332,40,966.81,423.75,89.89,95.60,0.57,0
333,123,39.36,577.10,37.03,44.18,0.70,0
333,126,862.43,501.49,50.72,30.12,0.44,0
333,128,190.79,625.98,30.27,30.39,0.34,0
333,40,964.96,422.42,89.85,94.70,0.69,0
334,123,37.72,576.58,36.78,43.97,0.69,0
334,128,190.18,625.45,29.67,29.69,0.40,0
334,40,962.51,420.44,92.48,97.10,0.67,0
335,123,37.07,576.03,36.90,44.17,0.74,0
335,128,189.97,625.56,29.32,29.25,0.49,0
335,40,960.66,419.15,93.97,98.14,0.54,0
336,123,36.29,575.48,37.27,44.58,0.70,0
336,128,190.39,625.45,29.37,29.24,0.47,0
336,40,958.37,417.99,95.36,99.11,0.34,0
337,123,34.89,574.18,37.67,44.95,0.64,0
337,128,191.10,625.48,29.79,29.57,0.41,0
337,40,959.47,417.39,94.94,98.86,0.63,0
338,123,33.31,573.19,37.61,44.87,0.59,0
338,128,190.90,626.23,28.15,27.88,0.29,0
338,40,959.75,415.85,96.25,99.86,0.48,0
339,123,31.22,571.17,37.65,45.09,0.51,0
339,128,189.64,625.83,27.47,27.05,0.25,0
339,40,958.50,414.23,96.06,99.83,0.50,0
339,126,860.60,496.01,47.01,27.74,0.44,0
340,123,30.35,568.29,38.67,46.38,0.57,0
340,128,189.25,624.84,28.13,27.65,0.33,0
340,40,958.47,412.44,94.14,98.17,0.72,0
340,126,858.44,494.21,49.06,28.81,0.58,0
341,123,29.33,566.94,38.06,45.65,0.41,0
341,128,187.18,621.61,27.77,26.93,0.50,0
341,40,958.49,409.75,93.35,97.49,0.80,0
341,126,858.36,491.14,48.36,28.19,0.38,0
342,123,29.33,562.01,41.60,49.63,0.70,0
342,40,958.24,406.89,91.74,95.90,0.87,0
342,126,858.52,488.61,49.08,28.47,0.52,0
343,123,29.65,560.71,40.21,47.70,0.63,0
343,40,959.15,403.80,91.62,95.61,0.67,0
343,126,858.88,486.49,48.80,28.17,0.48,0
344,123,27.29,556.93,41.03,48.77,0.37,0
344,40,958.72,398.84,92.44,96.67,0.64,0
344,126,859.88,481.23,49.82,28.83,0.44,0
345,123,26.78,554.79,40.26,47.78,0.34,0
345,40,957.92,394.32,93.86,98.61,0.53,0
345,126,860.44,478.34,49.92,28.78,0.33,0
346,123,26.94,552.99,39.62,47.03,0.25,0
346,40,957.17,389.61,95.81,100.96,0.41,0
346,126,860.79,474.72,48.48,27.62,0.44,0
347,123,26.93,551.75,39.67,47.10,0.41,0
347,40,957.84,387.28,96.21,101.21,0.33,0
348,123,22.56,548.35,40.16,47.69,0.50,0
348,40,960.59,384.95,94.49,99.66,0.47,0
348,126,859.04,470.80,50.62,28.56,0.28,0
349,123,18.63,545.53,39.87,47.47,0.38,0
349,40,961.06,383.87,93.13,97.89,0.57,0
349,133,960.84,384.56,95.69,97.55,0.50,0
349,126,859.09,468.60,51.93,29.14,0.30,0
350,126,857.63,466.75,53.88,30.48,0.30,0
351,126,853.84,466.67,56.44,32.20,0.74,0
351,40,959.33,382.20,93.73,98.75,0.78,0
352,126,852.71,465.28,55.73,32.02,0.47,0
352,40,959.75,380.52,92.46,97.35,0.75,0
352,123,16.69,546.70,35.92,42.43,0.35,0
353,126,855.34,464.00,51.99,29.52,0.42,0
353,40,957.46,374.42,96.36,101.68,0.72,0
353,123,13.26,540.47,38.87,45.88,0.53,0
354,40,956.58,371.86,97.07,102.98,0.71,0
354,123,8.36,537.34,41.69,49.19,0.72,0
355,40,956.85,370.48,95.81,102.08,0.54,0
355,123,6.36,537.07,41.65,49.19,0.63,0
355,126,855.08,460.55,50.34,28.50,0.50,0
356,40,955.78,368.83,95.43,101.94,0.64,0
356,123,4.45,535.31,43.14,51.34,0.66,0
356,126,853.70,459.74,50.37,28.36,0.60,0
357,40,954.61,365.28,96.27,103.14,0.78,0
357,123,3.82,534.59,42.75,51.22,0.57,0
357,126,852.71,457.00,51.67,29.22,0.56,0
358,40,953.09,361.27,97.22,104.51,0.78,0
358,123,3.13,533.36,41.64,50.41,0.45,0
359,40,952.41,358.20,97.59,104.87,0.86,0
359,123,2.34,532.64,41.52,50.72,0.39,0
360,40,952.23,357.09,96.19,103.07,0.84,0
361,40,951.06,356.12,95.88,102.58,0.83,0
362,40,951.49,352.19,95.60,102.20,0.69,0
362,126,843.14,447.37,54.43,29.66,0.54,0
362,123,0.00,532.32,38.36,49.18,0.53,0
363,40,950.57,347.32,96.94,103.71,0.88,0
363,126,841.38,444.74,57.40,31.35,0.49,0
363,123,0.00,532.22,36.23,47.82,0.60,0
364,40,949.47,344.95,96.57,103.49,0.74,0
364,126,840.05,442.32,57.83,31.70,0.69,0
364,123,0.00,531.60,34.73,47.64,0.53,0
365,40,949.11,342.88,97.28,104.35,0.72,0
365,126,835.21,439.57,60.62,33.11,0.67,0
365,123,0.00,530.79,34.65,47.68,0.56,0
366,40,949.65,341.31,96.84,103.97,0.46,0
366,126,837.64,437.58,60.34,33.32,0.69,0
366,123,0.00,530.38,33.13,48.48,0.51,0
367,40,948.38,340.25,97.95,105.34,0.62,0
367,126,836.18,438.00,59.78,32.97,0.67,0
367,123,0.00,530.92,30.82,48.43,0.50,0
368,40,946.52,340.04,99.09,106.71,0.52,0
368,126,834.13,438.79,58.44,31.96,0.70,0
368,123,0.00,531.20,29.57,48.29,0.50,0
369,40,946.64,339.04,98.80,106.59,0.62,0
369,126,835.64,438.97,56.01,30.50,0.68,0
369,123,0.00,531.03,29.22,47.33,0.52,0
370,40,947.47,336.94,98.92,106.70,0.82,0
370,126,834.47,438.48,58.19,31.74,0.76,0
370,123,0.00,531.13,27.67,46.17,0.48,0
371,40,948.52,335.88,98.58,106.20,0.79,0
371,126,833.41,435.94,59.83,32.70,0.79,0
371,123,0.00,530.43,27.00,46.54,0.55,0
372,40,948.81,335.17,98.09,105.43,0.80,0
372,126,834.48,435.45,58.40,31.99,0.82,0
373,40,948.47,332.98,99.18,106.56,0.78,0
373,126,834.67,433.72,58.88,32.43,0.78,0
374,40,949.02,331.12,99.30,106.40,0.75,0
374,126,835.88,431.41,57.21,31.48,0.73,0
375,40,950.16,326.41,99.29,106.21,0.62,0
375,126,835.37,427.69,58.84,32.36,0.61,0
376,40,950.61,323.22,99.25,106.17,0.71,0
376,126,836.45,426.92,55.25,29.77,0.57,0
376,145,829.71,426.43,69.73,32.48,0.48,0
377,40,950.83,320.40,100.10,107.20,0.76,0
377,126,836.57,425.57,55.36,29.49,0.71,0
378,40,951.47,314.79,101.63,109.08,0.79,0
378,126,834.36,421.33,58.80,31.26,0.68,0
379,40,952.98,311.13,100.44,107.63,0.77,0
379,126,835.25,417.69,57.96,30.74,0.68,0
380,40,953.08,308.91,100.02,107.05,0.84,0
380,126,832.54,414.90,60.66,32.26,0.71,0
381,40,951.29,305.82,100.57,107.39,0.82,0
381,126,832.79,413.71,59.21,31.48,0.60,0
382,40,948.65,304.87,100.90,107.68,0.83,0
382,126,830.33,413.56,59.38,31.65,0.36,0
383,40,946.60,305.66,100.17,106.67,0.84,0
383,126,824.55,413.73,62.78,33.69,0.55,0
384,40,943.45,306.97,99.65,106.06,0.84,0
384,126,821.93,414.21,62.61,33.93,0.41,0
385,40,939.87,307.15,99.77,106.01,0.77,0
385,126,818.00,414.11,64.57,35.46,0.46,0
386,40,935.12,307.19,100.67,106.59,0.58,0
386,126,811.58,414.99,63.41,34.88,0.39,0
387,40,931.73,308.24,102.14,107.94,0.78,0
387,126,806.61,416.33,63.35,34.92,0.57,0
388,40,928.29,308.71,104.07,110.32,0.79,0
388,126,804.71,418.31,62.32,34.41,0.66,0
389,40,925.51,310.78,106.98,114.11,0.52,0
389,126,806.56,422.39,58.03,31.85,0.73,0
390,126,807.14,429.34,57.05,31.26,0.46,0
391,126,802.40,437.21,61.38,33.81,0.54,0
391,154,516.81,530.68,34.11,52.66,0.39,0
391,40,924.33,322.68,104.88,111.84,0.59,0
392,126,800.34,441.04,62.37,34.65,0.87,0
392,40,923.08,326.38,104.90,111.80,0.66,0
393,40,919.62,331.23,106.82,113.93,0.54,0
394,40,917.56,337.64,104.99,111.92,0.46,0
394,126,798.62,452.25,58.78,32.67,0.71,0
395,40,914.16,355.21,104.65,111.55,0.84,0
396,155,788.57,484.40,61.08,34.23,0.70,0
397,155,785.46,489.58,59.48,33.34,0.77,0
398,155,786.29,495.73,54.57,30.51,0.66,0
398,40,906.28,376.73,105.92,112.86,0.39,0
399,155,786.49,499.38,51.80,28.84,0.39,0
399,40,902.59,382.01,107.76,115.30,0.60,0
400,155,783.15,504.54,53.72,29.81,0.60,0
400,40,900.54,385.84,107.41,115.14,0.70,0
401,155,780.05,506.64,56.84,31.56,0.67,0
401,40,898.13,387.61,107.00,114.87,0.51,0
402,155,777.12,509.03,59.12,32.84,0.53,0
402,40,896.50,388.83,106.77,114.92,0.47,0
403,155,776.19,510.84,57.85,32.08,0.43,0
403,40,895.63,388.10,107.58,116.30,0.45,0
404,155,776.61,511.41,56.94,31.54,0.59,0
404,40,893.39,387.59,108.26,117.26,0.63,0
405,155,773.19,510.62,58.20,32.07,0.59,0
405,40,891.70,386.87,107.91,116.93,0.64,0
406,155,769.44,510.18,58.33,31.71,0.65,0
406,40,890.09,385.28,107.46,116.05,0.69,0
407,155,766.06,506.99,60.52,32.67,0.68,0
407,40,887.97,382.54,109.09,117.57,0.75,0
408,155,764.07,506.16,58.31,31.30,0.70,0
408,40,885.08,378.96,112.22,120.93,0.56,0
409,155,763.34,503.96,56.88,30.11,0.38,0
410,155,762.51,502.38,56.19,29.53,0.28,0
410,165,470.41,637.96,26.86,25.66,0.41,0
411,155,758.96,500.21,55.81,28.87,0.41,0
413,155,746.86,499.73,61.19,31.55,0.54,0
414,155,742.84,497.97,61.72,31.70,0.31,0
415,155,738.75,497.64,61.34,31.09,0.50,0
416,155,735.34,497.81,60.00,30.39,0.47,0
417,155,729.82,499.12,62.13,31.45,0.42,0
418,155,726.13,500.25,61.99,31.61,0.29,0
419,155,717.97,500.40,63.76,32.09,0.46,0
420,155,712.40,501.33,62.72,31.47,0.55,0
421,155,702.57,503.09,66.48,33.91,0.76,0
422,155,698.49,503.57,67.51,35.00,0.74,0
423,155,695.32,503.67,66.28,34.25,0.63,0
424,155,691.49,503.13,64.51,33.09,0.41,0
425,155,688.21,502.15,65.80,33.72,0.65,0
426,155,685.80,499.97,66.29,34.11,0.44,0
427,155,684.02,498.26,62.98,32.46,0.31,0
427,183,689.90,602.80,45.35,30.72,0.36,0
427,184,806.35,353.86,123.19,126.69,0.46,0
428,155,678.31,495.40,64.31,33.16,0.54,0
429,155,673.24,494.56,65.49,33.82,0.44,0
429,186,388.29,612.21,29.45,30.78,0.44,0
429,184,800.43,348.96,123.72,127.31,0.35,0
430,184,797.64,347.71,123.23,126.84,0.59,0
431,184,793.50,345.15,125.76,129.48,0.54,0
431,155,664.53,492.92,65.42,33.72,0.27,0
432,155,659.30,491.26,68.77,35.79,0.63,0
433,155,657.91,491.77,67.30,35.37,0.45,0
433,184,784.87,340.74,127.52,131.46,0.29,0
434,155,655.13,490.89,68.51,36.43,0.53,0
435,155,655.32,491.98,66.41,35.61,0.32,0
436,188,374.55,612.39,29.88,30.65,0.32,0
437,188,372.19,611.81,31.58,32.39,0.28,0
437,155,648.51,493.40,67.41,36.44,0.39,0
438,155,645.65,493.04,68.77,37.49,0.45,0
439,155,644.18,493.13,68.13,37.53,0.33,0
440,155,641.32,492.15,68.04,37.54,0.51,0
441,155,641.06,491.11,67.80,37.77,0.50,0
443,155,640.65,489.21,65.66,37.01,0.43,0
444,155,643.12,486.47,66.01,38.46,0.34,0
444,184,772.77,323.23,127.20,131.11,0.37,0
445,194,1595.94,704.38,32.11,32.56,0.38,0
445,195,767.37,323.95,129.30,133.70,0.33,0
445,184,769.84,320.03,128.96,132.35,0.45,0
446,194,1598.20,703.73,31.91,32.37,0.31,0
446,195,767.77,322.38,127.54,131.74,0.27,0
446,184,769.35,318.41,129.10,131.81,0.48,0
446,155,640.61,486.33,63.09,37.47,0.33,0
448,184,767.15,312.10,132.62,136.04,0.28,0
448,155,638.38,482.29,65.23,39.60,0.26,0
449,184,766.26,311.06,133.69,137.63,0.37,0
449,155,633.23,484.80,63.07,37.86,0.52,0
450,155,631.84,487.64,62.37,37.72,0.54,0
454,155,623.74,490.81,57.24,34.97,0.36,0
455,155,618.93,491.00,57.95,35.60,0.40,0
459,184,732.10,299.00,140.92,147.12,0.31,0
462,203,365.77,635.91,29.74,30.87,0.38,0
464,203,367.00,633.64,32.27,33.55,0.27,0
465,203,368.11,633.10,32.41,33.64,0.46,0
466,203,369.67,633.68,31.07,32.11,0.46,0
467,203,373.63,634.04,30.60,31.60,0.53,0
468,203,378.52,634.86,30.48,31.39,0.45,0
469,203,382.20,635.08,30.36,31.14,0.38,0
470,203,385.29,635.58,29.78,30.28,0.39,0
471,203,388.59,635.48,30.93,31.50,0.45,0
472,203,388.89,635.27,31.39,31.95,0.49,0
474,203,392.52,633.55,33.61,34.48,0.30,0
475,184,734.39,274.86,147.17,153.54,0.53,0
477,184,732.82,267.61,146.72,152.86,0.34,0
480,184,731.82,274.10,151.91,158.23,0.31,0
481,184,730.10,274.08,154.74,161.63,0.28,0
482,184,729.53,274.32,155.65,162.94,0.40,0
484,211,669.99,499.20,52.75,37.92,0.52,0
485,211,669.14,498.41,53.23,38.23,0.48,0
486,211,669.46,500.01,50.70,36.23,0.46,0
486,215,409.22,647.13,36.24,55.43,0.54,0
487,211,665.01,501.11,54.95,39.24,0.57,0
487,215,412.84,650.18,32.12,49.10,0.43,0
488,211,663.84,504.71,57.71,41.21,0.47,0
488,184,722.95,271.31,154.94,162.80,0.31,0
489,211,664.09,504.82,58.42,41.62,0.64,0
490,211,666.71,507.03,56.37,39.71,0.76,0
490,215,427.03,660.62,21.76,32.32,0.48,0
491,211,669.93,511.30,55.42,38.25,0.83,0
492,211,674.16,515.08,57.15,38.93,0.58,0
493,211,679.43,522.75,61.35,41.16,0.66,0
494,211,685.16,530.90,59.98,39.86,0.86,0
495,211,689.01,537.50,61.14,39.86,0.82,0
495,184,735.18,290.60,159.15,167.06,0.35,0
496,211,691.13,542.38,60.87,38.60,0.39,0
496,184,737.50,295.28,159.64,167.52,0.51,0
497,211,695.31,549.81,61.26,37.67,0.67,0
497,184,742.57,300.56,159.46,168.04,0.74,0
498,211,703.45,555.20,62.06,37.80,0.71,0
498,184,749.23,303.18,159.17,167.99,0.77,0
499,211,709.37,563.51,63.53,38.00,0.69,0
500,211,713.44,570.35,67.53,39.67,0.74,0
501,211,718.95,573.20,68.61,39.86,0.75,0
502,211,725.44,576.43,67.91,39.14,0.79,0
503,211,728.22,578.45,69.98,40.31,0.69,0
504,211,729.29,579.08,69.80,40.03,0.76,0
504,226,731.23,576.72,68.41,41.16,0.59,0
504,227,513.38,732.48,35.32,31.62,0.53,0
505,211,730.20,579.60,71.27,40.87,0.62,0
505,226,727.85,577.11,68.94,41.41,0.83,0
505,227,513.50,732.83,35.74,32.07,0.45,0
505,184,761.45,317.51,165.51,175.48,0.58,0
506,211,730.09,579.66,71.95,41.27,0.50,0
506,226,726.99,578.25,68.08,40.80,0.77,0
506,227,514.08,733.78,35.41,31.80,0.38,0
506,184,761.28,317.31,165.71,176.43,0.58,0
507,211,729.51,579.16,73.37,42.07,0.68,0
507,226,725.81,578.09,69.65,41.64,0.76,0
507,184,761.05,313.13,167.20,179.59,0.59,0
508,211,728.88,579.83,72.86,41.85,0.56,0
508,226,725.02,578.34,70.26,41.98,0.83,0
508,184,759.55,309.91,167.34,181.06,0.41,0
509,226,723.94,578.28,70.78,42.25,0.90,0
509,184,754.86,308.38,167.77,181.43,0.32,0
510,226,721.91,576.79,72.58,43.19,0.89,0
510,184,750.35,306.91,168.69,182.07,0.26,0
511,211,726.60,587.47,73.26,41.34,0.87,0
512,211,724.53,594.39,76.81,43.40,0.79,0
512,184,749.11,320.68,168.57,182.20,0.36,0
513,211,724.08,598.55,74.07,41.68,0.85,0
513,184,747.86,321.97,169.36,183.28,0.34,0
514,211,722.17,600.48,74.52,41.70,0.85,0
514,184,744.82,322.48,170.61,184.47,0.26,0
515,211,721.94,601.14,74.23,41.34,0.84,0
515,184,742.38,321.64,171.31,185.24,0.43,0
516,211,722.44,600.46,74.86,41.74,0.85,0
516,184,743.02,319.89,170.94,185.31,0.46,0
516,237,513.73,757.43,36.53,30.97,0.41,0
517,211,722.52,600.54,75.04,41.89,0.87,0
517,184,741.95,317.35,171.53,186.39,0.26,0
517,237,515.68,758.54,34.49,29.23,0.47,0
518,211,722.22,601.20,74.70,41.71,0.90,0
518,184,741.48,313.55,172.05,186.05,0.33,0
518,237,516.28,759.13,35.94,30.52,0.41,0
519,211,722.20,601.42,74.16,41.43,0.89,0
519,184,740.15,310.47,173.17,186.62,0.62,0
520,211,722.37,601.41,73.79,41.06,0.89,0
520,184,738.35,307.63,174.99,188.25,0.70,0
521,211,725.31,600.48,74.36,41.55,0.62,0
521,184,738.69,304.66,175.76,188.93,0.77,0
522,211,731.91,595.21,84.02,46.32,0.59,0
522,184,738.10,300.97,177.61,190.84,0.80,0
523,211,730.73,593.78,85.19,46.60,0.69,0
523,184,738.02,294.22,181.93,195.84,0.52,0
524,211,727.09,592.65,87.18,47.05,0.62,0
524,184,738.30,290.12,183.33,197.95,0.77,0
525,211,728.97,592.15,87.73,47.19,0.74,0
525,184,738.38,287.08,182.87,198.02,0.83,0
526,211,730.25,590.95,90.47,47.63,0.44,0
526,184,738.82,283.28,183.33,199.24,0.89,0
527,211,737.20,590.75,88.82,46.65,0.54,0
527,184,739.54,279.82,182.36,198.92,0.82,0
528,211,742.86,591.68,84.83,44.92,0.58,0
528,184,738.82,276.11,183.27,200.92,0.84,0
529,211,747.93,592.47,87.08,46.17,0.54,0
529,184,740.87,274.20,183.51,202.34,0.76,0
530,211,746.24,591.88,89.89,47.27,0.53,0
530,184,741.56,271.62,184.52,204.31,0.83,0
531,211,744.28,591.86,94.07,48.73,0.40,0
531,184,740.98,269.57,184.97,205.23,0.83,0
531,256,182.82,835.85,30.87,27.62,0.44,0
532,211,744.31,591.61,95.09,49.05,0.64,0
532,184,740.40,266.72,184.44,205.14,0.69,0
532,256,184.77,836.39,29.61,26.51,0.30,0
533,211,746.24,591.47,95.23,49.20,0.67,0
533,184,738.42,263.62,185.42,206.64,0.30,0
534,211,747.45,590.47,93.53,48.02,0.54,0
534,184,739.79,258.17,184.59,205.09,0.37,0
535,211,748.50,589.20,93.41,47.61,0.42,0
535,184,739.17,254.64,183.71,203.35,0.40,0
536,184,736.72,248.91,185.40,204.78,0.59,0
537,184,734.88,242.55,185.78,204.97,0.52,0
537,211,754.82,585.59,85.12,43.10,0.64,0
538,184,730.87,235.52,188.97,208.80,0.52,0
538,211,755.44,580.71,88.51,45.19,0.76,0
539,211,755.84,576.00,90.97,46.62,0.72,0
539,264,199.35,824.74,30.27,27.71,0.53,0
540,211,749.49,571.71,94.70,48.54,0.70,0
540,264,196.98,819.14,35.38,32.48,0.33,0
541,211,749.01,565.75,95.53,48.94,0.48,0
541,184,715.39,204.57,195.12,214.19,0.33,0
542,211,753.58,560.19,88.01,45.10,0.70,0
542,184,716.93,193.74,193.37,212.70,0.37,0
543,211,753.93,552.60,88.84,45.74,0.63,0
543,184,714.17,181.95,196.94,217.90,0.34,0
544,211,751.90,547.57,91.93,47.14,0.48,0
544,184,706.01,171.40,202.16,224.15,0.26,0
545,211,747.48,543.09,95.90,49.07,0.32,0
545,184,707.89,164.35,200.71,224.34,0.34,0
546,184,710.15,154.87,200.27,223.25,0.57,0
547,184,708.11,146.42,200.77,222.80,0.66,0
547,211,753.94,533.76,90.10,46.44,0.76,0
548,184,701.33,139.23,202.40,222.81,0.70,0
548,211,751.92,529.90,91.51,48.02,0.73,0
549,184,695.61,130.77,205.71,226.15,0.26,0
549,211,751.43,528.33,87.19,46.40,0.84,0
550,184,692.69,122.17,208.46,229.87,0.36,0
550,211,749.73,522.88,88.70,47.68,0.78,0
551,211,749.13,518.28,87.11,46.68,0.67,0
552,211,750.02,514.46,83.28,44.68,0.77,0
552,274,592.34,737.44,33.43,30.81,0.44,0
552,184,683.79,100.66,213.66,235.89,0.67,0
553,211,750.16,512.69,81.20,43.58,0.82,0
553,274,591.20,737.37,32.89,30.31,0.44,0
553,277,590.23,706.56,33.71,31.56,0.47,0
553,184,674.94,91.42,216.87,238.73,0.61,0
554,211,749.30,511.37,79.48,42.80,0.79,0
554,274,591.40,737.26,33.11,30.51,0.43,0
554,277,590.29,706.48,34.24,32.10,0.35,0
554,184,665.60,83.65,220.67,242.91,0.61,0
555,211,745.86,503.62,82.05,44.69,0.71,0
555,274,591.49,731.11,32.95,30.45,0.40,0
555,184,661.05,70.78,220.66,245.19,0.77,0
556,211,742.68,498.92,84.90,46.92,0.79,0
556,274,592.46,729.51,31.66,29.36,0.37,0
556,184,650.85,61.13,223.50,249.57,0.31,0
557,211,741.45,495.60,84.66,47.17,0.67,0
557,274,592.86,729.16,31.37,29.19,0.41,0
558,211,740.68,493.10,82.22,45.87,0.69,0
558,274,592.08,728.85,32.57,30.46,0.46,0
558,283,206.73,778.94,24.76,25.34,0.48,0
558,184,640.24,38.73,230.03,257.94,0.26,0
559,211,740.71,490.86,79.39,44.02,0.54,0
559,274,592.02,728.73,32.84,30.92,0.47,0
559,283,207.02,779.42,24.62,25.17,0.42,0
559,184,635.22,31.47,231.09,259.73,0.34,0
560,211,738.93,488.50,80.21,44.46,0.51,0
560,274,592.87,728.19,31.77,30.06,0.42,0
560,283,209.53,779.75,23.96,24.45,0.35,0
560,184,631.31,24.38,232.38,262.66,0.32,0
560,285,739.47,490.21,81.84,43.79,0.41,0
561,211,739.76,487.56,78.78,43.69,0.52,0
561,274,592.89,727.71,32.90,31.35,0.37,0
561,184,627.60,19.74,230.50,262.18,0.48,0
561,285,739.94,488.84,82.05,43.95,0.53,0
562,211,742.71,486.20,76.85,42.85,0.37,0
562,274,593.08,727.94,33.51,32.22,0.40,0
562,285,741.10,487.53,79.83,42.83,0.51,0
563,211,742.40,485.17,78.05,43.81,0.41,0
563,274,593.07,727.83,33.84,32.95,0.41,0
563,285,739.42,486.40,82.22,44.23,0.64,0
564,211,741.64,483.61,80.95,45.91,0.78,0
564,274,597.81,727.79,31.80,30.73,0.39,0
564,285,738.24,484.76,85.35,46.13,0.69,0
564,287,573.36,577.62,41.37,39.95,0.35,0
565,211,740.56,483.26,82.62,47.27,0.74,0
565,274,601.44,727.39,31.88,30.76,0.51,0
565,285,735.88,483.48,89.36,48.60,0.76,0
565,289,223.78,780.84,27.24,24.88,0.54,0
566,211,741.61,483.98,82.07,47.35,0.26,0
566,285,738.77,484.11,88.07,48.29,0.81,0
566,289,226.44,780.55,28.91,26.45,0.41,0
567,285,743.35,485.99,83.88,46.22,0.75,0
567,289,230.91,780.92,29.03,26.61,0.44,0
567,274,610.48,729.37,30.30,29.13,0.55,0
568,285,745.94,485.25,85.71,47.52,0.84,0
568,274,615.10,729.78,31.22,30.12,0.58,0
569,285,749.68,485.61,85.12,47.50,0.83,0
570,285,753.17,484.48,83.94,46.95,0.81,0
570,289,244.83,783.47,30.35,27.82,0.43,0
571,285,753.50,483.76,83.90,47.20,0.82,0
571,274,625.61,729.83,30.97,29.85,0.37,0
572,285,752.22,480.71,86.96,49.29,0.79,0
572,274,626.62,728.33,32.91,31.37,0.46,0
572,184,612.81,0.00,215.66,240.39,0.40,0
572,289,250.38,783.73,31.10,28.85,0.29,0
573,285,751.67,477.91,88.12,50.22,0.78,0
573,274,628.66,726.58,34.64,32.96,0.31,0
573,184,610.92,0.00,212.07,232.36,0.37,0
573,289,252.85,783.67,30.86,28.85,0.35,0
574,285,752.18,476.02,88.23,50.46,0.75,0
574,274,631.09,727.87,33.05,31.36,0.29,0
574,289,254.49,782.34,31.75,30.00,0.38,0
575,285,753.39,474.57,86.12,49.37,0.77,0
575,274,632.16,727.33,33.81,32.06,0.47,0
575,289,257.67,783.34,30.07,28.45,0.33,0
576,285,754.50,472.77,86.74,49.93,0.76,0
576,274,633.72,728.10,33.19,31.65,0.50,0
577,285,753.73,471.51,88.01,50.75,0.74,0
577,274,635.98,728.42,32.38,31.10,0.60,0
578,274,638.25,728.50,32.28,31.07,0.62,0
578,289,267.92,784.68,28.60,26.76,0.29,0
579,274,639.26,729.64,32.35,31.08,0.46,0
579,285,754.97,469.81,90.30,52.27,0.66,0
580,274,638.82,731.90,32.23,30.84,0.47,0
580,285,752.45,470.58,90.67,52.15,0.38,0
581,274,639.68,733.39,32.30,30.82,0.50,0
581,285,753.87,471.87,88.40,50.98,0.79,0
581,297,637.37,700.66,35.10,41.12,0.45,0
582,274,641.64,733.13,33.52,32.09,0.34,0
582,285,754.02,471.77,88.23,50.96,0.72,0
582,297,641.44,700.33,30.80,36.06,0.30,0
583,285,754.24,471.85,87.31,50.28,0.63,0
584,285,751.86,470.92,88.81,50.99,0.48,0
584,274,645.64,735.38,31.93,30.74,0.34,0
584,297,643.65,702.22,30.92,36.19,0.31,0
585,285,753.09,470.78,87.12,50.12,0.60,0
585,274,646.53,735.30,33.06,32.11,0.28,0
585,297,645.47,703.20,30.42,35.45,0.28,0
586,285,745.53,470.22,91.33,52.16,0.52,0
586,274,648.78,735.43,33.30,32.34,0.28,0
587,285,738.55,468.39,95.33,53.35,0.33,0
588,285,740.00,464.22,92.47,50.95,0.68,0
589,285,742.02,460.05,94.43,52.08,0.73,0
590,285,746.39,458.96,90.43,49.81,0.62,0
590,274,657.86,739.74,29.92,28.91,0.32,0
591,285,747.41,455.46,91.91,51.39,0.72,0
592,285,746.71,453.91,87.31,49.11,0.49,0
592,274,660.96,736.73,29.39,28.29,0.36,0
593,285,741.92,449.44,88.31,50.08,0.50,0
593,274,660.75,732.15,30.12,29.25,0.46,0
594,274,659.52,728.86,31.35,30.63,0.49,0
595,211,746.21,433.91,79.50,46.93,0.76,0
596,211,741.69,428.95,81.44,48.47,0.77,0
598,211,729.88,410.45,88.77,53.66,0.75,0
599,211,726.16,401.64,88.36,53.50,0.54,0
600,211,721.18,387.74,92.78,56.73,0.77,0
601,211,719.24,379.66,89.87,55.38,0.70,0
602,211,699.24,364.54,100.75,60.41,0.48,0
603,211,697.14,355.68,98.29,57.74,0.38,0
604,211,700.13,348.50,96.00,56.21,0.69,0
605,211,696.58,335.61,100.99,59.46,0.77,0
606,211,699.27,328.96,96.92,57.38,0.82,0
607,211,698.19,324.34,94.30,55.77,0.48,0
608,211,694.97,321.85,94.80,56.43,0.63,0
609,211,689.74,311.98,94.33,56.33,0.56,0
610,211,678.17,306.67,96.11,57.05,0.40,0
611,211,665.27,304.70,97.72,57.19,0.50,0
612,211,650.90,305.31,101.38,59.38,0.74,0
613,211,634.79,306.52,103.00,59.74,0.71,0
614,211,623.68,307.03,105.68,61.94,0.74,0
615,211,612.30,305.77,106.36,62.63,0.74,0
616,211,602.41,305.14,102.53,60.47,0.67,0
617,211,592.62,304.98,98.28,57.77,0.64,0
618,211,579.72,304.07,96.46,56.14,0.38,0
619,211,567.08,301.27,101.05,59.49,0.78,0
620,211,555.68,298.50,99.03,58.69,0.79,0
621,211,545.17,294.85,99.73,59.55,0.73,0
622,211,530.12,286.61,102.16,61.33,0.74,0
623,211,513.75,281.07,104.56,62.58,0.84,0
624,211,508.68,276.61,101.16,60.82,0.85,0
625,211,503.62,272.02,100.98,61.01,0.66,0
626,211,496.43,263.40,108.24,66.28,0.87,0
627,211,491.61,259.01,104.91,64.58,0.71,0
628,211,486.64,253.26,104.12,64.79,0.82,0
629,211,482.15,247.37,103.79,65.10,0.74,0
630,211,474.60,244.23,103.21,64.99,0.76,0
631,211,464.76,237.80,110.14,69.61,0.39,0
632,211,460.62,234.65,111.47,70.72,0.85,0
633,211,459.31,232.16,110.89,70.94,0.85,0
634,211,456.82,230.65,108.04,69.27,0.79,0
635,211,456.49,226.58,104.27,67.28,0.82,0
636,211,450.70,216.27,108.74,70.83,0.26,0
637,211,446.75,207.54,110.57,72.84,0.82,0
638,211,447.06,199.09,104.73,69.51,0.53,0
639,211,439.61,185.19,106.24,70.53,0.79,0
640,211,433.05,168.96,110.01,73.74,0.80,0
641,211,426.90,160.02,109.21,74.03,0.85,0
642,211,414.85,147.13,110.59,75.72,0.86,0
643,211,400.53,133.93,107.51,73.95,0.69,0
644,211,376.38,116.49,110.61,76.58,0.85,0
645,211,352.57,96.18,113.98,79.63,0.58,0
646,211,330.31,82.73,108.71,76.17,0.88,0
647,211,301.23,63.41,112.97,79.80,0.86,0
648,211,275.21,44.14,112.72,79.82,0.79,0
649,211,252.50,24.96,111.06,79.00,0.35,0
650,211,225.70,7.61,112.61,80.21,0.41,0
663,382,122.65,343.66,40.47,35.66,0.65,0
