0,1,38.43,448.33,54.86,48.75,0.69,0
1,1,37.65,446.74,56.94,50.59,0.74,0
2,1,37.25,445.69,58.23,51.72,0.74,0
3,1,37.78,445.43,58.23,51.66,0.71,0
4,1,38.44,445.24,58.48,51.88,0.61,0
6,1,40.63,443.53,61.03,54.32,0.27,0
7,1,43.01,444.13,60.33,53.98,0.40,0
8,1,44.72,444.03,60.73,54.57,0.35,0
9,1,44.90,442.36,62.49,56.41,0.53,0
10,1,45.89,442.30,61.32,55.32,0.77,0
10,4,645.22,442.54,34.75,43.16,0.54,0
11,1,50.91,441.31,61.16,55.10,0.72,0
12,1,54.68,441.33,59.34,53.33,0.70,0
12,4,653.36,444.61,33.46,41.59,0.41,0
13,1,58.05,441.82,56.49,50.51,0.68,0
13,4,657.03,446.23,31.33,38.81,0.36,0
15,1,65.74,441.79,58.33,52.06,0.48,0
15,4,660.83,446.88,31.82,39.41,0.35,0
16,1,69.70,441.58,57.63,51.37,0.68,0
16,4,663.69,445.85,31.57,38.86,0.48,0
17,1,72.01,441.04,58.66,52.24,0.80,0
17,4,665.32,444.25,32.32,39.82,0.28,0
18,1,74.15,439.79,60.48,53.99,0.78,0
19,1,77.43,439.67,58.90,52.67,0.76,0
20,1,82.34,440.48,55.14,49.14,0.74,0
21,1,86.70,440.65,54.00,48.31,0.56,0
22,1,91.89,439.76,54.06,48.59,0.68,0
22,4,680.93,440.48,32.92,40.67,0.40,0
23,1,96.24,438.34,55.25,49.84,0.85,0
23,4,684.59,440.30,32.19,39.63,0.48,0
24,1,99.54,437.41,57.10,51.80,0.83,0
25,1,105.92,438.09,53.47,48.29,0.65,0
26,1,111.53,438.70,52.03,47.07,0.47,0
26,12,697.69,483.10,28.47,35.56,0.50,0
26,4,693.92,434.98,35.66,43.93,0.43,0
27,1,118.82,438.18,51.36,46.50,0.44,0
27,12,699.82,480.61,30.96,38.61,0.31,0
27,4,698.85,435.89,35.19,43.59,0.35,0
28,1,123.40,436.24,54.14,49.16,0.73,0
28,12,703.71,479.43,31.55,39.25,0.35,0
28,4,704.61,436.55,33.82,41.62,0.52,0
29,1,127.19,435.34,55.27,50.27,0.76,0
29,12,709.05,478.66,31.55,39.20,0.63,0
29,4,707.78,434.90,34.55,42.20,0.64,0
30,1,134.07,436.35,52.31,47.63,0.66,0
31,1,141.81,435.37,52.38,47.72,0.59,0
31,12,719.08,477.95,32.03,39.77,0.67,0
31,4,717.12,433.34,34.42,42.13,0.50,0
32,1,150.71,434.62,52.95,48.21,0.40,0
32,12,727.21,478.02,31.77,39.20,0.34,0
32,4,726.31,434.33,33.79,41.21,0.56,0
33,1,158.14,434.11,51.87,47.44,0.70,0
33,12,733.24,477.21,31.23,38.43,0.43,0
33,4,730.23,432.69,35.33,42.80,0.66,0
34,1,165.46,433.33,52.58,48.21,0.47,0
34,12,739.65,477.14,30.08,36.77,0.48,0
35,1,171.08,430.86,53.43,49.04,0.70,0
35,12,743.16,475.48,32.58,40.02,0.36,0
36,1,173.51,430.20,54.78,50.21,0.50,0
36,12,746.69,475.55,31.72,38.86,0.59,0
36,4,742.36,429.13,36.52,44.44,0.38,0
37,1,177.35,429.09,55.89,50.93,0.79,0
37,12,748.08,475.57,33.15,40.62,0.45,0
37,4,746.66,429.13,36.35,44.46,0.53,0
38,1,181.54,429.98,54.38,49.23,0.81,0
38,12,749.19,475.01,35.15,43.04,0.29,0
38,4,750.79,431.08,34.32,41.65,0.44,0
39,1,185.87,431.16,53.06,48.32,0.76,0
39,12,755.07,476.25,31.81,38.60,0.36,0
39,4,754.59,432.29,33.54,40.84,0.60,0
40,1,189.60,431.13,51.73,47.12,0.36,0
40,12,759.27,476.13,30.96,37.35,0.52,0
40,4,756.79,431.65,34.63,42.01,0.72,0
41,1,194.43,429.41,52.76,48.15,0.78,0
42,1,196.55,429.21,52.92,48.33,0.79,0
43,1,197.98,428.83,54.15,49.57,0.63,0
43,12,767.23,473.81,32.31,38.98,0.41,0
44,1,201.79,428.76,53.77,48.98,0.63,0
44,12,769.73,474.31,31.48,37.95,0.50,0
44,4,767.76,432.42,33.11,40.16,0.33,0
45,1,206.09,429.66,52.12,47.01,0.62,0
45,12,771.07,473.47,32.59,39.23,0.48,0
45,4,769.82,430.98,34.08,41.29,0.46,0
46,1,209.16,431.17,51.16,46.32,0.72,0
46,12,771.40,472.68,34.36,41.37,0.28,0
46,4,771.72,429.65,35.05,42.72,0.38,0
47,1,211.33,431.96,50.57,46.15,0.72,0
48,1,214.90,431.07,52.10,47.72,0.65,0
49,1,219.27,429.41,52.78,48.38,0.72,0
49,4,779.14,432.05,33.82,41.08,0.54,0
50,1,221.05,429.32,52.55,48.09,0.80,0
50,4,781.68,432.01,34.23,41.32,0.52,0
51,1,222.90,429.06,54.12,49.59,0.35,0
52,1,226.83,429.01,53.57,48.47,0.76,0
52,4,786.65,431.22,34.01,41.06,0.41,0
53,1,230.70,429.92,52.49,47.09,0.75,0
53,4,789.65,430.40,33.92,41.23,0.29,0
53,12,792.17,472.33,32.45,39.33,0.26,0
54,1,233.42,431.49,51.35,46.22,0.75,0
54,4,791.80,428.32,35.18,42.84,0.53,0
54,12,794.11,471.32,33.09,40.23,0.33,0
55,1,235.93,431.74,50.96,46.19,0.71,0
56,1,240.38,430.35,51.78,47.05,0.58,0
56,4,798.81,427.76,33.50,41.02,0.39,0
57,1,243.78,429.49,50.78,46.23,0.67,0
57,4,802.58,429.43,32.57,39.87,0.46,0
58,1,246.01,428.25,52.16,47.46,0.77,0
58,4,804.33,428.22,33.72,41.09,0.52,0
59,1,249.87,428.45,51.54,46.54,0.73,0
60,1,256.27,430.30,49.51,44.73,0.64,0
60,4,810.34,428.03,34.20,41.92,0.40,0
61,1,259.79,430.96,49.27,44.74,0.66,0
61,4,813.89,428.06,33.88,41.56,0.37,0
62,1,265.16,429.38,51.25,46.64,0.60,0
63,1,269.21,428.44,51.44,46.77,0.58,0
64,1,274.83,428.21,51.45,46.36,0.73,0
64,4,825.58,426.99,34.66,42.03,0.41,0
65,1,282.03,430.13,49.22,44.13,0.75,0
66,1,287.68,429.59,50.54,45.54,0.57,0
66,4,835.88,424.24,36.33,44.41,0.43,0
67,1,293.00,428.32,51.85,46.80,0.80,0
68,1,304.91,430.41,48.82,44.07,0.66,0
69,1,315.18,429.08,49.72,44.93,0.55,0
70,1,328.06,430.43,48.74,43.79,0.76,0
71,1,338.27,429.33,49.15,44.33,0.57,0
72,1,350.46,430.02,48.70,43.88,0.66,0
73,1,359.39,429.88,50.40,45.74,0.59,0
74,1,366.84,428.85,51.72,47.00,0.47,0
75,1,376.84,430.12,50.26,45.40,0.67,0
76,1,382.59,431.18,48.84,44.41,0.41,0
77,1,388.22,430.31,49.34,45.02,0.59,0
78,1,391.64,429.47,50.61,46.54,0.31,0
79,1,395.18,429.06,50.74,46.64,0.68,0
80,1,402.29,430.38,49.09,44.96,0.61,0
81,1,406.16,431.91,47.22,43.35,0.60,0
82,1,408.03,432.40,47.06,43.56,0.42,0
83,1,410.68,431.14,48.60,45.25,0.51,0
84,1,414.24,429.75,49.60,46.07,0.54,0
85,1,416.87,429.16,50.72,47.01,0.34,0
86,1,422.40,429.49,50.16,46.25,0.61,0
87,1,428.83,431.72,47.01,43.21,0.64,0
88,1,432.57,431.01,48.77,45.13,0.61,0
89,1,437.12,430.15,48.74,45.13,0.59,0
90,1,440.73,429.56,49.29,45.78,0.50,0
91,1,448.71,430.58,47.61,44.16,0.58,0
92,1,453.45,431.74,46.78,43.67,0.34,0
93,1,457.44,430.76,48.34,45.43,0.66,0
94,1,461.89,429.99,49.19,46.12,0.59,0
95,1,464.94,428.95,51.17,47.90,0.40,0
96,1,470.51,430.17,48.78,45.64,0.48,0
97,1,476.18,431.25,47.09,43.82,0.58,0
98,1,478.28,431.73,47.32,44.29,0.56,0
98,40,1004.95,417.18,34.34,45.30,0.48,0
99,1,482.02,431.07,48.24,45.42,0.55,0
99,40,1008.51,417.54,33.77,44.56,0.29,0
100,1,484.86,430.34,48.49,45.59,0.62,0
101,1,487.91,429.75,49.53,46.85,0.42,0
102,1,494.22,430.22,48.08,45.39,0.56,0
102,40,1022.83,421.05,29.58,38.57,0.38,0
103,1,499.98,431.60,46.81,44.27,0.69,0
104,1,504.13,431.22,48.20,45.91,0.61,0
104,40,1032.43,419.22,31.01,40.50,0.40,0
105,1,508.42,430.82,48.54,46.14,0.67,0
105,40,1037.95,420.20,30.92,40.33,0.29,0
106,40,1042.09,420.61,31.24,40.47,0.36,0
107,40,1047.12,421.28,30.38,38.69,0.41,0
107,1,520.69,431.51,48.30,45.74,0.62,0
108,1,525.02,432.49,48.29,46.32,0.49,0
109,1,530.17,431.82,47.57,45.83,0.60,0
109,40,1056.93,420.09,31.28,39.81,0.38,0
110,1,534.73,431.21,48.42,46.88,0.57,0
112,40,1072.66,421.56,29.89,36.92,0.28,0
112,1,547.99,433.40,45.96,44.65,0.50,0
113,1,553.07,433.12,46.74,45.80,0.38,0
114,1,558.09,432.33,47.11,46.08,0.46,0
114,40,1081.08,418.89,33.33,41.24,0.37,0
116,1,570.51,433.43,47.71,46.63,0.39,0
116,40,1093.00,421.91,30.82,37.99,0.28,0
117,1,574.58,434.27,47.07,46.70,0.37,0
118,1,579.82,433.27,46.15,45.99,0.54,0
118,40,1100.03,417.26,35.04,43.61,0.42,0
119,1,583.83,432.84,46.35,46.18,0.29,0
119,40,1103.93,417.12,34.81,43.36,0.32,0
120,1,587.58,433.15,45.28,45.51,0.29,0
121,1,594.74,432.98,45.05,45.16,0.32,0
122,1,598.71,433.76,44.78,45.51,0.37,0
123,1,603.82,432.29,44.97,45.66,0.59,0
124,40,1127.04,414.69,35.93,44.60,0.25,0
125,62,1245.80,498.98,43.38,45.65,0.43,0
125,1,613.29,431.71,44.43,45.01,0.27,0
126,64,2.85,209.35,20.28,68.49,0.46,0
126,1,619.72,431.05,45.43,45.70,0.52,0
126,40,1138.34,415.73,34.81,43.23,0.41,0
127,64,5.53,209.13,20.36,67.91,0.43,0
127,1,623.00,432.10,45.49,46.01,0.49,0
127,40,1143.77,416.38,33.51,41.24,0.35,0
128,64,8.60,209.84,20.46,66.46,0.71,0
128,1,627.79,431.15,45.61,45.95,0.63,0
129,64,11.22,209.20,21.51,67.20,0.64,0
129,1,632.30,430.11,45.85,46.14,0.30,0
130,64,13.56,209.10,23.34,68.90,0.52,0
130,1,639.45,430.54,44.00,44.23,0.43,0
130,68,1271.52,499.26,39.27,43.84,0.49,0
131,64,16.63,208.52,25.72,70.38,0.79,0
131,68,1277.75,498.12,40.26,44.85,0.47,0
131,40,1165.39,416.48,32.37,38.57,0.39,0
132,64,19.03,209.19,28.17,70.46,0.80,0
132,1,651.00,430.18,44.88,44.96,0.60,0
133,64,20.14,210.07,30.74,70.03,0.80,0
133,73,1178.26,456.73,30.52,39.94,0.52,0
133,68,1291.88,497.72,40.30,44.78,0.58,0
133,40,1173.70,411.23,37.15,44.33,0.31,0
134,64,22.03,209.25,34.88,72.03,0.86,0
134,68,1296.08,497.39,40.63,45.32,0.45,0
134,40,1182.28,411.23,36.06,43.30,0.38,0
134,1,663.94,430.66,43.27,43.25,0.43,0
135,64,24.26,210.90,38.53,71.36,0.66,0
135,40,1188.47,411.05,35.18,41.89,0.48,0
136,64,24.49,211.28,42.66,71.58,0.67,0
136,76,1196.83,455.06,30.60,36.73,0.50,0
136,1,675.18,430.56,44.31,44.22,0.42,0
137,76,1200.29,454.16,32.58,39.13,0.58,0
137,68,1316.91,499.13,37.73,42.01,0.49,0
137,40,1199.80,410.31,34.55,41.43,0.36,0
138,40,1202.20,408.13,37.05,44.45,0.52,0
138,64,28.97,212.44,48.19,71.32,0.80,0
138,1,685.76,430.40,45.06,44.84,0.37,0
139,40,1209.20,410.50,33.91,40.34,0.40,0
139,82,1312.21,466.08,69.62,27.60,0.45,0
139,64,30.27,213.93,52.85,69.11,0.84,0
139,1,693.42,430.88,43.44,42.88,0.26,0
139,76,1208.79,453.81,32.62,39.15,0.38,0
139,68,1326.19,495.77,42.44,46.83,0.50,0
140,82,1312.75,463.12,77.95,31.00,0.29,0
140,64,29.52,214.10,58.01,68.30,0.84,0
140,1,696.93,431.40,43.62,43.15,0.28,0
140,85,0.91,280.25,120.10,55.39,0.40,0
140,68,1330.15,494.10,43.32,47.49,0.44,0
141,64,29.90,215.36,63.12,67.84,0.85,0
141,1,699.98,429.99,45.24,44.70,0.35,0
141,40,1216.68,407.35,36.62,43.96,0.30,0
141,76,1222.13,453.46,30.57,36.65,0.42,0
142,64,33.50,218.58,66.11,64.55,0.51,0
142,40,1223.18,408.53,34.84,42.08,0.31,0
142,76,1226.21,452.57,32.20,38.68,0.35,0
142,68,1339.68,493.21,42.50,46.58,0.39,0
143,64,37.57,218.30,70.78,63.85,0.85,0
143,40,1226.51,406.06,36.51,44.19,0.48,0
143,68,1343.92,492.79,43.17,48.00,0.30,0
143,85,10.62,280.13,121.99,55.94,0.32,0
143,1,708.84,429.85,45.25,44.76,0.49,0
144,64,42.25,220.39,76.16,65.18,0.69,0
144,40,1232.04,407.08,34.78,41.90,0.48,0
145,64,45.18,221.83,79.45,64.93,0.83,0
145,40,1237.92,407.92,34.33,41.19,0.62,0
145,76,1241.15,452.18,30.50,36.36,0.35,0
146,64,49.12,224.41,80.68,63.05,0.80,0
147,64,54.23,225.29,82.38,61.53,0.68,0
147,76,1248.21,451.66,31.72,37.73,0.44,0
148,64,54.80,225.42,86.83,61.72,0.52,0
148,76,1251.34,451.79,33.29,39.57,0.48,0
148,1,728.84,428.53,45.43,44.72,0.37,0
148,40,1250.36,407.42,35.41,42.16,0.51,0
149,64,59.41,225.75,89.94,61.74,0.79,0
149,1,734.07,429.33,44.62,44.14,0.42,0
150,64,64.06,226.77,91.60,61.38,0.84,0
150,1,741.04,430.65,42.90,42.36,0.47,0
150,40,1259.66,408.67,33.87,40.21,0.28,0
151,64,68.87,226.40,94.64,62.15,0.61,0
151,1,745.47,431.10,44.69,43.95,0.36,0
152,64,75.39,225.98,96.70,62.28,0.87,0
152,1,747.84,430.09,45.34,44.72,0.41,0
152,76,1269.55,449.93,34.04,40.70,0.31,0
153,64,78.80,226.33,100.49,63.99,0.88,0
153,76,1274.27,450.28,34.21,40.94,0.49,0
153,40,1272.92,407.43,34.94,41.42,0.45,0
154,64,84.95,227.71,100.00,63.08,0.85,0
154,88,1383.34,460.77,68.11,28.77,0.47,0
154,1,758.08,430.93,43.77,43.33,0.31,0
155,64,90.85,228.15,101.90,63.67,0.77,0
155,88,1388.28,460.31,67.81,28.65,0.39,0
155,1,765.39,431.06,43.16,42.55,0.33,0
155,76,1285.24,450.10,32.45,38.85,0.35,0
155,40,1284.03,408.39,33.51,39.77,0.65,0
156,64,97.56,228.40,102.85,63.18,0.84,0
156,1,769.62,431.18,45.09,44.62,0.52,0
157,64,103.24,228.66,103.91,63.27,0.89,0
157,1,773.89,430.94,44.85,44.37,0.26,0
157,88,1402.91,460.63,66.42,28.07,0.34,0
157,40,1295.13,408.40,32.81,39.34,0.27,0
158,64,110.39,228.93,105.69,63.90,0.85,0
158,1,778.21,430.46,44.80,44.38,0.39,0
158,88,1410.14,460.51,65.34,27.65,0.38,0
158,40,1299.74,404.89,34.96,42.59,0.27,0
159,64,116.91,229.14,106.59,64.02,0.89,0
159,88,1414.30,459.58,67.38,28.51,0.29,0
159,40,1306.91,406.48,33.64,40.85,0.53,0
160,64,122.72,229.72,107.09,63.84,0.85,0
160,88,1418.31,458.60,69.51,29.48,0.27,0
160,68,1429.41,486.50,44.62,46.73,0.34,0
160,1,792.03,430.96,45.89,45.44,0.33,0
161,64,130.24,229.95,109.17,64.93,0.60,0
161,88,1425.10,459.19,71.36,30.29,0.53,0
161,1,796.20,430.82,44.58,44.16,0.42,0
162,64,136.41,230.08,110.32,65.42,0.82,0
162,88,1430.83,458.67,71.29,30.31,0.49,0
162,1,801.09,429.97,45.17,44.82,0.30,0
163,64,143.42,230.92,111.31,65.72,0.86,0
163,40,1332.79,406.20,33.42,40.30,0.62,0
163,68,1448.51,487.27,45.67,46.46,0.38,0
164,64,152.62,232.01,109.64,64.71,0.51,0
164,1,815.11,430.90,44.17,44.01,0.36,0
165,64,158.46,232.14,111.86,65.76,0.81,0
165,1,820.24,430.78,44.30,44.10,0.34,0
166,64,166.41,232.53,112.22,65.76,0.84,0
166,1,825.01,429.91,44.94,44.75,0.42,0
166,88,1456.58,457.38,74.00,31.84,0.42,0
167,64,172.99,232.59,111.69,65.55,0.85,0
167,40,1357.14,403.28,35.32,42.75,0.29,0
167,68,1475.95,487.32,45.58,45.24,0.45,0
168,64,182.01,233.64,109.64,64.07,0.77,0
168,1,839.31,430.75,43.46,43.28,0.27,0
169,64,185.91,233.55,110.44,64.03,0.79,0
169,1,843.17,430.67,43.64,43.45,0.48,0
170,64,192.66,233.84,111.63,64.56,0.87,0
170,88,1481.38,456.40,71.92,31.21,0.25,0
170,40,1371.94,400.67,36.85,45.36,0.40,0
170,68,1492.94,486.31,48.53,47.92,0.36,0
171,64,198.28,234.01,111.71,64.62,0.82,0
171,103,1.80,379.20,45.97,75.54,0.68,0
171,40,1379.24,402.43,34.93,42.74,0.46,0
171,68,1499.64,486.22,47.96,47.86,0.42,0
171,1,854.52,430.74,43.89,43.66,0.31,0
172,64,206.21,235.36,110.65,63.87,0.85,0
172,103,3.01,379.88,46.28,75.85,0.33,0
173,64,211.72,236.42,109.53,63.19,0.89,0
173,103,7.05,381.29,48.55,78.80,0.83,0
173,1,865.86,431.40,44.86,44.40,0.30,0
174,64,217.82,236.83,109.42,63.16,0.89,0
174,103,11.80,381.94,48.99,78.02,0.90,0
174,1,868.73,431.33,43.36,42.88,0.40,0
174,40,1394.45,401.06,35.34,43.24,0.30,0
175,64,222.25,237.29,110.26,63.86,0.86,0
175,103,14.40,381.29,50.26,78.12,0.85,0
176,64,228.34,238.24,107.99,62.45,0.60,0
176,103,17.06,382.90,49.34,74.14,0.86,0
176,68,1525.33,486.13,46.53,46.64,0.50,0
176,1,874.63,429.79,44.74,44.34,0.48,0
177,64,233.40,239.15,106.12,60.93,0.85,0
177,103,20.36,381.94,52.58,76.54,0.74,0
177,105,541.38,532.25,30.08,33.68,0.41,0
177,68,1527.49,484.28,48.51,48.48,0.43,0
177,1,879.76,430.86,43.07,42.86,0.40,0
178,64,234.97,238.96,108.11,61.77,0.88,0
178,103,23.93,382.29,55.30,77.77,0.88,0
178,1,885.33,431.74,41.09,40.86,0.30,0
179,64,237.95,239.15,109.25,62.24,0.86,0
179,103,27.43,384.56,56.18,76.72,0.85,0
179,1,889.34,432.47,40.61,40.17,0.30,0
180,64,241.86,238.92,109.67,62.44,0.85,0
180,103,31.04,385.01,57.75,76.50,0.92,0
180,1,891.01,431.58,43.49,43.00,0.38,0
181,64,244.37,238.84,109.77,62.26,0.80,0
181,103,33.47,386.13,58.45,75.20,0.93,0
181,1,892.39,431.23,43.86,43.50,0.44,0
181,68,1540.43,485.03,48.52,48.11,0.43,0
182,64,246.80,239.03,107.81,60.89,0.77,0
182,103,36.38,386.89,58.73,73.78,0.55,0
182,1,893.37,430.83,43.86,43.64,0.40,0
182,68,1543.69,484.99,48.22,47.25,0.52,0
183,64,251.37,239.91,105.21,59.14,0.61,0
183,103,37.59,387.13,60.38,74.28,0.61,0
183,68,1547.66,485.96,46.51,45.69,0.45,0
184,64,254.74,240.86,105.80,59.31,0.74,0
184,103,40.63,385.70,62.63,75.44,0.73,0
184,68,1549.75,485.50,46.35,45.21,0.46,0
184,1,896.87,429.64,44.81,44.65,0.27,0
185,64,257.50,241.02,107.86,60.36,0.83,0
185,103,43.97,385.00,64.52,75.88,0.61,0
185,68,1552.86,483.81,47.77,46.55,0.36,0
185,111,34.37,386.21,80.60,76.00,0.56,0
186,64,259.44,240.79,110.96,62.33,0.88,0
186,111,38.29,385.29,81.28,76.65,0.79,0
187,64,260.74,240.67,111.98,63.28,0.85,0
187,111,41.84,385.57,80.53,75.97,0.93,0
187,1,906.85,430.54,42.60,42.56,0.28,0
188,64,262.48,240.49,112.79,64.16,0.87,0
188,111,43.89,386.27,80.23,75.72,0.91,0
189,64,265.83,239.84,112.60,64.24,0.82,0
189,111,46.20,386.84,79.37,74.90,0.94,0
190,64,268.22,239.99,113.19,64.85,0.82,0
190,111,49.86,387.62,78.10,73.82,0.87,0
190,68,1566.52,482.19,50.14,48.59,0.48,0
190,1,914.14,431.22,44.95,44.90,0.47,0
191,64,272.92,241.07,108.98,62.46,0.68,0
191,111,52.92,389.69,76.94,72.79,0.89,0
191,68,1569.60,481.96,51.15,49.95,0.37,0
191,1,915.98,431.13,43.54,43.38,0.48,0
192,64,277.96,243.99,104.40,59.30,0.41,0
192,68,1573.29,479.37,52.23,50.99,0.46,0
192,103,67.69,386.34,66.86,76.25,0.89,0
193,64,280.04,242.80,108.04,61.01,0.76,0
193,68,1576.51,477.44,53.11,52.02,0.26,0
193,103,70.57,386.82,68.45,76.44,0.94,0
193,1,920.93,429.77,44.09,43.86,0.36,0
194,64,284.34,243.03,109.49,61.76,0.26,0
194,68,1579.87,479.67,52.44,51.12,0.49,0
194,103,73.62,388.83,68.22,74.52,0.94,0
194,1,926.58,431.09,42.41,42.44,0.41,0
195,64,288.45,242.42,110.37,62.06,0.67,0
195,103,76.66,389.78,68.64,73.78,0.92,0
195,1,932.52,431.18,41.86,41.69,0.47,0
195,120,272.06,303.85,130.56,51.50,0.60,0
196,64,295.30,245.95,108.55,60.79,0.51,0
196,103,79.14,390.77,69.41,73.71,0.90,0
196,1,936.46,431.38,42.00,41.82,0.35,0
196,120,275.93,304.22,130.63,51.56,0.47,0
196,68,1591.96,481.29,50.01,48.91,0.45,0
197,103,86.92,388.10,72.45,76.03,0.92,0
197,1,939.57,431.30,42.59,42.46,0.48,0
197,120,284.81,305.09,127.99,50.58,0.28,0
197,68,1597.23,481.89,49.41,48.20,0.38,0
198,103,93.46,389.49,71.78,74.29,0.95,0
198,120,282.34,304.32,130.58,51.61,0.27,0
199,103,97.43,389.72,72.64,74.42,0.94,0
199,120,294.88,305.66,128.49,50.97,0.36,0
199,64,311.44,248.77,108.46,60.74,0.78,0
199,1,946.27,430.69,43.16,43.22,0.46,0
200,103,102.90,392.15,71.67,72.80,0.91,0
200,120,302.29,306.65,127.51,50.70,0.49,0
200,64,318.45,249.88,106.76,59.71,0.76,0
200,1,953.84,430.72,42.06,42.13,0.39,0
201,103,109.27,389.86,75.17,75.96,0.92,0
201,120,304.97,307.02,127.63,50.93,0.43,0
201,64,324.55,251.18,103.76,58.01,0.71,0
201,1,959.98,431.88,41.07,40.88,0.32,0
201,68,1619.97,481.10,50.13,49.19,0.50,0
202,103,116.73,390.59,74.58,74.77,0.94,0
202,120,305.60,306.10,129.23,51.53,0.51,0
202,64,326.99,250.51,105.35,58.81,0.68,0
202,1,963.46,431.60,41.84,41.75,0.41,0
202,68,1624.88,477.10,52.18,51.41,0.34,0
203,103,120.84,390.52,75.15,74.82,0.92,0
203,120,307.91,305.48,129.10,51.80,0.43,0
203,64,332.27,250.44,105.88,59.13,0.72,0
203,68,1628.61,476.78,53.30,52.16,0.44,0
204,103,127.05,392.91,73.15,72.53,0.89,0
204,64,339.17,250.24,105.66,58.97,0.79,0
204,68,1635.52,476.50,51.93,50.36,0.43,0
204,1,971.77,431.02,42.47,42.80,0.51,0
205,103,134.02,389.97,76.65,75.79,0.93,0
205,64,347.05,251.14,103.82,58.00,0.79,0
205,68,1643.72,477.60,50.58,49.56,0.54,0
205,1,979.59,431.47,40.62,40.95,0.27,0
206,103,141.51,390.52,75.54,74.16,0.94,0
206,68,1647.55,476.35,53.01,52.67,0.39,0
206,1,984.99,431.55,40.80,41.07,0.35,0
206,131,1526.69,395.95,30.51,39.27,0.49,0
206,120,329.62,307.80,124.62,50.00,0.34,0
207,103,145.63,391.23,75.73,74.01,0.93,0
207,68,1653.15,476.08,53.09,51.95,0.34,0
207,1,988.29,430.73,42.03,42.22,0.48,0
207,64,359.82,251.24,104.36,58.48,0.82,0
208,103,153.59,391.90,75.90,73.98,0.91,0
208,1,991.91,429.64,42.63,42.80,0.55,0
208,64,365.40,250.79,106.29,59.83,0.82,0
209,103,160.73,390.74,77.50,75.57,0.93,0
209,1,999.16,430.04,41.83,42.12,0.39,0
209,64,372.63,252.10,105.11,59.37,0.61,0
209,68,1669.08,476.53,51.79,51.29,0.58,0
210,103,166.88,391.59,76.21,73.92,0.93,0
210,64,378.24,252.61,103.90,58.77,0.77,0
211,103,171.65,392.46,76.20,73.79,0.90,0
211,64,383.04,252.89,104.50,59.29,0.83,0
211,68,1680.81,475.30,49.25,47.43,0.42,0
212,103,177.96,391.60,78.21,75.61,0.92,0
212,64,389.36,252.77,104.94,59.74,0.83,0
212,68,1688.26,477.30,50.96,50.12,0.32,0
212,1,1013.79,430.73,42.24,42.61,0.27,0
213,103,184.32,390.75,79.46,77.03,0.93,0
213,64,395.61,253.36,104.48,59.59,0.60,0
213,68,1695.71,477.12,48.68,47.87,0.33,0
213,1,1019.14,429.35,42.92,43.07,0.46,0
214,103,190.25,391.82,77.43,74.77,0.92,0
214,64,400.06,252.86,104.50,59.58,0.64,0
215,103,195.39,393.01,76.62,74.03,0.90,0
215,64,404.87,253.28,103.95,59.29,0.84,0
215,68,1705.44,475.49,49.49,47.59,0.35,0
215,1,1030.72,431.93,39.51,39.63,0.37,0
216,103,201.77,392.51,77.65,75.22,0.92,0
216,64,409.27,252.30,106.66,61.06,0.85,0
216,1,1035.28,431.99,41.33,41.57,0.30,0
217,103,207.43,391.84,78.60,76.40,0.93,0
217,64,415.61,252.75,104.98,60.23,0.82,0
217,1,1037.85,431.23,41.85,42.19,0.35,0
217,68,1716.82,475.67,51.87,50.12,0.65,0
218,103,212.63,391.92,77.72,75.51,0.93,0
218,64,421.64,253.86,103.31,59.44,0.53,0
218,1,1041.05,429.68,42.73,42.68,0.56,0
218,68,1720.86,474.67,53.85,52.46,0.40,0
219,103,217.74,392.13,77.10,74.98,0.89,0
219,64,426.38,253.31,102.71,59.17,0.63,0
219,1,1047.83,429.79,42.32,42.27,0.44,0
219,68,1726.09,473.88,53.58,51.81,0.31,0
220,103,222.79,393.67,76.23,74.17,0.34,0
220,64,430.01,253.33,104.56,60.46,0.84,0
220,1,1054.36,431.45,40.28,40.29,0.30,0
221,103,228.97,392.85,77.79,75.81,0.91,0
221,64,435.53,252.67,106.64,62.01,0.82,0
221,68,1740.31,475.30,50.49,48.69,0.64,0
222,103,235.17,393.15,77.33,75.27,0.91,0
222,64,442.38,254.12,103.92,60.46,0.80,0
222,68,1745.32,475.48,50.31,48.99,0.59,0
222,1,1060.92,430.21,42.37,42.49,0.26,0
223,103,241.84,395.27,75.21,73.21,0.86,0
223,64,446.17,253.95,103.93,60.36,0.69,0
223,68,1749.24,476.46,48.94,47.90,0.26,0
223,155,1622.23,392.21,31.61,40.69,0.47,0
223,1,1064.06,429.18,42.87,42.94,0.46,0
224,103,246.27,395.80,75.31,73.19,0.89,0
224,64,449.81,253.35,105.18,61.39,0.86,0
224,68,1754.60,475.63,48.65,47.14,0.29,0
224,1,1069.46,428.84,43.22,43.45,0.60,0
225,103,250.87,395.22,76.54,74.59,0.90,0
225,64,454.15,253.89,104.18,60.89,0.87,0
225,68,1759.12,476.08,49.46,48.03,0.27,0
225,1,1075.11,429.01,42.42,42.64,0.31,0
226,103,254.97,395.87,75.78,73.81,0.92,0
226,64,455.89,254.14,104.15,60.88,0.86,0
226,68,1765.61,474.97,50.05,48.28,0.67,0
226,1,1079.63,430.98,40.28,40.48,0.39,0
227,103,258.58,394.80,77.00,75.08,0.92,0
227,64,460.92,254.40,104.44,61.31,0.83,0
227,68,1770.40,475.56,48.60,46.91,0.64,0
228,103,261.76,393.94,77.15,75.46,0.91,0
228,64,465.95,255.21,102.71,60.36,0.78,0
228,68,1774.14,474.31,50.12,48.50,0.33,0
229,103,266.37,395.54,74.86,73.19,0.89,0
229,64,468.87,255.55,102.79,60.65,0.81,0
229,68,1776.75,474.09,49.23,47.45,0.45,0
229,162,1644.72,433.78,32.43,40.80,0.40,0
229,1,1084.62,429.52,42.69,43.04,0.37,0
230,103,269.10,396.63,73.45,71.65,0.86,0
230,64,470.29,256.31,103.22,61.24,0.70,0
230,68,1777.65,473.51,49.23,47.02,0.59,0
230,162,1645.97,432.86,34.28,43.10,0.39,0
230,165,1760.57,441.86,81.14,30.25,0.46,0
231,103,270.35,395.87,75.25,73.34,0.91,0
231,64,471.88,256.55,102.83,61.11,0.39,0
231,68,1778.70,473.79,49.38,46.75,0.61,0
231,162,1647.56,433.77,35.37,44.54,0.29,0
231,165,1762.77,441.24,80.95,30.16,0.44,0
231,1,1087.34,427.88,43.97,44.46,0.55,0
232,64,473.34,256.41,102.60,60.87,0.47,0
232,68,1779.08,474.67,51.15,48.61,0.27,0
232,162,1651.06,435.39,32.80,41.24,0.38,0
232,1,1089.79,428.19,43.75,43.84,0.61,0
233,64,474.19,256.01,103.36,61.29,0.57,0
233,1,1093.37,428.82,43.20,43.49,0.37,0
233,103,274.96,399.02,75.08,73.46,0.62,0
234,64,475.85,256.61,103.92,61.57,0.73,0
234,103,276.54,397.71,75.58,73.98,0.90,0
234,68,1788.70,475.08,51.64,49.44,0.34,0
235,64,478.35,256.85,103.97,61.77,0.85,0
235,103,278.95,397.54,75.71,73.95,0.90,0
235,68,1793.43,475.62,48.24,46.41,0.40,0
235,162,1658.57,433.87,35.44,44.67,0.41,0
235,1,1100.61,430.17,41.41,41.74,0.33,0
236,64,483.27,256.87,103.57,61.59,0.85,0
236,103,281.31,396.09,77.58,75.86,0.93,0
236,68,1794.51,475.93,49.66,48.07,0.43,0
237,64,487.38,257.94,100.71,59.80,0.81,0
237,103,284.15,396.87,77.24,75.73,0.89,0
237,68,1796.21,476.28,49.76,48.54,0.26,0
237,175,1666.05,389.22,30.82,42.11,0.49,0
237,162,1665.53,434.99,33.29,41.88,0.49,0
238,64,491.16,257.94,101.59,60.48,0.78,0
238,103,290.14,399.17,73.63,72.04,0.89,0
238,68,1797.30,476.99,48.86,48.02,0.26,0
238,175,1669.10,390.26,29.73,40.55,0.41,0
238,162,1669.39,435.70,31.58,39.55,0.37,0
239,64,493.79,258.62,102.33,60.99,0.51,0
239,103,293.63,400.44,71.46,69.46,0.85,0
239,68,1801.22,475.12,48.27,47.03,0.42,0
239,175,1673.59,390.96,28.70,38.87,0.43,0
239,162,1671.33,434.00,33.13,41.37,0.53,0
240,64,495.93,259.07,102.07,60.94,0.78,0
240,103,296.64,401.81,72.25,69.85,0.41,0
240,162,1673.91,434.19,32.89,41.05,0.40,0
241,64,498.12,259.45,101.22,60.46,0.68,0
241,103,299.71,403.35,72.56,70.29,0.72,0
241,68,1808.69,476.06,50.72,49.62,0.27,0
242,64,500.71,259.69,100.64,60.26,0.74,0
242,103,301.03,403.36,74.46,72.22,0.88,0
242,68,1812.91,475.18,51.33,50.22,0.46,0
242,1,1112.79,429.88,42.38,42.62,0.47,0
243,64,504.76,260.17,99.02,59.06,0.79,0
243,103,303.15,403.04,74.00,71.53,0.90,0
243,68,1816.02,475.49,50.67,49.60,0.57,0
243,1,1116.28,430.45,42.25,42.76,0.36,0
243,162,1683.02,434.68,33.71,42.15,0.31,0
244,64,508.26,261.13,96.92,57.83,0.85,0
244,103,306.03,401.87,74.90,72.61,0.93,0
244,68,1817.25,475.25,52.70,51.85,0.44,0
244,1,1120.50,430.42,41.86,42.30,0.46,0
245,64,512.28,262.43,95.19,56.31,0.81,0
245,103,309.60,402.71,73.79,71.80,0.92,0
245,68,1819.36,475.46,51.87,51.19,0.33,0
245,1,1124.86,430.81,41.50,41.68,0.48,0
245,175,1691.10,391.60,30.01,40.40,0.35,0
245,162,1690.28,436.26,31.74,39.60,0.34,0
246,64,515.93,263.79,93.86,55.05,0.80,0
246,103,313.25,403.26,72.71,70.44,0.91,0
246,1,1127.95,431.74,41.62,41.61,0.37,0
246,175,1693.91,391.91,29.91,39.87,0.39,0
246,162,1694.41,437.04,30.30,37.35,0.40,0
247,64,519.19,264.34,96.18,55.93,0.72,0
247,103,316.81,403.38,71.56,68.88,0.87,0
247,1,1129.83,431.77,43.43,43.66,0.38,0
247,175,1696.95,391.75,30.48,40.21,0.32,0
248,64,520.04,264.03,97.70,56.56,0.53,0
248,103,318.86,403.23,73.86,70.96,0.71,0
248,1,1131.43,430.99,43.78,44.14,0.46,0
248,184,516.89,263.99,102.33,56.64,0.43,0
249,103,322.46,404.24,74.70,71.95,0.88,0
249,162,1702.22,436.84,33.77,42.10,0.27,0
250,103,326.16,405.76,72.92,70.14,0.86,0
250,162,1705.43,437.16,33.69,41.85,0.44,0
250,68,1840.51,476.40,47.82,47.06,0.54,0
250,64,524.43,264.75,97.84,56.48,0.71,0
251,103,329.16,405.44,73.91,71.05,0.88,0
251,162,1707.19,437.26,34.91,43.45,0.28,0
251,68,1841.83,476.96,49.30,48.95,0.31,0
251,64,527.59,265.18,97.65,56.32,0.74,0
251,175,1707.12,388.86,34.25,45.33,0.34,0
252,103,331.77,404.79,75.47,72.85,0.93,0
252,64,531.16,265.44,95.78,55.09,0.80,0
252,175,1711.97,389.94,33.37,44.10,0.36,0
253,103,334.46,404.52,75.83,73.26,0.93,0
253,64,534.33,264.46,96.76,55.47,0.80,0
253,175,1715.52,390.91,32.26,42.32,0.38,0
253,1,1146.54,432.47,41.81,42.23,0.27,0
253,162,1716.27,437.60,32.89,40.36,0.48,0
254,103,339.57,404.37,74.02,71.11,0.90,0
254,64,537.85,264.18,99.42,57.06,0.72,0
254,175,1719.70,391.28,32.13,41.57,0.49,0
254,162,1719.13,437.27,32.51,39.76,0.37,0
255,103,341.65,404.78,73.62,70.33,0.88,0
255,64,540.69,264.76,99.81,57.08,0.73,0
255,162,1720.74,437.53,33.68,41.43,0.33,0
256,103,343.34,404.86,74.36,70.80,0.68,0
256,64,542.92,265.29,99.90,56.91,0.47,0
256,162,1725.73,437.84,33.56,41.41,0.26,0
256,68,1861.89,476.42,50.44,49.57,0.34,0
256,1,1154.59,432.80,43.51,44.24,0.32,0
256,175,1726.09,391.65,31.84,41.43,0.25,0
257,103,346.02,405.72,75.97,72.71,0.87,0
257,64,544.36,264.89,100.65,57.36,0.55,0
257,162,1728.40,438.30,33.89,41.90,0.29,0
257,189,543.29,264.59,102.21,57.52,0.33,0
257,68,1864.32,476.40,50.67,49.71,0.43,0
257,1,1156.41,432.42,43.18,44.14,0.28,0
258,103,350.20,406.44,74.00,70.97,0.87,0
258,64,547.19,264.62,100.93,57.67,0.68,0
258,1,1158.52,432.75,42.23,43.26,0.27,0
259,103,353.98,406.81,72.83,69.87,0.92,0
259,64,549.70,264.59,101.98,58.46,0.70,0
259,175,1733.11,390.16,33.55,44.00,0.28,0
259,68,1867.05,475.89,50.06,49.84,0.33,0
260,103,356.29,405.61,74.86,72.11,0.95,0
260,64,553.37,264.78,100.76,57.82,0.76,0
260,175,1737.70,390.34,33.11,43.15,0.32,0
260,162,1739.93,437.88,33.52,41.07,0.55,0
261,103,358.62,405.53,75.39,72.78,0.94,0
261,64,556.95,264.87,99.87,57.48,0.79,0
261,175,1742.18,390.64,33.14,42.60,0.46,0
261,162,1742.63,437.74,33.28,40.58,0.43,0
262,103,362.17,405.90,74.40,71.51,0.92,0
262,64,561.59,264.62,101.24,58.44,0.74,0
262,162,1744.77,437.87,34.09,41.71,0.46,0
263,103,364.59,405.57,74.99,71.92,0.90,0
263,64,563.05,264.22,104.80,60.74,0.57,0
263,162,1749.51,437.74,33.94,41.74,0.31,0
263,190,564.30,265.27,101.38,60.25,0.43,0
263,175,1749.52,391.50,32.20,41.69,0.30,0
264,64,565.49,264.19,105.42,61.35,0.45,0
264,162,1753.13,438.22,34.00,41.83,0.47,0
264,190,565.54,265.07,101.68,60.41,0.49,0
264,175,1752.19,391.31,32.78,42.57,0.36,0
265,162,1755.25,438.49,34.91,42.83,0.37,0
265,175,1754.47,388.22,35.29,46.00,0.38,0
265,1,1179.57,432.39,42.83,43.85,0.40,0
265,103,371.64,406.96,73.76,71.13,0.81,0
266,162,1762.00,437.08,34.60,42.18,0.57,0
266,175,1761.37,389.40,33.24,43.06,0.51,0
266,103,377.95,406.93,72.65,70.13,0.91,0
266,64,571.91,264.38,102.60,59.80,0.65,0
267,162,1766.13,435.18,35.70,43.97,0.34,0
267,103,382.25,406.43,73.87,71.29,0.94,0
267,64,577.76,264.70,100.20,58.33,0.69,0
268,103,388.03,406.78,71.94,69.00,0.89,0
268,64,585.19,264.91,98.61,57.54,0.72,0
268,1,1194.26,431.99,42.22,43.17,0.34,0
269,64,589.54,265.21,100.59,58.67,0.64,0
269,162,1776.33,433.95,36.52,45.44,0.32,0
270,64,593.03,264.78,100.96,59.10,0.62,0
270,162,1782.43,434.29,34.88,43.46,0.34,0
270,103,397.05,407.01,72.02,69.37,0.85,0
270,1,1202.97,431.96,42.75,43.80,0.39,0
271,64,597.31,264.59,100.16,58.89,0.70,0
271,162,1788.60,433.76,33.71,41.97,0.48,0
271,103,402.49,406.90,70.41,68.03,0.90,0
271,1,1204.94,431.38,42.76,43.76,0.39,0
271,175,1788.24,388.05,31.91,41.05,0.59,0
272,64,599.47,264.04,102.27,60.41,0.75,0
272,162,1792.74,433.68,34.22,42.70,0.47,0
272,103,404.69,404.69,73.88,71.74,0.94,0
273,64,604.18,264.17,99.66,59.02,0.76,0
273,162,1798.82,434.24,33.28,41.43,0.43,0
273,103,408.82,404.74,72.82,70.57,0.92,0
273,1,1213.32,431.29,42.19,43.35,0.57,0
274,64,610.56,264.65,96.25,57.01,0.79,0
274,162,1802.45,434.19,33.94,42.15,0.48,0
274,103,412.83,405.37,71.51,68.92,0.87,0
274,196,5.49,493.26,30.04,30.72,0.50,0
274,1,1218.02,431.01,41.60,42.66,0.48,0
274,175,1799.77,385.37,35.71,45.78,0.36,0
275,64,613.52,264.35,99.32,58.83,0.57,0
275,162,1806.75,433.84,34.39,42.29,0.34,0
275,103,414.64,403.55,74.89,72.22,0.82,0
275,196,7.82,492.92,30.39,31.06,0.43,0
275,1,1223.21,431.36,41.48,42.21,0.40,0
275,175,1803.89,386.05,35.07,44.91,0.35,0
276,64,615.76,264.64,100.24,59.29,0.59,0
276,162,1811.44,432.76,35.11,43.09,0.54,0
276,103,419.25,405.12,74.39,72.07,0.87,0
276,196,11.34,493.88,29.76,30.27,0.37,0
276,1,1225.08,431.94,41.22,41.82,0.54,0
276,175,1810.17,386.20,33.82,43.07,0.41,0
277,64,620.41,264.62,97.03,57.22,0.48,0
277,162,1814.20,431.59,36.40,44.74,0.60,0
277,103,424.72,405.83,71.58,69.35,0.87,0
277,196,16.08,493.51,30.36,30.76,0.32,0
277,1,1227.35,431.25,42.25,42.88,0.58,0
277,175,1815.04,386.50,33.03,41.93,0.54,0
278,64,623.04,264.82,95.56,56.03,0.55,0
278,162,1818.01,431.33,37.17,45.95,0.61,0
278,103,428.61,405.29,71.55,69.55,0.90,0
278,1,1229.72,431.31,41.54,42.16,0.39,0
278,175,1818.49,385.70,33.64,42.88,0.28,0
279,64,627.25,265.06,94.71,55.43,0.73,0
279,162,1823.10,430.77,37.07,46.05,0.45,0
279,103,433.07,405.08,71.30,69.27,0.92,0
279,1,1232.71,430.19,42.74,43.14,0.73,0
279,196,24.45,493.70,30.95,31.13,0.33,0
280,64,631.99,264.20,94.95,55.58,0.77,0
280,103,437.52,405.98,69.26,66.81,0.87,0
280,1,1238.97,429.98,42.07,42.56,0.31,0
281,64,636.91,264.69,95.79,55.91,0.75,0
281,1,1244.09,430.25,41.86,42.24,0.34,0
281,175,1834.45,384.41,32.67,41.15,0.47,0
281,162,1834.45,430.37,34.97,43.17,0.61,0
281,196,37.47,493.20,29.30,29.32,0.39,0
282,64,640.14,265.20,98.87,57.77,0.76,0
282,1,1248.30,431.39,40.31,40.56,0.38,0
282,175,1839.69,383.56,33.59,42.28,0.26,0
282,162,1839.18,429.03,35.57,43.90,0.63,0
282,196,41.97,491.84,30.94,30.84,0.53,0
282,103,445.82,406.20,71.44,69.08,0.90,0
283,64,644.54,264.47,99.42,58.28,0.74,0
283,1,1251.73,430.68,41.57,42.01,0.27,0
283,175,1842.26,381.77,35.28,44.60,0.28,0
283,162,1843.48,429.64,36.01,44.59,0.60,0
283,196,47.68,492.25,30.54,30.35,0.25,0
283,103,449.91,405.77,70.51,68.20,0.88,0
284,64,648.53,264.70,96.94,56.93,0.79,0
284,162,1848.59,429.46,35.96,44.68,0.64,0
284,196,51.85,492.54,30.74,30.40,0.48,0
284,103,453.00,405.08,71.69,69.54,0.93,0
285,64,652.28,264.87,96.18,56.63,0.81,0
285,162,1852.61,429.94,35.72,44.00,0.45,0
285,103,456.15,404.20,72.17,70.04,0.92,0
285,1,1257.05,427.99,43.34,43.54,0.45,0
285,175,1849.60,380.51,36.83,46.16,0.41,0
286,64,658.12,264.30,94.20,55.47,0.77,0
286,162,1858.09,429.86,36.14,44.33,0.62,0
286,103,461.87,405.50,69.59,67.25,0.87,0
286,1,1262.16,428.22,43.30,43.62,0.39,0
286,175,1857.17,382.75,34.25,42.68,0.57,0
286,196,63.10,493.10,29.47,29.11,0.32,0
287,64,662.75,264.58,94.67,55.51,0.75,0
287,162,1863.29,428.50,37.60,46.24,0.61,0
287,1,1268.42,429.57,41.85,42.12,0.51,0
287,175,1861.77,381.90,34.95,43.57,0.54,0
287,196,67.34,492.27,29.88,29.47,0.34,0
288,64,667.24,264.77,96.50,56.76,0.74,0
288,162,1869.02,426.93,39.44,49.11,0.48,0
288,1,1273.00,429.79,41.88,42.06,0.26,0
288,196,73.71,492.23,30.56,29.90,0.36,0
288,103,471.86,405.83,69.19,66.75,0.89,0
289,64,672.43,264.21,95.23,56.14,0.75,0
289,162,1878.20,428.11,37.54,45.91,0.48,0
289,1,1275.89,428.06,43.22,43.51,0.37,0
289,196,80.80,492.10,30.01,29.26,0.27,0
289,103,476.40,405.17,70.46,68.07,0.90,0
290,64,676.85,264.16,94.28,55.67,0.75,0
290,162,1883.26,428.15,36.74,45.99,0.43,0
290,1,1281.03,426.55,43.54,43.91,0.32,0
290,196,89.25,492.18,28.54,27.84,0.48,0
290,103,483.45,405.58,68.09,65.67,0.85,0
291,64,683.31,264.79,91.82,54.21,0.82,0
291,1,1289.12,427.51,42.27,42.68,0.39,0
291,196,94.61,492.03,27.73,27.04,0.25,0
291,103,488.47,405.12,69.89,67.04,0.51,0
292,64,689.20,264.91,93.74,55.01,0.63,0
292,196,102.14,492.18,27.70,26.93,0.35,0
292,103,494.84,405.74,68.23,65.41,0.88,0
293,64,695.52,264.33,93.60,54.89,0.74,0
293,196,110.93,492.78,25.71,25.08,0.30,0
293,103,500.52,405.54,69.28,66.50,0.90,0
293,1,1299.08,425.82,43.95,44.70,0.26,0
294,64,699.35,263.89,95.44,56.20,0.79,0
294,196,117.06,492.21,27.17,26.37,0.29,0
294,103,507.57,405.40,67.70,65.01,0.86,0
294,1,1303.72,424.59,44.28,45.23,0.46,0
295,64,707.00,264.68,92.02,54.06,0.82,0
295,196,123.61,492.33,28.71,27.78,0.43,0
296,64,713.18,264.85,92.73,54.16,0.61,0
296,103,519.70,405.70,68.03,65.48,0.88,0
297,64,720.23,264.83,91.84,53.46,0.74,0
297,103,525.67,404.42,69.50,67.00,0.89,0
297,1,1321.53,421.26,48.45,49.17,0.30,0
297,196,139.65,491.81,28.01,27.02,0.43,0
298,64,723.80,264.62,92.94,54.02,0.73,0
298,103,532.40,405.15,67.86,65.40,0.85,0
298,196,147.38,492.32,27.68,26.53,0.29,0
299,64,730.48,263.91,92.88,53.97,0.76,0
299,103,539.36,404.89,68.40,65.87,0.76,0
299,1,1335.96,423.19,45.57,46.02,0.41,0
300,64,735.40,263.10,95.07,55.33,0.72,0
300,103,544.49,405.60,67.48,65.08,0.87,0
301,64,741.04,263.42,96.22,56.25,0.76,0
301,103,549.94,405.39,68.13,65.79,0.89,0
301,196,165.98,491.34,28.46,27.37,0.30,0
302,64,743.56,262.67,96.65,56.42,0.66,0
302,103,555.72,404.63,67.91,65.64,0.88,0
302,196,172.99,491.63,28.61,27.56,0.38,0
303,64,749.22,262.77,95.40,55.82,0.82,0
303,103,559.98,403.67,70.23,67.76,0.85,0
303,196,181.47,492.32,26.88,25.92,0.35,0
304,64,755.66,263.15,93.53,54.81,0.75,0
304,103,565.30,403.73,69.64,67.28,0.89,0
304,196,187.31,492.24,26.80,25.94,0.42,0
305,64,761.12,263.04,94.12,54.99,0.73,0
305,103,570.75,404.30,69.03,67.13,0.88,0
305,196,192.38,491.40,27.32,26.52,0.32,0
306,64,765.57,262.82,95.88,56.21,0.70,0
306,103,576.24,403.18,69.35,67.48,0.90,0
306,196,198.54,491.95,27.03,26.22,0.38,0
306,1,1374.57,418.53,46.86,46.24,0.52,0
307,64,768.99,262.05,96.78,57.00,0.67,0
307,103,581.73,404.65,67.54,65.75,0.85,0
307,1,1378.51,417.54,49.29,48.64,0.74,0
308,64,774.77,262.86,94.51,55.74,0.76,0
308,103,587.68,404.30,67.94,66.15,0.54,0
308,1,1384.49,417.80,48.04,47.16,0.58,0
308,196,210.99,491.94,26.57,25.88,0.41,0
309,64,779.48,263.00,93.08,54.98,0.77,0
309,103,591.59,404.43,67.88,66.09,0.89,0
309,196,216.44,491.28,27.13,26.49,0.34,0
310,64,785.08,262.22,94.64,55.92,0.69,0
310,103,597.09,404.21,67.85,66.16,0.89,0
310,196,222.11,491.46,27.59,26.78,0.48,0
310,1,1394.73,418.52,46.52,45.92,0.41,0
311,64,789.79,261.17,96.17,57.13,0.74,0
311,103,601.94,402.99,67.90,66.34,0.90,0
311,1,1399.60,418.14,47.23,46.68,0.51,0
312,64,793.31,260.05,97.18,58.05,0.80,0
312,103,607.42,404.17,65.35,63.76,0.82,0
312,1,1405.30,416.70,46.99,46.60,0.31,0
312,196,234.79,491.58,26.71,26.00,0.37,0
313,64,798.02,260.30,96.06,57.61,0.84,0
313,103,611.13,403.32,66.25,64.19,0.64,0
313,196,239.67,491.17,26.89,26.15,0.33,0
314,64,802.60,260.60,94.98,57.19,0.79,0
314,103,615.00,402.92,68.02,65.95,0.88,0
314,196,244.98,491.43,27.00,25.96,0.35,0
315,64,808.82,260.40,95.06,57.13,0.60,0
315,103,621.20,402.28,67.93,66.14,0.89,0
315,1,1420.72,416.12,45.57,45.01,0.44,0
316,64,811.88,258.20,98.55,59.67,0.60,0
316,103,624.93,400.47,69.51,68.01,0.88,0
316,1,1425.12,416.53,45.89,45.06,0.39,0
316,196,257.35,492.42,25.26,24.46,0.29,0
317,64,816.06,258.19,97.21,59.08,0.77,0
317,103,629.63,401.57,67.74,66.32,0.78,0
317,196,261.82,490.60,27.32,26.56,0.38,0
318,64,819.65,257.84,96.15,58.52,0.75,0
318,103,634.36,401.40,67.82,66.10,0.60,0
318,196,267.03,491.33,26.68,25.78,0.27,0
318,1,1436.80,415.68,44.02,43.43,0.43,0
319,64,825.99,258.20,94.42,57.56,0.76,0
319,103,639.07,400.89,69.50,67.85,0.91,0
320,64,830.04,258.03,95.05,58.09,0.71,0
320,103,644.58,399.90,69.62,68.36,0.90,0
320,196,280.18,492.65,25.03,24.08,0.30,0
320,1,1447.09,413.88,43.55,42.86,0.30,0
321,64,835.08,256.91,96.00,58.74,0.64,0
321,103,648.97,399.44,69.36,68.37,0.91,0
321,196,284.72,491.28,26.18,25.32,0.36,0
322,64,840.00,256.90,94.77,57.99,0.82,0
322,103,653.36,400.69,67.67,66.71,0.84,0
322,196,289.21,490.99,26.65,25.69,0.35,0
322,1,1456.53,412.09,45.01,44.04,0.27,0
323,64,844.55,256.88,94.84,58.14,0.85,0
323,103,657.06,400.01,68.83,67.71,0.84,0
323,196,293.93,490.96,26.67,25.57,0.45,0
323,1,1461.91,411.93,44.44,44.00,0.41,0
324,64,848.39,257.43,93.38,57.32,0.80,0
324,103,663.02,400.00,68.89,67.88,0.90,0
325,64,853.64,257.45,93.76,57.74,0.79,0
325,103,667.95,400.02,67.96,67.20,0.91,0
326,64,857.91,256.53,95.87,59.48,0.60,0
326,103,673.03,399.19,68.34,67.82,0.89,0
326,196,310.57,490.75,26.87,25.91,0.29,0
326,1,1476.35,407.56,46.92,45.84,0.46,0
327,64,862.94,255.28,95.00,58.91,0.78,0
327,103,677.70,400.16,66.73,66.14,0.84,0
327,196,315.09,491.05,26.79,25.66,0.40,0
327,1,1483.09,407.58,46.68,45.76,0.43,0
328,64,867.08,254.88,94.48,58.64,0.83,0
328,103,681.78,400.16,66.52,65.68,0.86,0
328,196,320.01,491.10,26.47,25.08,0.29,0
328,1,1486.84,408.22,45.91,45.21,0.58,0
329,64,871.54,255.44,92.36,57.23,0.73,0
329,103,687.59,399.75,67.85,67.08,0.89,0
329,196,328.18,492.58,24.64,23.38,0.30,0
329,1,1492.20,406.19,46.42,45.58,0.52,0
330,64,877.20,255.05,92.73,57.44,0.78,0
330,103,693.44,398.96,67.54,67.16,0.92,0
330,196,334.49,491.30,26.64,25.32,0.40,0
330,1,1497.07,405.23,46.43,45.05,0.71,0
331,64,883.64,254.35,94.39,58.41,0.72,0
331,103,699.51,399.28,65.95,65.62,0.91,0
331,196,339.87,491.55,26.22,24.77,0.42,0
331,1,1503.95,404.37,46.50,44.84,0.67,0
332,64,888.27,254.09,93.05,57.31,0.79,0
332,103,703.85,399.90,65.78,65.31,0.85,0
332,196,344.04,491.21,26.80,25.26,0.29,0
332,1,1510.58,406.13,44.37,42.85,0.47,0
333,64,893.49,254.97,91.98,56.50,0.85,0
333,103,709.27,400.49,65.88,65.08,0.83,0
333,196,352.44,492.74,24.46,23.19,0.31,0
333,1,1515.33,402.92,47.49,46.01,0.55,0
334,64,899.22,254.39,92.46,56.77,0.78,0
334,103,714.72,399.19,66.71,66.09,0.90,0
334,196,357.85,490.47,27.35,26.03,0.40,0
334,1,1522.19,402.51,47.45,45.48,0.76,0
335,64,906.93,255.17,91.61,56.23,0.50,0
335,103,720.96,397.83,68.02,67.68,0.90,0
335,196,363.58,490.97,27.65,26.46,0.35,0
335,1,1531.14,403.93,46.04,44.02,0.62,0
336,64,911.90,254.05,92.06,56.28,0.62,0
336,103,725.78,397.99,68.15,67.77,0.84,0
336,1,1536.36,401.58,48.95,47.30,0.37,0
337,64,916.10,254.65,91.30,55.42,0.68,0
337,103,733.64,398.65,66.66,66.07,0.89,0
337,1,1542.05,400.22,48.78,47.02,0.70,0
337,196,378.28,491.09,28.03,27.01,0.35,0
338,64,921.85,254.39,92.03,55.69,0.67,0
338,103,740.31,398.53,66.71,66.35,0.93,0
338,1,1549.43,400.63,47.37,45.82,0.50,0
338,196,385.94,491.31,27.24,26.09,0.42,0
339,64,932.80,253.26,92.69,56.17,0.65,0
339,103,746.94,397.47,67.60,67.41,0.89,0
340,64,938.94,253.72,91.13,55.21,0.81,0
340,103,752.10,397.50,69.06,68.60,0.85,0
341,64,944.88,253.69,91.23,55.46,0.75,0
341,103,760.15,397.41,68.01,67.63,0.89,0
341,1,1573.13,396.00,50.38,48.68,0.56,0
341,196,408.57,491.72,27.86,26.66,0.32,0
342,64,953.61,252.84,90.57,55.04,0.63,0
342,103,766.60,394.89,69.87,69.82,0.92,0
342,1,1582.24,395.13,50.23,48.49,0.34,0
343,64,961.33,252.29,91.22,55.50,0.70,0
343,103,773.84,395.95,69.08,69.00,0.86,0
343,1,1590.60,394.16,50.31,48.60,0.58,0
344,64,967.97,252.23,91.05,55.51,0.73,0
344,103,783.43,396.86,67.54,67.51,0.89,0
344,1,1599.38,394.46,48.03,46.08,0.32,0
344,196,433.75,491.85,27.46,26.15,0.34,0
345,64,974.22,252.14,90.89,55.26,0.72,0
345,103,789.81,396.01,68.31,68.31,0.94,0
345,1,1608.40,393.36,47.56,45.77,0.40,0
346,64,982.29,250.08,93.53,57.11,0.50,0
346,103,796.92,396.26,67.38,67.36,0.88,0
346,1,1614.98,391.73,49.08,47.36,0.53,0
347,64,988.29,250.71,92.41,56.48,0.77,0
347,103,805.10,395.13,66.07,65.93,0.66,0
347,1,1622.59,390.27,49.45,47.66,0.58,0
348,64,994.04,250.24,92.82,57.05,0.71,0
348,103,810.12,394.23,67.74,67.90,0.89,0
348,1,1632.88,389.83,47.53,45.91,0.31,0
349,64,1001.92,249.82,93.28,57.23,0.63,0
349,103,815.98,392.86,69.20,69.62,0.91,0
349,1,1639.84,389.01,46.29,44.69,0.35,0
350,64,1006.69,247.61,93.91,57.55,0.37,0
350,103,821.33,392.88,69.73,70.22,0.87,0
350,1,1646.14,387.09,48.66,46.82,0.29,0
351,64,1010.61,248.69,93.65,57.13,0.36,0
351,103,829.51,393.29,66.77,67.15,0.65,0
351,1,1654.36,385.80,49.12,47.42,0.28,0
352,103,834.96,392.86,66.84,67.53,0.90,0
352,1,1660.82,383.83,48.34,46.66,0.55,0
353,103,839.15,392.17,68.44,69.14,0.95,0
353,1,1666.44,382.54,49.07,47.31,0.35,0
353,64,1022.61,245.37,94.87,57.74,0.36,0
354,103,843.68,390.90,68.27,69.02,0.91,0
354,1,1672.62,382.60,48.94,47.00,0.71,0
354,64,1025.68,242.85,98.07,59.62,0.28,0
355,103,847.61,391.35,67.83,68.50,0.87,0
355,1,1677.87,383.88,46.63,45.04,0.50,0
355,64,1032.07,242.83,94.79,57.64,0.73,0
356,103,852.71,391.82,66.89,67.55,0.65,0
356,1,1682.65,380.93,47.96,46.50,0.57,0
356,64,1033.80,241.15,97.80,59.89,0.73,0
357,103,857.41,391.44,65.84,66.62,0.76,0
357,1,1686.75,378.31,49.29,47.46,0.45,0
357,64,1037.54,240.59,96.47,59.10,0.76,0
358,103,860.66,392.64,64.86,65.83,0.86,0
358,1,1689.65,378.08,48.40,46.46,0.61,0
358,64,1040.16,238.85,95.35,58.62,0.74,0
359,103,862.08,391.65,65.60,66.93,0.87,0
359,1,1695.10,378.91,47.33,45.48,0.63,0
359,64,1042.47,238.37,94.08,57.57,0.77,0
360,103,865.90,390.43,65.58,66.86,0.90,0
360,1,1698.87,378.93,47.63,45.55,0.71,0
360,64,1046.30,238.71,95.09,58.17,0.80,0
361,103,868.26,387.78,66.72,67.46,0.68,0
361,1,1702.39,380.04,46.52,44.31,0.69,0
361,64,1051.31,240.20,91.78,55.88,0.68,0
362,103,870.40,388.07,67.06,67.69,0.76,0
362,1,1704.17,378.63,48.24,46.13,0.53,0
362,64,1052.99,240.03,92.39,56.14,0.60,0
363,103,871.90,388.25,67.72,68.29,0.72,0
363,1,1707.04,375.08,51.69,49.45,0.30,0
363,64,1055.41,239.57,93.20,56.41,0.56,0
364,103,876.68,387.85,65.13,65.42,0.70,0
364,64,1054.70,239.59,93.17,55.67,0.37,0
365,103,878.27,389.86,65.10,65.32,0.73,0
365,64,1045.99,239.37,97.12,56.14,0.59,0
366,103,880.62,388.83,65.51,65.78,0.47,0
366,64,1055.35,240.47,93.65,53.79,0.42,0
366,1,1712.70,372.21,52.66,50.41,0.42,0
367,103,882.29,389.99,65.17,65.64,0.75,0
367,64,1059.93,239.74,95.44,55.02,0.67,0
367,1,1715.15,372.14,52.12,49.89,0.52,0
368,103,885.04,389.01,63.61,63.78,0.84,0
368,64,1062.04,239.26,95.43,55.10,0.60,0
368,1,1718.64,373.29,51.08,48.82,0.55,0
369,103,886.64,389.25,63.70,63.89,0.51,0
369,64,1065.25,239.24,94.67,54.79,0.76,0
369,1,1722.10,373.53,50.51,48.29,0.44,0
370,103,888.07,387.80,65.72,65.87,0.91,0
370,64,1069.82,239.61,93.20,53.91,0.80,0
371,103,890.66,386.60,65.91,65.60,0.89,0
371,64,1073.57,240.15,93.01,53.70,0.69,0
371,1,1727.09,370.94,51.52,49.35,0.38,0
372,103,894.38,386.43,65.26,64.75,0.87,0
372,64,1075.74,238.37,96.73,56.22,0.75,0
372,1,1729.63,370.49,51.57,49.58,0.63,0
373,103,896.69,386.02,64.92,64.05,0.73,0
373,64,1078.44,237.35,97.28,56.86,0.76,0
373,1,1731.06,369.07,53.44,51.28,0.62,0
374,103,899.38,385.85,66.85,66.38,0.63,0
374,64,1080.45,237.00,96.27,56.41,0.72,0
374,1,1733.39,367.71,53.87,52.13,0.51,0
375,103,902.91,387.12,65.29,65.00,0.75,0
375,64,1083.06,236.71,96.28,56.53,0.75,0
375,1,1736.99,367.37,53.14,51.57,0.51,0
376,103,905.46,387.23,65.58,65.48,0.82,0
376,64,1086.03,235.94,97.15,57.55,0.84,0
376,1,1740.23,366.71,52.56,50.79,0.60,0
377,103,908.08,387.40,64.66,64.99,0.85,0
377,64,1090.47,236.67,94.80,56.39,0.79,0
378,103,911.78,385.56,66.15,66.65,0.86,0
378,64,1094.62,236.68,94.72,56.47,0.76,0
378,1,1751.58,366.56,52.91,51.09,0.55,0
379,103,917.13,384.98,65.51,65.58,0.86,0
379,64,1098.32,234.90,97.03,58.34,0.73,0
379,1,1758.24,365.14,53.25,51.32,0.66,0
380,103,921.92,385.14,63.87,63.64,0.86,0
380,64,1102.63,233.73,96.24,57.93,0.58,0
380,1,1763.06,364.49,53.15,51.15,0.62,0
381,103,926.89,384.04,63.96,63.63,0.81,0
381,64,1106.95,232.64,95.48,57.45,0.82,0
381,1,1769.10,365.13,50.58,48.57,0.68,0
382,103,929.77,383.84,64.24,63.97,0.84,0
382,64,1110.39,232.15,94.27,56.79,0.79,0
382,1,1773.53,362.22,51.59,49.54,0.52,0
383,103,932.00,384.37,63.60,63.23,0.87,0
383,64,1113.15,230.71,95.39,57.56,0.79,0
383,1,1777.20,360.04,52.15,49.99,0.37,0
384,103,933.52,384.19,64.43,64.15,0.88,0
384,64,1114.78,230.75,95.10,57.08,0.80,0
384,1,1779.92,359.13,52.77,50.47,0.33,0
385,103,934.99,383.12,65.84,65.53,0.89,0
385,64,1119.44,231.14,95.39,57.04,0.83,0
386,103,939.83,383.34,64.93,64.47,0.84,0
386,1,1788.42,359.22,51.49,48.77,0.45,0
387,103,944.43,383.16,64.12,63.71,0.76,0
387,1,1793.61,359.43,50.02,47.42,0.59,0
387,64,1127.26,230.07,95.07,56.82,0.61,0
388,103,950.42,383.31,62.73,62.14,0.76,0
388,1,1799.00,357.98,50.76,48.30,0.48,0
388,64,1132.27,229.56,95.01,56.84,0.84,0
389,103,954.56,382.45,63.00,62.42,0.82,0
389,1,1804.10,356.29,52.47,49.79,0.32,0
389,64,1137.05,228.28,96.91,58.29,0.82,0
390,103,958.01,382.86,63.86,63.48,0.87,0
390,1,1809.18,355.00,52.60,49.51,0.67,0
390,64,1141.67,228.92,95.11,56.72,0.71,0
391,103,961.10,381.34,64.73,64.33,0.88,0
391,1,1814.35,355.80,52.35,48.91,0.69,0
391,64,1145.77,229.33,94.51,55.96,0.75,0
392,103,965.70,380.76,64.40,63.94,0.84,0
392,1,1820.75,355.13,52.00,48.67,0.43,0
393,103,969.99,381.18,63.99,63.33,0.85,0
393,1,1826.79,353.54,53.55,49.97,0.49,0
394,103,975.47,380.23,64.08,63.26,0.86,0
394,1,1833.56,352.99,52.97,49.00,0.56,0
394,265,1123.13,282.63,127.32,50.92,0.41,0
394,64,1157.57,226.47,97.32,57.18,0.66,0
395,103,980.59,379.71,65.64,64.92,0.89,0
395,1,1842.59,354.63,50.94,46.75,0.48,0
395,64,1166.13,225.60,98.09,57.43,0.71,0
396,103,987.29,378.96,65.88,65.25,0.83,0
396,1,1850.73,351.95,53.98,49.30,0.76,0
396,64,1174.06,225.91,97.32,57.14,0.49,0
397,103,994.53,380.35,63.94,63.29,0.66,0
397,1,1861.07,353.40,53.36,48.71,0.62,0
397,64,1179.05,225.05,98.19,57.80,0.62,0
397,265,1141.73,282.14,126.25,50.57,0.36,0
398,103,1001.67,379.93,65.94,65.51,0.86,0
398,1,1868.41,352.82,51.59,48.77,0.43,0
398,64,1188.90,225.70,97.88,57.47,0.72,0
399,103,1008.37,377.42,67.88,67.49,0.88,0
399,1,1875.53,353.20,44.47,46.74,0.32,0
399,64,1196.86,223.78,96.89,56.84,0.32,0
400,103,1017.72,379.44,65.40,64.74,0.83,0
401,103,1024.73,377.61,68.14,67.75,0.89,0
402,103,1032.39,376.42,67.33,67.34,0.88,0
402,64,1221.37,219.53,99.94,59.09,0.76,0
403,103,1038.36,375.65,68.50,68.85,0.79,0
403,64,1224.63,216.13,106.29,63.79,0.75,0
404,103,1046.06,374.34,68.75,69.36,0.89,0
404,64,1233.60,216.02,105.12,63.32,0.73,0
405,103,1053.26,373.79,67.85,68.92,0.88,0
406,103,1058.69,372.59,68.43,69.43,0.87,0
406,64,1246.74,215.12,100.14,60.06,0.51,0
407,103,1067.11,373.09,67.91,68.89,0.49,0
407,64,1238.58,213.53,104.60,59.47,0.37,0
408,103,1074.72,372.15,68.22,69.53,0.92,0
408,64,1250.07,214.21,104.35,57.74,0.34,0
409,103,1082.56,370.24,69.29,70.59,0.84,0
410,103,1094.92,370.75,66.79,68.12,0.87,0
410,64,1275.29,212.92,105.27,58.01,0.67,0
411,103,1103.08,369.76,67.63,68.72,0.92,0
411,64,1288.20,211.55,105.89,58.66,0.50,0
412,103,1108.89,368.81,70.25,71.49,0.81,0
412,64,1297.55,210.51,105.19,58.55,0.51,0
413,103,1119.73,369.32,67.35,68.69,0.87,0
413,64,1306.88,209.24,107.13,60.38,0.71,0
414,103,1125.50,369.22,67.37,68.79,0.94,0
414,64,1313.86,208.39,107.48,61.10,0.69,0
415,103,1131.54,367.78,66.93,68.22,0.87,0
415,64,1319.80,207.71,106.68,61.18,0.78,0
416,103,1135.81,368.36,66.49,67.57,0.82,0
416,64,1326.53,206.60,107.68,62.35,0.79,0
417,103,1139.74,367.73,66.75,67.58,0.78,0
417,64,1331.39,205.66,107.72,62.78,0.72,0
418,103,1145.96,367.47,66.11,67.03,0.78,0
418,64,1336.65,205.52,104.70,60.96,0.54,0
419,103,1149.78,367.07,66.34,67.44,0.89,0
419,64,1341.28,204.91,104.14,60.93,0.76,0
420,103,1153.82,366.20,66.35,67.31,0.90,0
420,64,1345.07,204.73,103.67,60.84,0.88,0
421,103,1159.80,364.69,64.74,64.65,0.28,0
421,64,1350.43,203.77,103.70,60.94,0.83,0
422,103,1163.53,365.82,65.57,65.39,0.74,0
422,64,1355.79,203.67,104.28,61.28,0.81,0
423,103,1171.10,369.62,61.87,61.50,0.56,0
423,64,1361.31,203.39,103.03,60.60,0.51,0
424,103,1174.16,366.97,63.08,62.64,0.81,0
424,64,1366.85,202.57,104.08,61.61,0.82,0
425,103,1178.25,365.57,63.24,62.41,0.87,0
425,64,1370.47,201.29,104.33,61.71,0.86,0
426,103,1184.22,364.20,63.50,62.10,0.85,0
426,64,1378.25,200.55,104.44,61.86,0.84,0
427,103,1187.73,362.75,68.59,67.89,0.74,0
427,64,1382.94,200.84,103.02,61.21,0.83,0
428,103,1192.21,363.39,68.22,67.92,0.78,0
429,103,1196.13,363.62,65.72,65.47,0.85,0
429,64,1390.78,198.40,105.17,62.83,0.76,0
430,103,1200.05,363.08,64.70,64.46,0.89,0
430,64,1393.99,196.95,105.82,63.24,0.69,0
431,103,1205.17,362.67,64.54,63.96,0.86,0
431,64,1400.65,195.87,106.85,64.03,0.77,0
432,103,1208.42,362.70,65.03,63.91,0.90,0
433,103,1213.39,361.68,64.64,63.67,0.76,0
433,64,1399.62,192.67,110.48,65.50,0.48,0
434,103,1215.88,360.43,67.30,66.74,0.84,0
434,64,1409.67,193.34,106.97,63.58,0.52,0
435,103,1219.53,360.24,66.55,66.23,0.85,0
435,64,1415.04,191.40,108.06,64.74,0.78,0
436,103,1222.33,360.60,65.58,65.39,0.87,0
436,64,1417.36,189.58,109.96,66.37,0.75,0
437,103,1224.97,359.33,66.98,66.94,0.89,0
437,64,1421.30,189.35,111.05,67.23,0.34,0
438,103,1228.23,359.12,66.47,66.26,0.85,0
438,64,1426.35,190.40,107.74,65.24,0.67,0
439,103,1231.46,359.14,64.91,64.28,0.86,0
439,64,1428.33,191.26,106.83,64.56,0.67,0
440,103,1233.57,359.20,65.95,65.02,0.84,0
440,64,1429.67,189.82,109.40,66.46,0.51,0
441,103,1237.45,358.68,66.14,65.25,0.85,0
441,64,1427.14,188.54,110.65,66.37,0.25,0
442,103,1240.45,357.97,66.62,66.02,0.84,0
442,64,1434.52,188.82,106.52,63.85,0.45,0
443,103,1242.92,357.47,66.21,65.82,0.81,0
443,64,1438.03,188.10,107.44,64.28,0.51,0
444,103,1244.73,358.58,66.61,66.48,0.82,0
444,64,1443.36,187.73,107.80,64.40,0.72,0
445,103,1246.78,357.28,67.15,67.00,0.88,0
445,64,1448.14,188.23,103.83,61.59,0.72,0
446,103,1249.22,355.55,67.97,67.73,0.85,0
446,64,1452.38,189.44,100.84,59.47,0.78,0
447,103,1252.43,356.04,67.41,67.04,0.84,0
447,64,1456.00,189.91,100.72,59.36,0.83,0
448,103,1255.97,357.34,64.81,64.11,0.82,0
448,64,1452.75,188.28,106.44,62.12,0.57,0
449,103,1258.49,358.07,64.90,63.85,0.77,0
449,64,1449.15,188.56,106.67,60.51,0.65,0
450,103,1260.88,358.51,64.51,63.49,0.73,0
450,64,1457.97,188.50,105.98,60.38,0.75,0
451,103,1262.70,357.59,64.17,62.91,0.82,0
451,64,1461.78,187.83,107.64,61.82,0.79,0
452,103,1264.98,356.54,64.43,63.13,0.87,0
452,64,1463.21,187.01,110.73,64.17,0.81,0
453,103,1266.75,357.05,63.71,62.40,0.82,0
453,64,1465.84,186.61,108.73,63.26,0.83,0
454,103,1266.76,356.05,65.57,64.38,0.84,0
454,64,1466.76,185.75,110.40,64.50,0.77,0
455,103,1267.50,356.57,66.22,65.33,0.86,0
455,64,1468.86,186.26,108.54,63.22,0.77,0
456,103,1269.50,356.28,65.99,65.24,0.87,0
456,64,1471.82,186.94,106.34,61.71,0.73,0
457,103,1270.04,356.01,66.61,66.07,0.86,0
457,64,1473.89,186.74,108.48,63.52,0.71,0
458,103,1271.04,354.91,67.25,66.78,0.88,0
458,64,1476.15,186.94,107.05,62.86,0.77,0
459,103,1272.61,354.36,67.30,67.05,0.89,0
459,64,1475.56,187.05,106.67,62.50,0.78,0
460,103,1275.26,353.17,67.03,66.62,0.86,0
461,103,1275.48,352.56,68.20,67.74,0.85,0
461,64,1460.36,186.02,110.58,62.01,0.48,0
462,103,1277.12,352.81,68.85,68.38,0.86,0
462,306,935.22,455.93,25.87,29.91,0.45,0
463,103,1279.82,352.09,68.73,68.47,0.87,0
463,306,936.32,455.25,27.31,31.57,0.42,0
464,103,1281.84,352.22,69.77,69.61,0.56,0
464,306,938.29,455.25,27.03,31.19,0.43,0
465,103,1285.17,353.29,66.54,66.23,0.89,0
465,306,940.45,455.46,26.31,30.10,0.35,0
465,64,1484.73,181.73,113.61,64.44,0.79,0
466,103,1288.32,352.97,65.28,65.12,0.87,0
466,308,1291.11,419.68,60.91,39.92,0.44,0
466,64,1489.63,181.07,113.62,65.04,0.80,0
467,103,1289.17,351.53,67.87,68.15,0.85,0
467,308,1294.12,420.28,59.24,38.91,0.31,0
467,64,1492.22,181.00,113.53,65.31,0.78,0
468,103,1290.95,351.07,68.09,68.77,0.85,0
468,308,1295.79,419.92,59.97,39.58,0.30,0
468,64,1494.82,181.85,111.96,64.64,0.80,0
469,103,1292.32,350.59,68.53,69.67,0.87,0
469,308,1297.58,420.68,59.68,39.59,0.30,0
469,64,1494.59,182.22,109.72,62.59,0.77,0
470,103,1295.94,350.41,67.63,69.10,0.88,0
470,64,1496.31,182.50,109.62,62.50,0.82,0
471,103,1297.57,350.04,67.26,68.85,0.88,0
471,64,1496.92,182.64,110.64,62.68,0.84,0
472,103,1300.20,350.49,66.56,68.12,0.84,0
472,64,1501.99,181.57,109.66,62.13,0.29,0
473,103,1301.26,349.68,68.35,69.88,0.82,0
473,64,1506.59,180.53,111.83,64.22,0.88,0
474,103,1300.54,347.94,71.04,72.76,0.83,0
474,64,1510.25,179.72,112.33,65.20,0.85,0
475,103,1302.89,348.25,70.67,72.49,0.79,0
475,64,1511.61,178.08,113.92,66.77,0.86,0
476,103,1304.35,348.59,71.27,73.13,0.74,0
476,64,1514.04,177.54,113.74,66.97,0.85,0
477,103,1308.32,347.06,69.05,70.82,0.85,0
477,64,1515.29,177.08,112.16,65.90,0.81,0
478,103,1311.28,347.44,68.11,69.95,0.88,0
478,64,1518.13,176.81,112.18,66.18,0.82,0
479,103,1314.26,348.41,66.06,67.84,0.84,0
479,64,1520.27,177.43,110.02,65.04,0.76,0
480,103,1314.66,347.61,67.35,69.33,0.90,0
480,64,1522.49,178.11,108.15,64.11,0.79,0
481,103,1315.33,347.22,67.74,69.95,0.91,0
481,64,1524.76,179.24,106.11,63.11,0.79,0
481,308,1319.20,417.40,61.13,41.56,0.33,0
482,103,1316.42,346.60,67.70,70.08,0.93,0
482,64,1525.79,179.63,105.62,62.97,0.75,0
482,308,1321.10,417.16,60.76,42.08,0.31,0
483,103,1317.47,345.78,68.21,70.77,0.92,0
483,64,1527.21,179.15,106.50,63.70,0.56,0
483,308,1321.97,417.38,60.58,42.58,0.27,0
484,103,1319.26,345.92,67.90,70.33,0.92,0
484,64,1528.60,179.49,104.72,62.23,0.74,0
485,103,1321.25,345.39,67.45,69.64,0.91,0
486,103,1322.40,344.27,68.17,70.17,0.90,0
487,103,1324.06,342.91,69.09,71.09,0.88,0
487,319,939.62,482.84,32.78,30.39,0.38,0
488,103,1327.05,343.38,66.33,68.00,0.86,0
488,319,942.69,487.89,27.98,25.91,0.37,0
488,64,1535.86,174.19,108.92,64.95,0.75,0
489,103,1328.50,343.68,66.53,67.91,0.82,0
489,319,944.92,489.06,25.77,23.84,0.30,0
489,64,1539.39,172.94,110.32,65.96,0.76,0
490,103,1329.58,344.08,68.05,69.30,0.79,0
490,319,944.77,488.30,27.25,25.19,0.36,0
490,64,1542.28,173.31,108.81,64.89,0.75,0
491,103,1331.78,344.11,66.26,67.08,0.57,0
491,64,1544.94,172.86,107.71,64.27,0.79,0
492,103,1334.32,343.38,65.81,66.71,0.62,0
492,64,1546.90,172.45,107.21,64.12,0.69,0
493,103,1337.60,342.99,64.76,65.76,0.60,0
493,64,1549.61,173.66,105.14,62.92,0.76,0
494,103,1339.93,342.93,64.23,65.38,0.83,0
494,64,1551.33,173.87,104.25,62.35,0.66,0
495,103,1341.64,342.93,63.99,65.14,0.85,0
495,64,1551.46,172.10,105.03,62.43,0.52,0
496,103,1342.77,342.20,64.51,65.69,0.82,0
496,64,1551.86,169.27,109.62,65.25,0.79,0
497,103,1345.07,342.93,63.56,64.22,0.87,0
497,64,1554.02,167.87,110.70,66.09,0.85,0
498,103,1348.43,341.50,62.45,61.95,0.76,0
498,64,1558.52,166.70,109.38,65.45,0.81,0
499,103,1351.55,339.98,62.14,60.73,0.87,0
499,64,1561.90,165.59,110.67,66.40,0.79,0
500,103,1352.54,339.71,64.29,62.30,0.55,0
500,64,1563.31,164.20,114.07,68.79,0.81,0
501,103,1355.62,338.92,65.02,63.24,0.55,0
501,64,1564.98,165.14,112.80,68.14,0.78,0
502,103,1357.13,340.94,67.60,66.20,0.50,0
502,64,1566.69,165.23,113.11,68.65,0.79,0
503,103,1359.56,340.51,66.76,65.74,0.68,0
503,64,1570.00,165.93,111.22,67.76,0.65,0
504,103,1361.23,339.78,67.01,66.22,0.85,0
504,64,1572.60,166.11,109.55,66.97,0.55,0
504,326,1012.41,445.72,26.63,25.55,0.39,0
505,103,1363.37,339.73,65.25,64.45,0.87,0
505,64,1575.49,165.97,107.74,65.71,0.40,0
506,103,1364.63,339.18,66.04,65.22,0.91,0
506,326,1015.03,447.07,24.62,23.60,0.28,0
507,103,1366.03,338.35,68.29,67.69,0.82,0
507,64,1579.51,163.81,106.07,64.16,0.32,0
508,103,1369.01,337.47,67.40,66.78,0.90,0
508,64,1583.29,163.48,105.03,63.23,0.70,0
509,103,1371.89,338.26,66.44,65.48,0.90,0
509,64,1585.24,162.16,108.86,65.59,0.77,0
510,103,1374.17,337.10,66.77,65.56,0.87,0
510,64,1586.11,160.66,113.29,68.47,0.77,0
511,103,1376.03,336.97,67.33,65.74,0.72,0
511,64,1587.78,160.68,111.28,66.79,0.76,0
512,103,1379.41,336.65,67.88,66.75,0.74,0
512,64,1591.03,161.61,108.03,64.26,0.81,0
513,103,1381.58,336.40,69.07,68.65,0.76,0
513,64,1594.42,162.12,106.21,62.66,0.82,0
514,103,1383.34,335.63,69.65,69.89,0.77,0
514,64,1596.32,160.86,110.05,65.32,0.39,0
515,103,1385.74,335.17,68.33,68.91,0.80,0
515,64,1597.00,159.30,112.76,67.12,0.68,0
516,103,1388.08,335.22,67.40,68.13,0.85,0
516,64,1599.82,158.20,113.11,67.64,0.74,0
516,330,1038.78,444.89,22.64,23.04,0.37,0
517,103,1389.42,334.74,67.67,68.58,0.87,0
517,64,1602.77,157.00,113.35,67.69,0.65,0
517,330,1039.03,444.35,23.33,23.69,0.31,0
518,103,1391.48,333.61,68.32,69.14,0.87,0
518,64,1606.54,156.50,114.28,68.48,0.78,0
519,103,1393.44,331.97,69.47,70.20,0.85,0
519,64,1608.06,156.25,115.83,69.68,0.79,0
520,103,1396.32,331.69,69.18,69.55,0.89,0
520,64,1611.25,156.02,114.17,69.01,0.81,0
521,103,1398.26,332.38,68.33,68.36,0.87,0
521,64,1614.65,156.51,111.52,67.45,0.81,0
522,103,1400.25,332.66,69.55,69.31,0.79,0
522,64,1617.64,157.21,109.83,66.63,0.74,0
523,103,1404.63,333.39,67.05,66.58,0.86,0
523,64,1621.16,156.71,108.37,65.69,0.50,0
524,103,1406.33,332.55,67.77,67.33,0.85,0
524,64,1622.82,156.42,108.06,65.25,0.54,0
525,103,1408.66,332.23,67.02,66.58,0.87,0
525,64,1624.42,157.01,106.78,64.50,0.65,0
526,103,1410.14,331.64,67.48,67.22,0.86,0
526,64,1627.86,154.94,108.77,65.54,0.84,0
527,103,1412.27,332.36,67.51,67.30,0.88,0
527,64,1631.78,153.28,112.00,67.68,0.86,0
528,103,1413.78,330.33,69.00,68.79,0.87,0
528,64,1635.08,152.64,113.13,68.54,0.85,0
528,334,1062.44,442.36,23.80,24.26,0.42,0
529,103,1416.51,329.05,69.45,69.13,0.86,0
529,64,1636.76,152.10,114.33,69.51,0.83,0
530,103,1420.07,329.92,67.88,67.31,0.85,0
530,64,1639.88,152.44,112.29,68.44,0.86,0
531,103,1421.97,328.96,69.67,69.05,0.89,0
531,64,1643.13,153.33,108.12,65.73,0.85,0
531,337,1027.16,475.79,30.52,24.34,0.37,0
532,103,1423.40,327.32,71.06,70.40,0.86,0
532,64,1647.18,152.84,108.05,65.33,0.55,0
533,103,1427.61,328.25,70.48,70.11,0.86,0
533,64,1648.81,152.01,109.49,66.02,0.75,0
534,103,1430.09,328.29,68.64,68.28,0.87,0
534,64,1650.40,150.44,111.34,67.05,0.80,0
535,103,1432.14,327.62,68.93,68.77,0.90,0
535,64,1651.50,147.26,117.39,71.04,0.84,0
536,103,1433.83,325.93,70.10,70.26,0.90,0
536,64,1655.31,147.89,117.02,71.10,0.85,0
537,103,1436.31,325.52,70.15,70.36,0.90,0
537,64,1657.65,147.70,116.36,70.94,0.84,0
538,103,1439.46,325.78,69.92,70.31,0.87,0
538,64,1660.87,148.38,113.09,69.05,0.84,0
539,103,1442.05,325.67,69.39,69.74,0.87,0
539,64,1663.97,149.58,110.12,67.38,0.87,0
540,103,1445.49,326.11,69.30,69.66,0.87,0
540,64,1668.18,150.77,107.29,65.51,0.70,0
541,103,1446.74,326.19,69.55,69.89,0.88,0
541,64,1670.35,150.84,108.36,66.03,0.46,0
542,103,1447.76,325.74,71.71,71.94,0.90,0
543,103,1451.85,326.11,70.45,71.05,0.90,0
543,64,1674.13,148.29,111.52,67.68,0.73,0
544,103,1454.89,327.01,68.67,69.42,0.90,0
544,64,1675.83,146.50,114.23,69.25,0.81,0
545,103,1456.35,326.37,69.29,70.18,0.93,0
545,64,1679.22,145.99,115.29,69.86,0.81,0
545,344,1463.45,396.46,55.56,39.03,0.33,0
545,345,1098.79,432.49,27.60,28.47,0.45,0
546,103,1458.28,325.97,68.45,69.51,0.92,0
546,64,1680.37,145.47,117.21,71.20,0.80,0
546,344,1462.62,395.45,59.55,41.94,0.35,0
547,103,1460.17,325.57,68.97,70.11,0.91,0
547,64,1682.40,145.19,116.63,71.06,0.81,0
547,345,1101.89,432.98,26.83,27.77,0.32,0
548,103,1463.06,324.70,69.21,70.55,0.89,0
548,64,1685.79,145.75,114.87,70.34,0.85,0
548,345,1102.05,431.50,30.07,31.24,0.49,0
549,103,1463.90,325.53,68.44,69.90,0.89,0
549,64,1686.82,146.95,112.28,68.80,0.85,0
549,345,1102.01,431.80,30.22,31.53,0.41,0
550,103,1466.85,325.93,67.64,69.09,0.88,0
550,64,1690.23,148.04,110.52,67.44,0.83,0
550,345,1103.36,431.27,30.71,32.12,0.41,0
551,103,1469.03,325.50,68.21,69.56,0.89,0
551,64,1692.60,148.56,110.13,67.02,0.83,0
551,345,1106.25,431.89,29.79,31.08,0.31,0
552,103,1470.06,324.81,69.06,70.43,0.88,0
552,64,1694.14,148.03,112.40,68.56,0.25,0
552,345,1107.48,431.31,30.04,31.24,0.55,0
553,103,1471.20,324.91,71.17,72.44,0.89,0
553,64,1694.14,143.56,118.87,72.42,0.61,0
554,103,1475.03,325.14,70.67,72.33,0.88,0
554,64,1697.48,142.16,120.98,73.65,0.69,0
555,103,1479.10,326.55,67.86,69.59,0.87,0
555,64,1701.95,143.99,118.96,72.58,0.83,0
556,103,1480.75,325.99,68.43,70.21,0.91,0
556,64,1704.17,143.89,118.91,73.05,0.83,0
557,103,1482.22,324.97,69.13,71.15,0.90,0
557,64,1707.17,144.93,116.33,71.72,0.82,0
557,345,1122.19,432.54,27.23,28.37,0.42,0
558,103,1484.72,325.23,69.54,71.39,0.90,0
558,64,1710.93,146.75,113.08,69.90,0.84,0
559,103,1487.11,324.29,69.88,71.74,0.87,0
559,64,1714.30,147.40,112.27,69.30,0.69,0
559,345,1127.02,432.93,26.52,27.88,0.31,0
560,103,1490.38,323.73,70.06,71.81,0.88,0
560,64,1717.13,146.99,112.20,69.26,0.28,0
560,345,1126.35,431.37,28.91,30.65,0.38,0
561,103,1491.77,321.95,72.03,73.86,0.88,0
561,64,1718.15,142.87,116.69,71.88,0.80,0
561,345,1127.94,431.10,30.09,31.97,0.41,0
562,103,1493.92,322.39,72.54,74.21,0.87,0
562,64,1719.85,140.88,118.72,72.66,0.84,0
562,345,1129.68,431.33,30.19,32.27,0.29,0
563,103,1495.40,322.58,73.50,74.87,0.90,0
563,64,1722.40,140.49,119.39,72.79,0.87,0
563,345,1132.62,431.23,29.53,31.23,0.30,0
564,103,1498.62,322.53,72.85,74.43,0.90,0
564,64,1723.87,139.98,120.58,73.28,0.83,0
565,103,1503.34,324.20,70.43,72.18,0.92,0
565,64,1725.99,139.68,121.24,73.74,0.83,0
566,103,1506.58,324.10,69.28,71.22,0.91,0
566,64,1729.87,139.94,119.39,72.72,0.89,0
567,103,1508.85,323.13,69.34,71.21,0.91,0
567,64,1734.38,139.95,119.53,73.05,0.79,0
568,103,1511.60,322.83,69.78,71.48,0.89,0
568,64,1738.14,138.92,118.68,72.51,0.77,0
569,103,1514.33,321.75,70.96,72.68,0.89,0
569,64,1741.05,138.72,119.59,72.99,0.88,0
569,345,1149.52,432.10,26.54,28.37,0.31,0
570,103,1515.79,320.91,72.20,73.83,0.88,0
570,64,1745.96,138.30,119.49,72.88,0.87,0
570,345,1149.88,431.30,28.32,30.45,0.38,0
571,103,1517.76,320.67,73.90,75.70,0.84,0
571,64,1749.48,139.03,118.94,72.51,0.87,0
572,103,1520.42,320.67,73.86,75.57,0.42,0
572,64,1752.96,138.39,117.93,72.10,0.84,0
573,103,1524.02,320.68,73.37,75.17,0.90,0
573,64,1755.39,139.13,116.43,71.34,0.88,0
574,103,1527.90,321.00,71.63,73.48,0.91,0
574,64,1758.89,138.98,116.43,71.24,0.84,0
575,103,1531.39,321.18,70.62,72.56,0.92,0
575,64,1762.06,137.94,116.83,71.44,0.39,0
576,103,1534.27,320.79,70.56,72.12,0.91,0
576,64,1765.00,135.32,119.21,72.96,0.72,0
577,103,1537.20,319.79,70.97,72.11,0.89,0
577,64,1767.93,133.91,122.23,74.89,0.85,0
578,103,1539.19,319.25,72.97,73.90,0.88,0
578,64,1770.88,134.73,121.67,74.29,0.85,0
579,103,1542.05,319.13,74.85,75.89,0.86,0
579,64,1774.98,135.40,117.65,71.33,0.69,0
579,359,1579.97,438.85,30.42,29.45,0.32,0
580,103,1544.75,319.50,74.68,75.50,0.76,0
580,64,1779.30,136.15,117.12,70.93,0.83,0
581,103,1549.82,320.02,72.88,73.98,0.89,0
581,64,1783.24,136.21,116.23,70.15,0.79,0
582,103,1553.22,320.90,71.14,72.42,0.93,0
582,64,1787.46,134.49,116.99,70.20,0.33,0
583,103,1556.70,321.11,70.24,71.61,0.92,0
583,64,1790.13,133.91,119.55,71.75,0.80,0
584,103,1559.32,320.59,70.72,71.84,0.92,0
584,64,1792.27,134.88,120.99,72.65,0.84,0
585,103,1561.71,318.76,71.97,72.95,0.88,0
585,64,1795.77,136.93,118.66,71.21,0.79,0
586,103,1563.69,319.13,72.88,73.72,0.90,0
586,64,1800.39,137.50,116.68,70.20,0.65,0
586,370,1603.21,439.07,30.97,29.39,0.40,0
587,103,1566.39,319.42,74.18,75.09,0.86,0
587,64,1802.39,137.70,117.02,70.73,0.69,0
587,370,1604.26,438.94,31.51,29.85,0.40,0
588,103,1570.22,319.75,73.30,74.27,0.63,0
588,64,1804.27,138.49,115.50,70.08,0.62,0
589,103,1573.25,320.06,73.03,74.02,0.90,0
589,64,1808.63,140.47,108.46,65.49,0.31,0
589,370,1608.64,439.43,31.24,29.26,0.37,0
590,103,1576.70,320.44,71.57,72.67,0.92,0
590,64,1814.77,145.03,99.73,59.48,0.29,0
591,103,1580.58,320.54,71.09,72.19,0.92,0
591,64,1815.42,145.10,100.33,59.56,0.38,0
592,103,1583.38,319.97,71.61,72.31,0.91,0
592,64,1815.18,144.57,102.23,60.65,0.49,0
593,103,1585.63,318.65,72.53,72.92,0.85,0
593,64,1816.43,141.31,103.57,64.46,0.47,0
594,103,1587.30,318.44,74.05,74.30,0.90,0
594,64,1819.90,142.10,100.10,63.07,0.31,0
595,103,1590.60,318.94,75.50,75.84,0.88,0
595,382,1626.82,438.80,33.08,29.55,0.40,0
596,103,1593.37,319.82,75.26,75.46,0.32,0
596,382,1627.67,439.37,33.14,29.54,0.32,0
597,103,1597.65,320.42,73.44,73.87,0.91,0
597,382,1630.12,439.95,33.16,29.32,0.37,0
598,103,1601.20,320.39,71.97,72.68,0.94,0
598,382,1631.61,439.43,33.14,28.90,0.30,0
599,103,1604.52,320.45,71.43,72.26,0.93,0
600,103,1607.22,320.20,71.14,71.74,0.93,0
601,103,1609.48,319.04,72.20,72.65,0.89,0
601,64,1832.95,140.62,87.05,65.21,0.41,0
602,103,1611.40,319.22,74.09,74.46,0.91,0
603,103,1615.56,320.29,74.73,75.20,0.61,0
604,103,1620.57,320.27,73.42,73.99,0.90,0
605,103,1625.93,320.63,71.89,72.50,0.93,0
606,103,1630.11,319.85,72.59,72.93,0.91,0
607,103,1633.05,318.53,73.74,73.85,0.87,0
608,103,1636.12,318.81,75.72,75.80,0.89,0
609,103,1641.71,319.29,74.64,74.80,0.93,0
610,103,1650.80,319.83,72.55,72.71,0.93,0
611,103,1655.90,318.56,72.91,72.86,0.89,0
612,103,1660.39,318.77,74.37,74.33,0.89,0
613,103,1666.76,318.88,73.04,73.09,0.90,0
614,103,1672.77,319.70,72.20,72.32,0.94,0
615,103,1678.26,319.02,73.21,73.05,0.90,0
616,103,1682.71,318.00,75.27,74.91,0.90,0
617,103,1687.86,318.78,75.87,75.45,0.51,0
618,103,1694.41,318.10,74.92,74.77,0.94,0
619,103,1700.68,317.95,73.86,73.82,0.93,0
620,103,1705.32,316.82,74.71,74.47,0.92,0
620,415,1273.26,463.05,39.52,30.03,0.45,0
621,103,1711.24,317.85,74.69,74.19,0.80,0
621,415,1277.54,462.37,39.02,29.75,0.32,0
622,103,1717.99,316.89,74.60,74.29,0.93,0
622,419,1750.96,438.22,35.41,30.24,0.48,0
623,103,1724.60,316.12,73.64,73.23,0.93,0
624,103,1729.95,315.80,73.91,73.24,0.89,0
625,103,1734.40,315.54,76.69,75.82,0.87,0
625,421,1772.50,438.74,30.60,30.99,0.40,0
626,103,1741.58,315.55,74.69,74.14,0.89,0
627,103,1746.13,315.26,74.00,73.68,0.93,0
628,103,1749.32,314.12,74.75,74.64,0.92,0
629,103,1755.09,312.96,71.83,71.05,0.82,0
630,103,1758.88,312.62,74.57,74.12,0.74,0
631,103,1762.24,312.08,76.18,76.35,0.85,0
631,433,1322.73,465.38,32.90,25.70,0.45,0
632,103,1767.24,312.31,74.36,74.98,0.76,0
632,433,1325.56,467.88,30.87,24.16,0.46,0
633,103,1771.08,311.88,73.71,74.59,0.82,0
633,433,1327.70,469.89,29.32,23.00,0.48,0
633,434,1771.10,316.64,69.04,70.56,0.53,0
634,103,1773.43,311.13,73.87,74.81,0.89,0
635,103,1775.10,311.34,74.47,75.14,0.65,0
635,434,1773.05,313.54,72.96,74.54,0.33,0
636,103,1778.13,311.00,73.03,72.99,0.88,0
636,436,1334.29,465.51,36.33,25.51,0.40,0
637,103,1781.22,311.84,72.54,71.85,0.35,0
637,436,1336.35,465.54,36.28,25.57,0.42,0
638,103,1784.35,310.78,74.91,74.80,0.80,0
638,436,1338.82,465.50,35.09,24.83,0.37,0
639,103,1785.20,309.88,77.03,77.60,0.87,0
639,436,1342.25,465.79,33.46,23.67,0.26,0
640,103,1786.46,309.29,78.01,79.09,0.91,0
640,436,1344.62,464.32,35.39,25.06,0.32,0
641,103,1790.31,309.18,76.69,78.17,0.90,0
641,436,1346.53,463.46,35.95,25.60,0.31,0
642,103,1793.59,308.81,75.53,77.18,0.91,0
643,103,1795.70,307.66,76.60,78.48,0.91,0
644,103,1797.24,306.91,77.38,79.47,0.93,0
645,103,1799.88,307.78,75.52,76.99,0.89,0
646,103,1801.55,307.58,76.85,77.91,0.90,0
647,103,1804.10,307.38,76.91,77.41,0.85,0
647,443,1844.35,434.39,29.94,34.02,0.35,0
648,103,1807.42,307.91,78.49,79.26,0.89,0
648,443,1845.47,435.19,29.52,33.44,0.27,0
649,103,1809.65,307.96,78.51,79.59,0.91,0
649,443,1848.19,434.71,29.31,32.99,0.29,0
650,103,1811.68,306.79,78.72,80.22,0.91,0
650,443,1850.14,433.14,30.85,34.56,0.41,0
651,103,1814.24,306.53,77.89,79.67,0.92,0
652,103,1817.34,306.45,76.07,77.94,0.92,0
653,103,1819.18,306.25,76.78,78.55,0.93,0
654,103,1822.13,306.40,75.98,77.28,0.92,0
655,103,1825.12,305.81,73.60,74.01,0.89,0
656,103,1824.47,304.04,76.12,76.26,0.92,0
657,103,1826.68,303.16,78.37,78.52,0.75,0
658,103,1830.50,301.01,80.04,80.56,0.52,0
659,103,1832.97,301.22,79.25,80.03,0.87,0
660,103,1836.96,302.02,78.20,79.12,0.88,0
661,103,1839.14,301.29,77.42,78.51,0.88,0
662,103,1840.21,300.28,76.92,78.02,0.89,0
663,103,1840.99,299.65,76.18,77.25,0.90,0
664,103,1841.97,298.32,76.60,77.73,0.86,0
665,103,1843.17,298.01,76.34,77.48,0.87,0
665,448,1438.19,421.25,27.13,25.62,0.34,0
666,103,1843.55,297.94,76.45,77.71,0.88,0
666,448,1437.99,421.16,27.37,25.85,0.32,0
667,103,1844.49,297.70,75.51,77.57,0.85,0
668,103,1846.13,297.80,73.87,76.54,0.84,0
669,103,1847.76,297.98,72.24,76.19,0.86,0
670,103,1849.34,297.77,70.66,75.61,0.86,0
671,103,1850.45,297.66,69.55,76.31,0.87,0
671,448,1443.75,421.13,27.85,26.39,0.34,0
672,103,1851.57,297.24,68.43,76.37,0.87,0
672,448,1444.36,420.36,27.88,26.37,0.37,0
673,103,1851.87,297.14,68.13,76.99,0.82,0
674,103,1852.10,296.77,67.90,78.02,0.36,0
675,103,1854.67,296.02,65.33,77.97,0.70,0
675,451,1872.95,376.80,47.05,46.58,0.38,0
676,103,1856.49,295.37,63.51,77.98,0.73,0
676,451,1874.08,375.65,45.92,47.52,0.27,0
676,452,0.05,465.75,27.81,48.12,0.37,0
677,103,1858.42,293.15,61.58,78.55,0.71,0
678,103,1861.10,292.82,58.90,77.56,0.71,0
679,103,1864.15,294.01,55.85,74.44,0.63,0
704,469,1618.40,441.82,37.23,26.52,0.33,0
707,472,1629.06,443.21,39.75,26.54,0.35,0
708,472,1631.72,442.78,38.82,25.92,0.35,0
716,478,1482.00,240.14,31.06,56.97,0.37,0
717,478,1483.00,241.51,31.06,56.94,0.27,0
719,478,1490.19,240.90,30.59,56.01,0.47,0
722,480,1723.52,404.47,28.98,25.10,0.35,0
723,478,1501.10,241.24,32.09,58.88,0.41,0
724,478,1504.81,241.53,31.53,57.73,0.45,0
739,478,1552.82,241.87,31.24,56.66,0.55,0
753,491,1851.39,407.80,30.38,33.41,0.53,0
