4,3,803.98,516.34,37.39,38.91,0.62,0
5,3,799.30,516.78,38.87,40.49,0.35,0
6,3,793.69,514.14,39.54,41.28,0.32,0
7,3,789.87,512.98,41.20,43.22,0.53,0
8,3,787.88,512.64,40.16,42.22,0.46,0
8,5,878.52,431.08,32.18,37.84,0.35,0
9,3,783.43,511.36,41.03,43.44,0.36,0
10,3,781.01,510.79,40.29,42.99,0.65,0
11,3,779.37,511.06,38.92,41.80,0.69,0
12,3,774.62,509.15,39.99,43.29,0.46,0
13,3,773.46,506.16,39.42,42.80,0.54,0
15,7,863.12,415.71,34.19,36.84,0.38,0
28,24,711.94,442.66,37.05,41.61,0.61,0
29,24,704.83,439.06,39.60,44.58,0.47,0
30,24,698.39,438.27,39.08,44.05,0.38,0
31,24,688.67,438.94,36.73,41.50,0.68,0
32,24,675.97,434.42,38.77,43.91,0.36,0
33,24,664.90,432.12,39.18,44.44,0.65,0
34,24,655.04,431.16,38.79,43.86,0.49,0
35,24,644.47,430.17,39.63,44.77,0.65,0
36,24,633.94,428.53,40.77,46.24,0.55,0
37,24,623.62,428.11,40.39,46.10,0.37,0
38,24,613.25,427.23,39.47,45.06,0.70,0
39,24,603.54,425.97,40.50,46.13,0.36,0
40,24,594.32,425.82,40.30,45.63,0.64,0
41,24,583.36,426.36,40.04,45.03,0.61,0
42,24,571.44,426.36,40.46,45.30,0.54,0
43,24,560.67,426.28,40.68,45.39,0.69,0
44,24,551.63,425.19,42.08,47.22,0.38,0
45,24,544.49,424.82,42.09,47.09,0.58,0
46,24,538.44,425.85,41.78,46.92,0.69,0
47,24,532.65,425.79,41.54,46.54,0.65,0
48,24,526.35,425.02,41.99,47.12,0.53,0
49,24,522.16,425.03,40.94,45.85,0.62,0
50,24,519.54,424.38,41.01,45.65,0.55,0
51,24,516.74,425.85,41.59,46.08,0.49,0
52,24,512.16,427.14,41.78,46.30,0.75,0
53,24,509.46,427.02,42.84,47.46,0.76,0
54,24,508.61,428.40,41.92,46.46,0.69,0
54,40,612.00,343.39,36.95,39.57,0.38,0
55,24,507.69,430.10,40.32,44.50,0.66,0
56,24,503.18,430.57,40.98,45.16,0.61,0
57,24,500.70,433.15,41.22,45.37,0.66,0
58,24,497.00,433.87,43.40,47.83,0.78,0
59,24,493.51,435.57,42.76,47.18,0.75,0
60,24,488.99,437.31,42.48,46.92,0.79,0
61,24,486.79,438.91,41.62,45.89,0.78,0
62,24,484.08,440.11,42.36,46.89,0.71,0
63,24,481.11,440.36,44.63,49.52,0.72,0
64,24,479.18,440.85,44.71,49.25,0.60,0
65,24,478.14,443.03,43.04,47.63,0.55,0
65,44,234.72,267.64,54.79,55.35,0.37,0
66,24,475.02,444.63,41.62,46.10,0.47,0
66,45,576.38,354.99,37.36,45.37,0.42,0
67,24,471.19,444.97,42.70,47.31,0.48,0
67,45,573.20,356.70,36.04,43.72,0.50,0
68,24,469.88,446.15,42.89,47.51,0.68,0
68,45,570.10,356.87,36.35,44.05,0.43,0
69,24,465.04,447.62,42.90,47.44,0.69,0
70,24,462.78,449.70,40.63,44.63,0.76,0
70,45,564.18,359.58,35.69,43.04,0.27,0
71,24,460.29,449.62,41.71,45.59,0.77,0
71,45,560.36,360.30,36.69,43.91,0.36,0
72,24,456.51,450.20,41.21,44.92,0.63,0
72,45,558.16,360.77,36.05,42.82,0.51,0
73,24,454.45,450.43,42.15,45.76,0.67,0
73,45,556.79,361.60,36.90,43.55,0.52,0
74,24,451.61,451.66,42.59,46.22,0.77,0
74,45,557.07,363.71,35.75,41.72,0.42,0
75,24,444.98,452.61,43.95,47.77,0.66,0
76,24,443.42,454.82,44.76,48.77,0.79,0
76,45,548.49,366.26,36.36,42.36,0.37,0
77,24,443.73,458.52,43.53,47.48,0.71,0
77,45,547.26,368.10,37.05,42.87,0.26,0
78,24,440.48,461.38,43.46,47.43,0.78,0
79,24,436.29,462.42,46.13,50.63,0.69,0
80,24,436.76,466.54,43.28,47.18,0.55,0
81,24,436.52,471.67,41.88,45.77,0.67,0
82,24,436.22,475.33,42.76,46.67,0.81,0
83,24,436.14,478.56,43.94,47.69,0.68,0
84,24,437.22,481.96,42.93,46.63,0.63,0
85,24,440.85,484.12,42.68,46.55,0.68,0
86,24,447.17,486.04,43.10,47.08,0.70,0
87,24,453.84,486.75,45.57,50.20,0.70,0
89,55,478.35,494.66,42.06,46.05,0.66,0
90,55,485.52,497.15,41.35,45.23,0.72,0
91,55,490.56,498.26,42.25,46.24,0.72,0
92,55,496.64,499.94,43.40,47.46,0.75,0
93,55,506.92,502.20,41.89,45.74,0.74,0
94,55,517.36,501.37,42.79,46.60,0.76,0
95,55,529.32,503.42,41.69,45.28,0.55,0
96,55,538.93,502.51,42.70,46.39,0.66,0
97,55,548.40,503.08,42.93,46.51,0.68,0
98,55,556.28,503.89,42.87,46.46,0.76,0
99,55,559.97,503.45,42.75,46.31,0.77,0
100,55,561.90,502.33,43.40,47.00,0.68,0
100,61,660.92,414.99,34.68,38.60,0.38,0
101,55,564.23,502.14,43.48,47.16,0.72,0
101,61,663.68,416.14,33.76,37.54,0.46,0
102,55,565.16,501.99,44.08,47.88,0.74,0
102,61,664.91,416.46,33.32,37.03,0.33,0
103,55,564.88,502.01,43.43,47.13,0.72,0
103,61,664.83,416.44,33.30,36.96,0.49,0
104,55,564.17,501.95,43.95,47.76,0.71,0
104,61,664.83,416.40,33.17,36.77,0.49,0
105,55,563.72,501.91,43.17,46.74,0.69,0
105,61,664.11,416.11,33.77,37.38,0.60,0
106,55,562.44,502.13,42.78,46.20,0.68,0
106,61,663.15,415.52,34.57,38.21,0.59,0
107,55,561.36,501.96,42.64,45.92,0.69,0
107,61,662.09,414.19,35.65,39.40,0.56,0
108,55,560.20,502.23,42.31,45.56,0.72,0
108,61,661.35,413.47,35.44,39.07,0.49,0
109,55,560.14,502.15,42.07,45.20,0.68,0
109,61,660.56,413.74,36.30,40.02,0.46,0
110,55,559.54,502.96,42.14,45.20,0.65,0
110,61,660.20,414.15,36.90,40.69,0.44,0
111,55,558.13,504.10,43.03,46.11,0.59,0
111,61,657.82,414.74,37.08,40.57,0.29,0
112,55,557.90,504.59,42.56,45.58,0.62,0
112,61,656.57,414.76,37.51,40.93,0.30,0
113,55,557.30,504.89,43.70,46.87,0.60,0
113,61,656.97,414.75,37.39,40.70,0.41,0
114,55,556.84,505.15,44.00,47.25,0.59,0
114,61,657.01,414.79,37.28,40.40,0.38,0
115,55,554.69,505.21,45.04,48.32,0.51,0
115,61,655.11,415.32,37.91,41.00,0.28,0
118,61,650.00,415.28,42.44,45.91,0.27,0
119,61,648.97,415.00,43.59,47.22,0.27,0
121,55,547.18,508.67,44.69,48.14,0.49,0
122,55,545.68,509.64,43.61,46.98,0.58,0
122,61,647.63,415.10,41.61,45.54,0.27,0
123,55,544.54,508.72,44.34,47.86,0.63,0
123,61,647.46,415.27,40.51,44.77,0.35,0
124,55,543.58,508.10,43.59,47.26,0.63,0
124,61,646.50,415.19,39.85,44.36,0.39,0
125,55,542.13,506.01,44.19,48.07,0.73,0
125,61,645.04,415.10,38.65,43.04,0.44,0
126,55,541.23,504.01,44.64,48.70,0.61,0
126,61,644.45,415.53,37.33,41.52,0.36,0
127,55,541.73,502.74,43.90,47.80,0.67,0
127,61,643.20,413.26,38.42,42.70,0.46,0
128,55,539.54,502.18,44.36,48.10,0.61,0
128,61,641.95,410.76,39.83,44.42,0.59,0
129,55,537.03,503.29,44.40,47.78,0.34,0
129,61,640.11,412.79,37.68,42.30,0.59,0
130,55,535.41,502.93,45.71,48.93,0.43,0
131,55,535.12,503.44,44.42,47.16,0.52,0
132,55,533.10,503.67,44.31,46.89,0.49,0
133,55,533.01,503.33,44.04,46.09,0.57,0
134,55,532.93,503.86,42.17,44.09,0.47,0
145,66,636.97,395.14,40.95,43.29,0.39,0
146,66,637.41,394.67,40.16,42.52,0.30,0
146,55,529.87,486.65,47.00,50.19,0.65,0
147,66,636.79,393.78,40.21,42.66,0.45,0
147,67,160.17,655.81,127.04,80.74,0.73,0
147,55,528.04,486.30,46.95,50.08,0.68,0
148,66,637.95,394.08,39.76,42.32,0.42,0
148,67,154.09,657.42,116.49,74.38,0.51,0
148,55,528.10,486.52,46.62,49.79,0.58,0
149,66,637.74,393.16,40.87,43.61,0.44,0
149,55,528.22,486.13,46.80,50.10,0.63,0
150,66,637.50,393.10,40.48,43.38,0.39,0
150,55,527.36,485.17,47.00,50.53,0.60,0
151,66,637.11,393.57,39.11,41.95,0.52,0
151,55,525.92,485.08,47.60,51.30,0.50,0
152,66,634.60,392.99,40.47,43.37,0.52,0
152,55,524.65,484.42,48.86,52.68,0.55,0
153,66,632.88,392.36,40.92,43.87,0.53,0
153,55,524.36,484.64,46.59,50.20,0.44,0
154,66,631.15,391.43,40.44,43.30,0.63,0
155,66,630.08,390.67,39.96,42.58,0.59,0
155,55,523.24,482.16,45.87,49.36,0.47,0
156,66,629.17,388.42,40.21,42.75,0.60,0
156,55,523.05,480.65,46.39,49.84,0.43,0
157,66,629.04,386.90,41.59,44.02,0.40,0
157,55,523.39,479.08,44.51,47.29,0.61,0
158,66,629.28,385.22,42.06,44.35,0.54,0
158,55,523.47,477.39,43.83,46.23,0.62,0
159,66,628.20,383.16,43.66,46.20,0.57,0
159,55,521.15,475.96,47.09,49.92,0.43,0
160,66,625.40,379.90,44.81,48.34,0.41,0
160,55,517.90,474.85,47.20,49.84,0.66,0
161,66,624.31,378.74,45.12,49.55,0.41,0
161,55,516.64,473.77,47.54,49.96,0.64,0
162,66,624.66,377.91,44.22,49.42,0.31,0
162,55,517.02,472.83,47.63,50.09,0.55,0
163,66,623.08,377.65,42.12,47.51,0.55,0
163,55,513.05,471.71,49.73,52.21,0.65,0
164,66,621.75,376.87,41.11,46.65,0.68,0
164,55,512.01,470.97,49.51,51.79,0.54,0
165,66,620.75,375.30,41.27,47.13,0.67,0
165,55,510.79,470.08,48.79,51.12,0.44,0
166,66,620.81,373.64,39.74,45.61,0.26,0
166,55,511.03,468.68,46.82,49.05,0.43,0
167,66,620.11,371.48,39.89,45.79,0.46,0
167,55,511.89,467.91,46.23,48.22,0.46,0
168,66,621.38,370.12,38.94,44.56,0.68,0
168,55,512.62,467.72,44.45,45.60,0.59,0
169,66,619.71,367.42,40.74,46.89,0.71,0
169,55,510.68,463.42,48.13,49.32,0.75,0
170,66,620.35,365.71,40.65,46.93,0.73,0
170,55,511.03,462.22,47.96,49.07,0.72,0
171,66,620.45,364.72,40.03,46.32,0.73,0
171,55,509.73,460.40,49.53,50.80,0.72,0
172,66,619.63,363.86,39.83,46.09,0.69,0
172,55,508.09,459.58,49.61,51.17,0.71,0
173,66,618.91,362.87,39.86,46.09,0.68,0
173,55,507.60,459.78,48.02,49.67,0.45,0
174,66,618.36,361.03,40.45,46.66,0.62,0
174,55,507.55,457.11,48.08,49.92,0.56,0
175,66,618.38,358.86,39.62,45.67,0.74,0
175,55,507.15,454.57,47.05,48.86,0.73,0
176,66,617.61,356.45,39.40,45.57,0.72,0
176,55,507.14,452.80,46.15,48.03,0.79,0
177,66,616.59,354.26,38.59,44.71,0.73,0
177,55,505.98,450.85,45.97,47.87,0.77,0
178,66,616.24,351.38,38.44,44.87,0.40,0
178,55,505.34,448.98,45.79,47.79,0.69,0
179,66,616.52,348.08,37.79,43.88,0.58,0
179,55,503.30,445.33,46.51,48.84,0.43,0
180,66,615.75,344.43,38.30,44.37,0.64,0
180,55,501.87,440.37,48.41,50.81,0.74,0
181,66,615.36,343.01,38.74,44.80,0.65,0
181,55,500.63,437.82,49.60,52.10,0.74,0
182,66,610.45,341.89,38.53,44.22,0.63,0
182,55,496.47,436.13,50.60,53.19,0.82,0
183,66,609.71,340.85,38.42,43.91,0.65,0
183,55,496.90,435.56,50.03,52.46,0.60,0
184,66,609.08,340.24,38.68,43.92,0.61,0
184,55,496.63,435.23,50.23,52.63,0.66,0
184,81,496.00,435.54,54.68,53.30,0.48,0
185,66,605.76,338.11,40.61,45.79,0.62,0
185,55,492.91,433.88,50.67,53.18,0.78,0
186,66,603.79,337.60,39.49,44.81,0.29,0
186,55,487.66,431.67,51.83,54.52,0.71,0
187,66,601.34,336.07,38.85,44.22,0.47,0
187,55,484.49,430.53,50.71,53.44,0.69,0
188,66,597.09,332.57,40.48,46.36,0.71,0
188,55,483.06,430.53,48.68,51.35,0.82,0
189,66,595.36,332.07,39.80,45.64,0.80,0
189,55,482.91,430.37,46.09,48.73,0.77,0
190,66,592.59,330.57,40.68,46.83,0.70,0
190,55,481.36,428.70,46.50,49.12,0.74,0
191,66,590.82,330.31,39.95,46.16,0.69,0
191,55,477.41,427.21,47.81,50.22,0.64,0
191,81,475.50,426.57,52.90,51.72,0.64,0
192,66,589.28,329.74,38.96,45.36,0.45,0
192,55,475.48,425.33,47.85,50.11,0.65,0
193,66,586.92,327.99,39.20,45.81,0.32,0
193,55,472.75,423.64,47.48,49.71,0.70,0
194,55,469.33,423.25,47.41,49.63,0.73,0
195,55,464.50,420.68,48.04,50.21,0.57,0
195,66,579.26,321.79,41.38,48.44,0.31,0
196,55,463.33,419.03,48.00,50.06,0.28,0
196,66,577.98,320.19,41.03,48.06,0.35,0
197,55,459.48,417.83,48.48,50.78,0.55,0
197,66,574.51,318.27,41.64,48.73,0.66,0
198,55,454.92,415.53,49.68,52.47,0.70,0
198,66,571.95,317.01,41.79,49.07,0.73,0
199,55,452.79,414.89,50.01,53.10,0.70,0
199,66,570.62,318.12,40.89,47.95,0.76,0
200,55,450.58,413.90,50.66,53.76,0.50,0
200,66,568.09,317.10,41.18,48.27,0.78,0
201,55,448.17,413.95,49.82,52.90,0.79,0
201,66,564.51,316.58,40.54,47.20,0.77,0
202,55,446.79,413.67,49.00,51.99,0.81,0
202,66,562.63,316.78,39.82,45.89,0.73,0
203,55,443.59,412.52,49.36,52.28,0.79,0
203,66,559.59,316.08,40.33,46.07,0.73,0
204,55,438.38,410.91,50.96,53.74,0.79,0
204,66,557.68,315.40,39.69,45.23,0.59,0
205,55,435.01,410.53,51.11,54.03,0.76,0
205,66,555.53,314.39,40.20,45.74,0.43,0
206,55,432.24,410.86,49.82,52.85,0.74,0
206,66,553.59,312.46,41.34,46.91,0.26,0
207,55,429.92,409.30,49.82,53.23,0.71,0
207,66,548.90,310.83,41.66,47.04,0.31,0
208,55,428.68,408.18,49.47,52.77,0.78,0
208,66,546.09,308.98,42.18,47.67,0.56,0
209,55,426.74,407.14,48.64,51.84,0.59,0
209,66,544.47,308.66,41.66,46.89,0.70,0
210,55,425.36,405.03,49.31,52.33,0.78,0
210,66,543.60,308.19,40.92,46.14,0.73,0
211,55,424.31,402.40,49.18,52.15,0.76,0
211,66,542.56,307.28,40.64,45.63,0.56,0
212,55,421.63,400.22,51.16,54.37,0.76,0
212,66,540.22,304.64,41.22,46.57,0.32,0
213,55,418.47,398.23,49.93,52.77,0.81,0
214,55,416.35,396.68,49.25,51.83,0.69,0
214,66,535.66,299.23,40.10,44.72,0.39,0
215,55,410.20,394.76,48.91,51.61,0.55,0
215,66,529.57,295.07,44.36,49.86,0.39,0
216,55,403.76,390.82,51.97,54.73,0.78,0
216,66,525.86,294.43,42.11,47.02,0.40,0
217,55,401.51,389.86,52.37,55.01,0.69,0
217,66,523.93,293.36,41.94,46.66,0.43,0
218,55,392.88,388.62,54.39,56.78,0.76,0
218,66,515.90,294.48,39.91,43.61,0.40,0
219,55,386.36,390.54,53.07,55.59,0.52,0
219,66,508.79,294.12,42.47,46.44,0.70,0
220,55,382.75,393.78,49.44,51.72,0.37,0
220,66,503.91,293.43,44.11,48.53,0.50,0
221,55,378.77,396.21,49.34,51.58,0.71,0
221,66,499.24,294.63,42.83,47.31,0.55,0
222,55,375.89,397.49,49.44,51.74,0.76,0
222,66,496.40,296.18,41.95,46.39,0.61,0
223,55,373.68,398.65,48.57,51.01,0.69,0
223,66,493.61,295.91,42.69,47.34,0.58,0
224,55,369.99,399.08,48.08,50.42,0.70,0
224,66,490.47,295.87,41.96,46.40,0.60,0
225,55,367.58,398.45,48.55,50.57,0.72,0
225,66,487.65,295.85,42.01,46.16,0.45,0
226,55,365.06,398.95,48.62,50.36,0.77,0
226,66,485.13,297.23,40.67,44.31,0.60,0
227,55,363.83,399.81,49.34,50.86,0.75,0
227,66,483.68,298.12,40.76,44.25,0.54,0
228,55,362.03,400.52,49.42,50.87,0.74,0
228,66,481.13,297.21,42.58,46.45,0.53,0
229,55,359.95,401.56,48.69,49.95,0.79,0
229,66,479.04,297.17,43.35,47.33,0.45,0
230,55,357.41,401.61,49.71,50.87,0.79,0
230,66,476.17,296.90,43.59,47.70,0.35,0
231,55,353.28,400.72,51.78,53.03,0.71,0
231,66,473.86,297.08,43.17,47.24,0.52,0
232,55,349.05,399.87,51.66,52.76,0.83,0
232,66,470.60,297.10,43.00,47.31,0.40,0
233,55,347.37,399.66,50.99,51.87,0.81,0
233,66,469.20,296.36,42.72,47.28,0.36,0
234,55,346.30,399.76,50.39,51.00,0.78,0
234,66,468.74,296.14,42.20,46.84,0.54,0
235,55,344.21,400.40,49.58,49.90,0.69,0
235,66,468.80,297.87,39.26,43.40,0.51,0
236,55,342.73,400.55,49.11,49.12,0.77,0
236,66,467.41,298.30,39.22,43.10,0.37,0
237,55,340.88,400.91,49.09,49.18,0.78,0
237,66,465.38,297.81,39.81,43.42,0.43,0
238,55,339.70,401.12,50.32,50.46,0.74,0
238,66,462.68,297.27,40.52,44.17,0.66,0
239,55,337.97,401.10,50.27,50.52,0.73,0
239,66,460.32,296.08,41.86,45.71,0.71,0
240,55,334.98,399.29,50.73,50.93,0.65,0
240,66,458.48,295.31,42.30,46.39,0.67,0
241,55,333.09,398.27,50.04,50.22,0.28,0
241,66,457.59,294.83,42.56,46.92,0.63,0
242,55,331.84,397.34,50.29,50.55,0.37,0
242,66,456.97,293.90,42.97,47.52,0.66,0
243,55,331.49,396.87,49.96,50.13,0.49,0
243,66,456.48,293.71,42.04,46.58,0.52,0
244,55,330.24,396.70,50.07,50.30,0.63,0
244,66,454.21,292.20,43.05,47.80,0.26,0
244,97,328.87,395.57,54.55,50.92,0.35,0
245,55,328.43,395.50,50.99,51.40,0.54,0
246,55,327.76,394.38,51.63,52.00,0.27,0
246,66,450.73,291.13,41.54,46.00,0.47,0
247,55,324.98,391.15,53.18,53.56,0.81,0
247,66,449.12,288.17,42.30,46.95,0.58,0
248,55,322.62,389.23,53.76,53.97,0.78,0
248,66,448.87,286.52,41.57,46.15,0.51,0
249,55,317.41,387.49,54.51,54.69,0.77,0
249,66,446.05,285.19,41.03,45.40,0.70,0
250,55,314.36,386.28,54.80,55.01,0.83,0
250,66,443.27,284.83,40.37,44.52,0.36,0
251,55,314.54,386.91,53.18,53.25,0.79,0
251,66,443.09,284.86,39.71,43.66,0.57,0
252,55,313.20,387.04,53.22,53.29,0.81,0
252,66,441.25,283.94,41.15,45.16,0.60,0
253,55,312.07,387.11,53.26,53.31,0.80,0
253,66,439.87,283.34,41.83,45.96,0.48,0
254,55,310.53,387.18,52.23,52.35,0.77,0
254,66,438.98,283.87,41.79,45.81,0.52,0
255,55,307.11,386.07,53.31,53.54,0.77,0
255,66,435.85,282.21,43.06,47.42,0.57,0
256,55,304.91,385.69,52.87,53.09,0.63,0
256,66,432.09,279.18,44.36,48.96,0.34,0
257,55,304.26,386.01,52.37,52.71,0.54,0
257,66,430.76,278.28,44.46,49.02,0.35,0
257,99,305.07,385.78,51.99,52.85,0.43,0
258,66,430.82,278.55,43.52,47.88,0.36,0
259,66,430.13,279.30,42.63,46.65,0.26,0
259,55,303.39,385.12,52.76,53.25,0.77,0
260,55,302.98,384.50,52.86,53.57,0.82,0
261,55,302.47,383.66,53.21,54.18,0.81,0
261,66,427.89,274.26,47.13,51.44,0.30,0
262,55,302.25,381.50,53.57,54.71,0.73,0
262,66,427.77,273.37,47.71,51.81,0.61,0
263,55,306.22,381.25,51.88,53.10,0.68,0
263,66,430.26,273.21,47.13,51.21,0.62,0
264,55,309.98,379.74,54.19,55.61,0.82,0
264,66,433.28,272.09,48.11,52.34,0.64,0
265,55,315.38,378.25,55.08,56.35,0.84,0
265,66,441.96,272.94,47.10,51.42,0.55,0
266,55,321.27,378.13,55.14,56.57,0.74,0
266,66,447.33,272.11,46.84,50.97,0.63,0
267,55,328.46,379.96,52.62,54.15,0.73,0
267,66,452.01,271.22,47.88,51.95,0.77,0
268,55,332.96,379.42,52.54,54.15,0.79,0
268,66,456.75,271.56,47.12,51.05,0.76,0
269,55,337.22,378.38,53.79,55.51,0.83,0
269,66,461.51,272.84,45.66,49.10,0.76,0
270,55,340.27,377.35,55.63,57.27,0.82,0
270,66,466.88,271.88,46.14,49.58,0.78,0
271,55,347.53,376.30,54.67,55.97,0.69,0
271,66,472.01,270.91,46.34,49.68,0.78,0
272,55,357.22,376.05,54.62,55.90,0.80,0
272,66,479.72,270.64,46.48,49.85,0.84,0
273,55,363.96,375.38,54.70,55.80,0.78,0
273,66,489.51,269.78,45.81,49.24,0.82,0
274,55,376.56,376.33,50.38,51.00,0.58,0
274,66,497.21,268.43,46.92,50.35,0.66,0
275,55,385.03,376.18,52.09,52.73,0.80,0
275,66,505.54,268.96,46.78,50.24,0.81,0
276,55,391.24,374.49,52.01,52.36,0.74,0
276,66,513.67,266.87,46.78,50.26,0.87,0
277,55,398.84,373.15,52.78,52.79,0.72,0
277,66,519.89,266.25,46.60,50.04,0.82,0
278,55,404.01,371.82,52.87,52.92,0.36,0
278,66,525.33,265.31,46.12,49.58,0.45,0
279,55,407.62,370.86,52.78,53.10,0.75,0
279,66,530.17,264.50,45.99,49.64,0.79,0
280,55,409.47,368.35,54.68,55.11,0.35,0
280,66,532.77,263.03,45.81,49.52,0.84,0
281,55,411.04,365.63,55.90,56.16,0.81,0
281,66,535.28,260.63,46.36,49.87,0.85,0
282,55,412.97,364.34,55.56,55.54,0.78,0
282,66,537.53,259.20,46.03,49.02,0.83,0
283,55,416.20,363.43,55.16,54.72,0.79,0
283,66,540.69,258.88,45.09,48.14,0.83,0
284,55,415.74,362.69,55.58,54.74,0.76,0
284,66,540.82,257.30,45.55,48.41,0.78,0
285,55,415.12,361.84,56.21,55.05,0.79,0
285,66,540.80,255.80,45.95,48.68,0.74,0
286,55,413.98,361.29,56.33,54.98,0.77,0
286,66,540.85,254.86,46.13,48.74,0.68,0
287,55,413.97,360.80,56.87,55.22,0.79,0
287,66,541.13,254.75,45.72,48.31,0.66,0
288,55,411.52,360.68,57.10,55.52,0.78,0
288,66,539.54,254.40,46.17,48.56,0.67,0
289,55,408.89,360.22,57.92,56.45,0.84,0
289,66,536.32,252.89,47.04,49.46,0.62,0
290,55,407.64,360.42,58.02,56.66,0.85,0
290,66,534.19,252.54,46.81,49.35,0.57,0
291,55,406.92,359.79,57.68,56.52,0.85,0
291,66,533.20,251.72,46.20,48.69,0.53,0
292,55,406.28,358.11,58.04,57.06,0.85,0
292,66,531.15,250.10,47.24,49.96,0.65,0
293,55,406.43,355.59,59.38,58.57,0.85,0
293,66,531.30,248.87,47.19,50.01,0.74,0
294,55,406.78,354.52,59.69,59.01,0.85,0
294,66,531.62,248.55,46.20,49.00,0.76,0
295,55,406.67,353.91,58.89,58.35,0.86,0
295,66,531.01,247.37,47.16,50.20,0.79,0
296,55,406.16,353.39,58.71,58.27,0.86,0
296,66,530.43,246.71,47.59,50.73,0.80,0
297,55,406.48,353.19,58.28,57.88,0.85,0
297,66,530.87,246.53,47.34,50.38,0.76,0
298,55,405.78,353.27,56.77,56.38,0.83,0
298,66,530.86,245.79,47.96,51.31,0.76,0
299,55,406.33,352.76,56.17,55.67,0.84,0
300,55,406.78,352.62,56.50,55.86,0.81,0
301,55,405.48,353.02,55.46,54.64,0.81,0
302,55,405.39,353.85,52.36,51.42,0.80,0
306,66,536.74,245.27,42.42,46.84,0.51,0
307,66,530.01,243.19,45.18,50.20,0.73,0
308,66,528.45,242.31,45.74,51.13,0.63,0
309,66,527.53,241.51,46.03,51.56,0.57,0
310,66,527.15,240.53,45.81,51.23,0.53,0
310,55,410.13,350.36,49.56,50.73,0.51,0
311,66,526.89,239.37,45.81,51.10,0.58,0
311,55,401.36,348.10,51.71,52.69,0.76,0
312,66,526.26,238.09,46.04,51.20,0.38,0
313,66,525.06,235.72,46.52,51.63,0.47,0
314,66,524.06,234.12,45.40,50.25,0.70,0
314,55,392.89,341.19,55.52,56.45,0.75,0
315,66,523.08,232.87,45.22,49.92,0.66,0
315,55,390.02,339.38,56.72,57.32,0.72,0
316,66,523.42,232.93,44.89,49.36,0.71,0
316,55,389.59,339.22,57.02,57.53,0.73,0
317,66,522.27,232.35,45.39,49.77,0.42,0
317,55,386.49,339.10,57.68,57.93,0.78,0
318,55,381.43,338.19,58.85,59.22,0.85,0
319,55,381.60,338.76,57.81,58.29,0.78,0
319,66,519.87,232.28,45.73,49.92,0.38,0
320,55,380.47,338.99,57.89,58.60,0.82,0
320,66,517.46,231.90,46.04,49.79,0.47,0
321,55,379.19,339.88,56.67,57.49,0.85,0
321,66,515.49,231.68,45.98,49.28,0.43,0
322,55,377.35,340.69,55.71,56.78,0.83,0
322,66,512.73,232.65,46.47,49.51,0.63,0
323,55,375.56,340.92,55.56,56.88,0.75,0
323,66,511.28,233.06,46.91,49.77,0.60,0
324,55,374.92,341.28,55.63,57.18,0.76,0
324,66,510.42,233.69,47.32,49.94,0.68,0
325,55,374.13,341.50,56.57,58.56,0.47,0
325,66,509.92,234.12,47.98,50.40,0.70,0
326,55,374.87,341.72,53.99,56.03,0.37,0
326,66,509.28,234.14,48.41,50.76,0.66,0
327,66,508.93,234.18,48.46,50.78,0.67,0
328,66,508.48,234.77,48.03,50.37,0.53,0
329,66,508.10,234.84,48.04,50.46,0.51,0
330,66,508.85,234.46,47.38,49.74,0.55,0
331,66,509.96,234.55,47.01,49.34,0.48,0
332,66,511.43,234.51,48.71,51.28,0.71,0
333,66,514.51,234.68,48.59,51.41,0.63,0
334,66,515.92,234.90,49.35,52.52,0.53,0
335,66,517.46,236.23,50.05,53.73,0.41,0
336,66,519.47,235.96,50.56,54.60,0.37,0
336,55,385.14,347.69,55.90,57.65,0.77,0
337,66,522.33,236.16,51.63,55.84,0.54,0
337,55,387.20,349.33,55.34,56.59,0.76,0
338,66,525.27,237.35,51.38,56.17,0.60,0
338,55,389.30,348.27,58.18,59.22,0.79,0
339,66,528.31,237.61,51.12,56.14,0.79,0
339,55,395.38,348.95,56.49,57.49,0.76,0
340,66,532.15,237.30,51.03,56.12,0.71,0
340,55,401.86,350.03,55.23,56.12,0.79,0
341,66,538.91,238.50,49.68,55.02,0.74,0
341,55,406.96,351.25,55.06,55.69,0.81,0
342,66,542.93,237.13,50.95,56.70,0.67,0
342,55,410.22,351.24,55.35,55.94,0.83,0
343,66,547.40,238.53,49.64,55.39,0.37,0
343,55,413.63,350.23,55.66,56.26,0.79,0
344,66,550.08,237.68,50.19,56.24,0.62,0
344,55,417.09,350.23,54.79,55.07,0.66,0
345,66,551.76,237.34,50.19,56.51,0.70,0
345,55,418.46,349.77,55.57,55.62,0.76,0
346,66,552.72,236.69,50.44,56.88,0.76,0
346,55,418.93,349.16,56.17,55.93,0.80,0
347,66,553.27,236.28,50.61,57.07,0.79,0
347,55,420.61,348.79,56.10,55.71,0.78,0
348,66,553.79,236.42,50.16,56.60,0.74,0
348,55,422.03,349.30,55.76,55.29,0.79,0
349,66,554.66,236.63,50.46,56.95,0.76,0
349,55,423.63,349.91,54.95,54.64,0.76,0
350,66,553.78,235.99,51.14,57.60,0.77,0
350,55,420.15,348.93,57.42,57.01,0.78,0
351,66,552.19,235.25,51.30,57.71,0.65,0
351,55,416.91,347.74,59.79,59.30,0.82,0
352,66,552.30,235.67,51.25,57.64,0.80,0
352,55,417.10,348.27,59.18,58.47,0.80,0
353,66,553.30,236.02,51.50,57.90,0.77,0
353,55,417.17,348.40,58.95,58.08,0.79,0
354,66,552.17,235.96,51.39,57.77,0.77,0
354,55,415.84,348.53,59.19,58.22,0.80,0
355,66,549.82,235.87,51.71,58.13,0.62,0
355,55,413.40,349.98,58.01,57.07,0.83,0
356,66,548.16,236.14,50.94,57.35,0.60,0
356,55,410.57,351.12,57.46,56.40,0.81,0
356,120,1188.71,343.00,36.39,42.71,0.37,0
357,66,546.14,235.79,51.28,57.69,0.66,0
357,55,408.27,351.57,57.11,55.87,0.82,0
358,66,545.05,236.03,51.27,57.75,0.64,0
358,55,407.00,351.99,57.16,55.83,0.83,0
359,66,544.71,236.16,51.09,57.63,0.65,0
359,55,406.76,352.14,57.00,55.58,0.83,0
360,66,544.47,235.93,51.13,57.72,0.72,0
360,55,405.57,351.17,57.64,56.09,0.82,0
360,120,1186.95,340.14,39.44,46.35,0.36,0
361,66,543.51,235.19,51.39,58.05,0.75,0
361,55,404.09,349.72,58.53,56.73,0.79,0
361,120,1187.33,340.53,37.95,44.68,0.52,0
362,66,542.22,234.55,51.97,58.64,0.73,0
362,55,403.38,348.30,59.99,57.86,0.83,0
362,120,1188.26,341.33,35.88,42.19,0.44,0
363,66,542.38,234.55,51.70,58.44,0.70,0
363,55,403.15,348.27,59.26,56.90,0.80,0
363,120,1188.50,340.87,35.84,42.13,0.33,0
364,66,542.82,234.38,51.40,58.23,0.68,0
364,55,403.57,347.64,58.73,56.35,0.76,0
365,66,544.08,234.63,50.90,57.74,0.62,0
365,55,404.88,348.34,57.49,55.08,0.77,0
366,66,542.48,234.87,51.20,58.31,0.72,0
366,55,402.68,347.44,59.90,57.38,0.82,0
366,120,1189.71,340.99,35.91,42.68,0.29,0
367,66,537.67,235.54,47.19,54.84,0.38,0
367,55,401.25,347.22,59.61,57.25,0.53,0
367,120,1189.95,340.68,35.95,43.17,0.26,0
368,55,401.49,348.16,57.96,55.85,0.64,0
368,120,1190.00,340.59,35.71,43.19,0.35,0
369,55,401.41,349.00,56.69,54.75,0.47,0
369,120,1190.07,341.13,34.77,42.15,0.34,0
369,122,401.67,348.95,55.32,55.14,0.34,0
370,120,1190.38,342.22,33.76,41.11,0.35,0
371,123,1049.17,322.08,31.44,40.37,0.34,0
371,55,401.89,349.57,55.49,53.70,0.60,0
372,55,401.60,350.77,52.89,51.88,0.67,0
376,123,1051.32,320.62,29.43,37.74,0.27,0
377,123,1052.25,319.68,28.73,36.73,0.30,0
378,123,1052.63,318.57,29.23,37.42,0.31,0
382,66,537.23,229.04,48.69,55.85,0.75,0
383,66,532.23,222.93,52.69,59.72,0.73,0
384,66,530.58,221.09,53.72,60.19,0.77,0
387,125,1199.31,333.02,38.42,42.24,0.51,0
387,55,388.80,338.87,61.56,60.13,0.70,0
388,125,1198.44,333.69,40.91,45.15,0.40,0
388,55,389.73,338.86,60.90,59.75,0.72,0
389,55,393.04,339.59,59.08,58.43,0.63,0
390,55,396.91,340.33,58.08,58.07,0.50,0
390,66,544.10,225.50,50.24,55.94,0.58,0
391,55,400.45,340.89,57.51,57.83,0.77,0
391,66,546.09,225.01,49.85,55.52,0.59,0
392,55,402.38,340.51,57.67,58.16,0.80,0
392,66,547.06,223.41,51.99,58.06,0.39,0
393,55,407.70,340.32,57.29,57.43,0.74,0
394,55,411.87,340.11,58.22,58.08,0.68,0
395,55,417.68,339.81,58.09,58.33,0.59,0
396,55,423.66,339.97,57.99,58.30,0.77,0
397,55,428.50,339.35,58.97,59.16,0.73,0
397,66,568.24,220.45,54.43,60.64,0.70,0
398,55,433.12,339.11,59.53,59.55,0.67,0
398,66,574.48,219.73,55.96,62.20,0.57,0
399,55,435.84,338.34,60.65,60.31,0.69,0
399,66,578.45,220.52,54.70,60.46,0.72,0
400,55,441.97,339.04,59.71,59.86,0.46,0
400,66,584.63,219.99,55.09,61.07,0.28,0
401,55,449.11,339.11,60.22,60.35,0.84,0
401,66,591.55,221.42,54.07,59.93,0.47,0
402,55,453.04,339.01,61.43,61.72,0.74,0
402,66,595.13,221.26,54.12,59.96,0.69,0
403,55,458.01,338.95,59.25,59.28,0.79,0
403,66,598.53,221.60,53.40,59.13,0.73,0
404,55,460.10,338.07,58.77,58.64,0.69,0
404,66,600.33,220.40,53.49,59.33,0.67,0
404,133,1280.94,320.01,39.96,42.92,0.49,0
405,55,461.12,335.48,60.23,60.05,0.78,0
405,66,602.82,218.47,52.91,58.66,0.76,0
406,55,462.74,334.48,59.54,59.01,0.77,0
406,66,604.89,216.76,51.91,57.53,0.79,0
407,55,462.74,332.20,61.14,60.64,0.72,0
407,66,605.03,214.44,52.16,57.68,0.82,0
407,134,1141.46,297.75,34.03,39.49,0.47,0
408,55,463.77,330.06,62.33,61.98,0.75,0
408,66,605.05,212.86,52.05,57.38,0.82,0
409,55,463.88,328.65,62.78,62.64,0.79,0
409,66,605.53,211.09,52.67,58.10,0.80,0
410,55,463.94,328.45,61.71,61.67,0.83,0
410,66,605.35,210.70,52.37,57.80,0.84,0
411,55,463.79,328.10,60.77,60.92,0.80,0
411,66,605.39,210.77,51.16,56.29,0.87,0
412,55,463.00,326.54,60.99,61.09,0.74,0
412,66,604.96,209.42,51.30,56.44,0.80,0
413,55,462.70,326.37,61.17,61.43,0.74,0
413,66,605.39,209.27,51.07,56.14,0.80,0
414,55,460.99,324.35,63.52,63.94,0.72,0
414,66,604.99,206.78,52.67,57.78,0.66,0
415,55,462.32,323.30,61.34,61.43,0.69,0
415,66,605.99,205.39,53.03,57.76,0.80,0
416,55,467.91,324.08,57.76,57.90,0.65,0
416,66,607.25,206.14,52.81,57.30,0.72,0
417,55,468.49,322.79,59.02,59.03,0.39,0
418,55,468.50,321.51,59.84,59.60,0.61,0
419,55,467.94,321.36,60.78,60.08,0.61,0
420,55,470.89,324.11,55.83,55.58,0.74,0
421,137,1166.55,287.01,31.95,39.15,0.40,0
422,137,1167.57,286.66,32.67,40.04,0.35,0
422,66,626.24,201.68,52.82,59.71,0.42,0
423,66,627.58,202.41,53.00,59.49,0.67,0
424,66,633.86,202.64,53.69,59.84,0.78,0
425,66,642.61,203.12,53.36,59.24,0.73,0
426,66,649.40,203.35,54.33,60.10,0.77,0
427,66,657.12,203.13,55.00,60.53,0.68,0
427,138,518.73,324.45,57.55,56.95,0.44,0
428,66,665.82,204.83,53.98,59.41,0.67,0
428,138,524.87,325.58,59.01,58.44,0.63,0
429,66,673.13,206.49,52.99,58.05,0.67,0
429,138,530.87,325.78,59.50,58.94,0.74,0
430,66,678.47,206.24,55.54,60.22,0.69,0
430,138,538.67,325.89,59.96,59.46,0.70,0
431,66,687.34,208.42,55.47,60.33,0.66,0
431,138,547.26,327.87,58.64,58.17,0.80,0
432,66,694.14,209.70,55.40,60.27,0.82,0
432,138,554.56,328.83,58.68,58.24,0.87,0
433,66,699.89,211.13,54.01,58.63,0.85,0
433,138,558.82,329.02,60.96,60.59,0.84,0
434,66,702.84,211.24,54.56,59.13,0.84,0
434,138,562.44,329.58,60.58,60.35,0.78,0
435,66,704.77,211.06,54.80,59.21,0.80,0
435,138,564.18,329.66,60.48,60.48,0.74,0
435,139,1264.39,285.65,31.15,39.81,0.40,0
436,66,706.33,211.25,55.07,59.53,0.75,0
436,138,566.07,329.85,59.86,60.18,0.74,0
436,139,1264.76,285.67,31.02,39.63,0.44,0
437,66,707.11,211.23,55.06,59.68,0.77,0
437,138,565.90,329.86,59.88,60.46,0.77,0
437,139,1265.74,285.97,30.00,38.26,0.30,0
438,66,706.69,210.96,55.21,59.85,0.77,0
438,138,564.52,330.20,59.67,60.31,0.81,0
438,139,1266.50,286.44,29.36,37.37,0.31,0
439,66,705.56,210.87,55.17,59.83,0.81,0
439,138,562.74,329.92,59.95,60.62,0.82,0
439,139,1266.30,286.25,29.74,37.79,0.31,0
440,66,704.03,210.77,55.56,60.27,0.82,0
440,138,560.95,330.26,60.29,60.80,0.84,0
440,139,1265.28,287.08,29.97,38.00,0.45,0
441,66,703.00,211.21,54.46,59.10,0.84,0
441,138,559.42,329.47,61.69,62.01,0.86,0
441,139,1264.71,286.37,30.86,39.10,0.37,0
442,66,702.20,212.00,52.92,57.44,0.86,0
442,138,557.76,329.08,62.50,62.64,0.89,0
442,139,1264.57,285.94,31.31,39.70,0.29,0
443,66,701.58,212.40,52.21,56.62,0.87,0
443,138,556.75,329.01,62.82,62.83,0.88,0
443,139,1264.22,285.92,31.53,39.93,0.37,0
444,66,701.06,212.67,51.95,56.29,0.85,0
444,138,555.89,329.04,62.88,62.80,0.88,0
444,139,1263.61,285.88,31.89,40.34,0.41,0
445,66,700.22,212.14,53.02,57.31,0.80,0
445,138,554.98,329.32,62.97,62.89,0.88,0
445,139,1263.99,286.95,31.13,39.24,0.37,0
446,66,697.03,209.79,55.93,60.36,0.79,0
446,138,551.96,328.85,63.67,63.61,0.87,0
447,66,696.04,209.92,55.91,60.21,0.87,0
447,138,550.80,329.89,62.10,61.98,0.88,0
447,139,1264.82,286.71,31.23,39.30,0.33,0
448,66,695.15,210.61,55.22,59.40,0.86,0
448,138,549.90,330.63,61.26,61.11,0.90,0
448,139,1263.97,286.61,31.78,40.07,0.36,0
449,66,693.50,211.63,54.23,58.40,0.82,0
449,138,549.44,332.07,59.84,59.46,0.91,0
449,139,1263.22,286.93,32.35,40.86,0.27,0
450,66,691.85,212.71,52.94,57.23,0.59,0
450,138,546.49,332.39,60.20,59.59,0.88,0
450,139,1262.30,287.52,32.76,41.39,0.33,0
451,66,688.84,212.08,53.46,57.90,0.72,0
451,138,542.08,332.94,60.13,59.58,0.79,0
452,66,685.04,211.48,55.33,59.99,0.69,0
452,138,540.04,334.13,59.35,59.00,0.79,0
452,139,1257.89,287.01,36.16,45.75,0.52,0
453,66,682.61,211.33,55.85,60.55,0.73,0
453,138,536.29,333.90,60.76,60.38,0.83,0
453,139,1256.99,286.87,36.11,45.69,0.26,0
454,66,679.39,209.85,58.17,62.88,0.74,0
454,138,533.65,333.93,61.11,60.56,0.85,0
454,139,1257.96,286.84,33.48,42.15,0.59,0
455,66,675.64,209.32,59.22,63.60,0.84,0
455,138,531.81,334.51,61.44,60.70,0.84,0
456,66,673.72,209.45,59.21,63.59,0.86,0
456,138,529.62,334.83,60.74,59.97,0.86,0
456,139,1257.90,287.70,31.27,39.63,0.27,0
457,66,672.40,209.31,58.71,62.84,0.86,0
457,138,526.45,334.35,60.93,60.12,0.88,0
457,139,1254.26,288.68,31.11,38.98,0.38,0
458,66,671.67,209.74,58.02,61.87,0.85,0
458,138,523.88,334.09,61.23,60.43,0.90,0
458,139,1251.54,288.83,32.73,41.15,0.48,0
459,66,669.31,208.67,58.06,61.54,0.87,0
459,138,522.46,332.68,61.27,60.20,0.91,0
459,139,1249.61,289.03,30.81,38.58,0.40,0
460,66,667.76,207.98,57.78,60.98,0.85,0
460,138,519.91,330.47,62.89,61.85,0.88,0
461,66,666.65,207.66,58.03,60.95,0.85,0
461,138,518.53,330.02,62.65,61.90,0.86,0
462,66,664.93,208.08,57.96,60.63,0.70,0
462,138,512.32,329.62,63.35,62.72,0.85,0
462,139,1242.53,287.05,31.35,39.36,0.40,0
463,66,658.42,206.21,60.56,62.68,0.77,0
463,138,506.18,328.67,66.13,65.48,0.90,0
463,139,1240.90,286.75,32.13,40.35,0.38,0
464,66,655.55,206.64,61.25,62.69,0.81,0
464,138,504.55,329.44,65.00,64.26,0.90,0
464,139,1237.24,286.14,34.87,44.11,0.26,0
465,66,653.23,207.58,61.89,62.87,0.79,0
465,138,504.46,331.77,62.38,61.52,0.86,0
465,139,1235.24,287.74,35.33,44.94,0.34,0
466,66,649.40,208.67,61.73,62.83,0.76,0
466,138,501.48,333.74,62.23,61.30,0.86,0
466,139,1233.61,288.75,35.57,45.25,0.49,0
467,66,647.19,209.43,61.46,62.68,0.82,0
467,138,497.96,335.65,61.40,60.44,0.88,0
467,139,1232.69,290.26,34.91,44.34,0.46,0
468,66,645.50,209.86,61.50,62.90,0.81,0
468,138,494.99,336.74,61.39,60.52,0.85,0
468,139,1232.90,291.65,34.51,43.79,0.26,0
469,66,642.61,209.77,61.15,62.46,0.78,0
469,138,491.84,336.35,61.80,61.66,0.57,0
470,66,640.41,209.53,60.66,61.93,0.72,0
470,138,489.36,335.25,61.33,61.38,0.70,0
470,139,1227.11,292.30,35.25,45.39,0.27,0
471,66,636.36,208.50,61.54,62.48,0.77,0
471,138,486.01,333.93,62.02,61.91,0.78,0
471,139,1225.42,292.21,33.93,43.99,0.46,0
472,66,633.77,208.59,60.59,61.43,0.73,0
472,138,483.68,333.53,61.48,60.94,0.85,0
472,139,1223.88,292.19,33.07,43.18,0.41,0
473,66,629.50,207.27,62.02,62.60,0.82,0
473,138,479.44,331.25,61.70,61.23,0.88,0
473,139,1222.56,291.13,31.83,41.64,0.30,0
474,66,626.14,207.09,62.53,62.98,0.76,0
474,138,475.69,330.45,62.42,62.08,0.90,0
474,139,1217.57,289.22,33.89,44.50,0.31,0
475,66,622.54,206.53,62.57,62.98,0.78,0
475,138,473.04,330.60,61.44,60.99,0.87,0
476,66,620.05,204.80,63.16,63.34,0.79,0
476,138,467.24,329.61,61.18,60.97,0.75,0
477,66,614.80,203.51,62.32,62.73,0.46,0
477,138,463.57,328.55,61.69,61.61,0.81,0
477,139,1209.56,287.91,35.66,46.90,0.47,0
478,66,612.16,204.34,60.91,61.65,0.73,0
478,138,459.18,328.24,63.54,63.61,0.88,0
478,139,1209.20,288.59,34.17,44.35,0.54,0
479,66,604.83,201.55,64.74,65.25,0.79,0
479,138,452.93,327.43,65.02,65.01,0.84,0
479,155,1360.66,309.42,33.18,37.37,0.49,0
480,66,601.44,202.29,64.14,64.53,0.78,0
480,138,450.74,328.52,62.47,62.45,0.89,0
480,155,1352.24,310.85,38.70,43.67,0.67,0
480,139,1203.76,290.23,33.99,44.35,0.31,0
481,66,599.42,204.54,62.40,62.78,0.78,0
481,138,449.39,329.77,60.77,60.57,0.91,0
481,155,1349.42,312.40,38.74,43.62,0.28,0
481,156,450.11,393.90,60.17,33.50,0.47,0
482,66,597.02,205.40,62.43,62.84,0.82,0
482,138,445.11,330.09,60.96,60.81,0.61,0
482,155,1345.86,314.04,39.32,44.53,0.30,0
482,156,442.49,392.26,67.05,37.44,0.37,0
482,139,1199.28,290.89,31.51,41.18,0.40,0
483,66,591.89,206.20,62.20,62.66,0.75,0
483,138,435.97,329.32,63.47,63.10,0.88,0
483,155,1342.06,314.66,38.67,44.06,0.58,0
484,66,583.13,206.49,63.25,63.87,0.83,0
484,138,429.53,330.74,63.48,63.05,0.86,0
484,155,1338.58,315.62,39.18,44.70,0.37,0
484,139,1190.57,293.93,32.93,41.73,0.42,0
485,66,577.71,208.17,62.04,62.71,0.87,0
485,138,424.21,332.57,63.02,62.29,0.86,0
486,66,573.70,208.96,62.19,62.89,0.82,0
486,138,418.61,333.82,62.93,62.34,0.75,0
486,155,1328.51,317.56,39.92,45.57,0.27,0
487,66,570.64,209.09,62.33,62.98,0.81,0
487,138,413.74,334.17,62.67,61.78,0.81,0
488,66,567.34,209.20,60.72,61.59,0.76,0
488,138,410.51,333.97,61.71,60.42,0.86,0
489,66,565.97,209.53,59.36,60.42,0.45,0
489,138,408.13,332.20,62.74,61.27,0.89,0
489,139,1172.60,293.22,32.37,40.86,0.48,0
490,66,560.79,206.90,61.61,62.66,0.72,0
490,138,404.81,330.89,63.29,61.84,0.90,0
490,139,1172.10,294.63,30.14,38.33,0.34,0
491,66,556.25,204.43,62.78,63.90,0.71,0
491,138,401.28,329.34,64.51,62.86,0.88,0
491,139,1168.22,291.92,31.04,39.46,0.44,0
492,66,554.06,203.63,62.38,63.48,0.81,0
492,138,399.40,328.82,63.14,61.56,0.88,0
493,66,552.82,203.09,60.31,61.38,0.85,0
493,138,392.03,327.07,64.63,63.02,0.88,0
493,139,1164.27,291.81,31.03,39.63,0.42,0
494,66,550.45,202.40,58.66,59.80,0.77,0
494,138,387.74,326.08,65.74,64.27,0.87,0
494,161,1310.86,313.84,35.60,44.97,0.46,0
494,139,1162.59,290.64,31.97,40.60,0.44,0
495,66,548.45,203.32,58.11,59.24,0.80,0
495,138,385.71,327.00,65.01,63.81,0.90,0
495,161,1309.11,315.21,35.63,45.08,0.59,0
495,139,1161.19,291.50,32.37,41.01,0.58,0
496,66,543.46,202.60,57.73,58.98,0.78,0
496,138,381.45,327.40,63.55,62.36,0.89,0
496,161,1305.99,315.21,36.89,46.75,0.56,0
496,139,1156.97,292.27,32.86,42.27,0.32,0
497,66,539.86,202.17,57.98,59.31,0.76,0
497,138,378.80,326.96,63.87,62.75,0.84,0
497,161,1302.33,315.05,38.38,48.70,0.39,0
497,139,1154.03,292.06,33.23,43.06,0.35,0
498,66,537.48,201.81,58.50,59.68,0.78,0
498,138,377.19,326.33,63.55,62.36,0.57,0
498,161,1297.80,314.88,38.93,49.53,0.49,0
498,139,1150.28,291.43,33.05,43.08,0.34,0
499,66,534.31,201.00,60.31,61.34,0.78,0
499,138,376.47,327.79,59.93,58.84,0.78,0
499,139,1146.53,291.00,34.40,44.81,0.35,0
500,66,531.50,199.44,61.20,62.27,0.83,0
500,138,373.77,327.92,59.47,57.83,0.61,0
500,139,1145.55,291.07,34.49,44.96,0.36,0
501,66,529.22,199.28,61.98,62.98,0.84,0
501,138,366.96,326.06,62.07,60.55,0.72,0
501,139,1144.65,292.48,34.04,44.39,0.30,0
502,66,527.35,198.81,62.30,63.41,0.51,0
502,138,364.14,324.17,62.65,61.10,0.81,0
502,139,1143.84,294.09,33.52,43.68,0.55,0
503,66,526.01,196.85,62.54,63.84,0.65,0
503,138,361.04,323.09,63.58,62.25,0.82,0
503,139,1143.48,294.57,32.93,42.74,0.63,0
503,161,1294.92,320.82,36.09,45.49,0.43,0
504,66,523.75,195.04,62.53,64.29,0.79,0
504,138,361.11,319.29,63.98,62.80,0.73,0
504,139,1142.38,294.06,33.49,43.39,0.57,0
504,161,1294.40,321.33,35.44,44.15,0.55,0
505,66,522.95,194.58,61.13,63.32,0.80,0
505,138,360.15,318.50,63.28,62.02,0.40,0
505,139,1140.47,293.50,34.00,43.80,0.65,0
505,161,1293.22,321.35,35.23,43.54,0.52,0
506,66,522.74,194.34,59.48,61.73,0.72,0
506,138,355.74,316.64,64.75,63.48,0.73,0
506,139,1139.63,293.53,33.58,42.92,0.57,0
507,66,520.58,193.15,58.15,60.54,0.65,0
507,138,353.89,315.87,63.55,62.21,0.85,0
507,139,1139.34,294.40,33.86,42.71,0.32,0
507,161,1290.58,320.89,35.24,43.40,0.50,0
508,66,518.99,192.42,57.38,59.88,0.53,0
508,138,351.72,316.27,63.10,62.05,0.80,0
509,66,516.30,189.77,57.51,60.41,0.60,0
510,66,511.47,186.96,60.68,63.49,0.74,0
510,139,1137.86,293.80,32.86,41.20,0.29,0
510,138,345.89,313.11,62.49,61.72,0.63,0
511,66,509.16,186.29,61.16,63.66,0.80,0
511,168,346.93,312.41,63.37,60.39,0.43,0
511,138,346.49,311.92,61.19,60.84,0.43,0
512,66,507.78,185.98,61.21,63.55,0.81,0
512,138,341.53,310.55,63.40,63.10,0.84,0
513,66,505.73,185.92,61.32,63.50,0.86,0
513,138,337.13,309.52,63.80,63.11,0.87,0
514,66,505.48,186.32,60.85,62.88,0.84,0
514,168,340.36,314.08,64.37,61.37,0.79,0
515,66,505.43,187.35,60.41,62.28,0.85,0
515,168,336.69,313.84,66.43,63.50,0.80,0
516,66,504.35,187.28,61.00,62.80,0.85,0
516,168,331.97,314.07,66.67,63.90,0.66,0
517,66,503.17,186.98,61.39,63.25,0.85,0
518,66,503.00,188.23,61.31,63.34,0.83,0
518,168,332.21,316.31,66.11,63.31,0.53,0
519,66,503.47,189.47,59.91,61.90,0.82,0
519,168,333.85,317.60,66.00,63.24,0.78,0
520,66,504.38,190.76,59.70,61.67,0.80,0
520,168,335.78,318.19,65.28,62.73,0.76,0
521,66,506.22,191.89,61.45,63.67,0.74,0
521,168,338.33,318.58,64.47,62.01,0.75,0
522,66,510.86,193.90,60.69,63.27,0.44,0
522,168,345.40,320.87,62.47,60.08,0.43,0
523,66,516.17,195.27,60.19,63.09,0.75,0
523,168,351.50,323.42,61.56,59.24,0.76,0
524,66,521.44,196.76,60.37,63.00,0.64,0
524,168,356.27,326.30,61.86,59.52,0.86,0
525,66,525.97,200.36,59.28,61.95,0.78,0
525,168,358.92,327.94,64.05,61.50,0.90,0
526,66,530.94,205.53,57.55,59.66,0.86,0
526,168,361.87,329.78,64.80,62.26,0.89,0
527,66,534.75,208.54,58.48,60.56,0.82,0
527,168,364.17,331.07,66.96,64.49,0.81,0
527,171,1320.80,334.86,35.81,43.29,0.50,0
528,66,542.67,211.34,57.00,59.28,0.79,0
528,168,373.27,334.46,64.03,61.42,0.86,0
528,171,1324.52,337.28,39.42,47.74,0.43,0
529,66,547.53,214.03,58.44,60.79,0.82,0
529,168,378.25,338.77,64.89,61.92,0.73,0
530,66,552.63,221.60,58.71,60.94,0.80,0
530,168,383.14,346.61,64.59,61.63,0.90,0
531,66,556.08,224.78,61.18,63.43,0.81,0
531,168,388.11,349.42,65.23,62.35,0.85,0
531,175,1188.17,320.94,39.04,44.70,0.44,0
532,66,561.18,226.52,59.90,61.99,0.75,0
532,168,395.48,352.47,63.75,60.96,0.76,0
532,175,1193.97,322.62,36.70,42.02,0.54,0
533,66,566.20,227.09,57.69,59.63,0.57,0
533,168,399.23,353.35,63.82,61.18,0.84,0
533,175,1199.09,322.76,37.15,42.61,0.39,0
533,177,399.69,417.37,66.14,36.36,0.37,0
534,66,569.43,225.97,58.95,60.86,0.61,0
534,168,401.80,352.25,64.92,62.35,0.83,0
535,66,572.43,226.34,58.95,60.72,0.81,0
535,168,404.25,352.34,64.82,62.41,0.88,0
535,177,404.06,416.81,68.85,37.74,0.30,0
536,168,405.52,351.99,64.72,62.39,0.89,0
536,175,1211.57,323.73,33.70,38.57,0.48,0
537,168,405.77,351.16,65.23,62.94,0.89,0
537,175,1212.30,323.67,34.12,39.02,0.44,0
538,168,406.05,350.75,64.54,62.18,0.88,0
538,175,1212.50,322.99,34.66,39.65,0.45,0
539,168,406.05,349.71,64.45,61.92,0.86,0
539,175,1212.22,322.24,35.83,41.04,0.43,0
540,168,402.66,349.59,60.03,58.63,0.56,0
540,175,1211.47,321.19,36.83,42.42,0.53,0
541,175,1210.73,318.86,38.64,44.82,0.46,0
542,175,1211.58,317.97,37.01,43.01,0.50,0
543,175,1210.10,315.60,37.00,43.40,0.64,0
543,178,575.09,214.21,41.57,61.34,0.74,0
543,179,1361.79,341.66,38.51,45.57,0.45,0
544,175,1208.65,313.13,36.28,42.90,0.53,0
544,178,570.55,209.29,43.79,63.95,0.79,0
544,179,1358.70,337.67,41.06,48.68,0.41,0
545,175,1205.33,310.02,35.58,42.04,0.38,0
545,178,568.49,206.94,43.75,62.90,0.81,0
545,179,1358.14,333.21,40.52,48.14,0.32,0
546,178,565.51,204.22,45.08,63.65,0.79,0
546,168,399.43,331.48,62.23,61.86,0.76,0
547,178,561.56,200.24,47.85,66.32,0.79,0
547,168,389.46,327.49,65.28,64.54,0.89,0
547,179,1360.06,327.98,42.14,50.36,0.35,0
548,178,560.84,198.81,47.02,63.85,0.67,0
548,168,385.79,326.33,65.98,65.13,0.88,0
549,178,558.83,198.13,47.59,63.22,0.61,0
549,168,382.57,325.77,66.10,64.97,0.89,0
550,178,557.41,199.09,47.73,61.97,0.46,0
550,168,380.35,326.12,66.10,64.59,0.88,0
551,178,554.17,200.20,47.59,60.30,0.57,0
551,168,376.19,326.54,66.22,64.49,0.86,0
551,175,1202.71,298.41,36.22,43.01,0.38,0
552,178,551.15,202.07,47.18,58.67,0.70,0
552,168,370.11,326.91,68.16,66.43,0.72,0
553,178,545.14,200.75,47.96,58.14,0.65,0
553,168,364.94,327.15,68.20,66.64,0.88,0
553,175,1197.12,295.97,35.98,42.74,0.69,0
554,178,538.33,200.93,51.88,61.82,0.78,0
554,168,362.41,330.12,65.93,64.24,0.86,0
554,175,1193.21,294.85,35.47,42.46,0.64,0
555,178,535.36,204.15,52.57,61.40,0.84,0
555,168,360.92,332.99,65.58,64.01,0.85,0
555,175,1189.81,294.12,35.43,42.10,0.60,0
555,186,1347.42,317.41,34.78,46.68,0.59,0
556,178,532.65,205.86,53.48,61.55,0.82,0
556,168,360.21,334.92,64.89,63.40,0.89,0
556,175,1187.67,292.97,36.75,43.53,0.52,0
556,186,1346.38,316.74,34.94,46.87,0.63,0
557,178,529.32,206.39,53.63,60.81,0.82,0
557,168,357.83,335.06,66.17,64.46,0.86,0
557,175,1186.42,291.57,38.07,45.23,0.43,0
557,186,1345.08,315.59,35.12,47.00,0.61,0
558,178,527.02,206.33,54.17,60.54,0.84,0
558,168,353.79,335.23,66.73,65.04,0.88,0
558,175,1185.72,291.52,37.87,44.99,0.49,0
558,186,1343.30,316.07,35.51,47.38,0.63,0
559,178,524.69,206.07,54.97,60.53,0.84,0
559,168,349.79,336.03,66.38,64.89,0.84,0
559,175,1186.10,291.71,36.91,44.11,0.50,0
559,186,1341.13,315.16,35.15,46.63,0.60,0
560,178,523.42,206.55,54.95,59.74,0.86,0
560,168,348.06,338.01,64.40,63.03,0.83,0
560,175,1185.06,291.55,35.90,43.16,0.48,0
560,186,1337.82,314.70,35.65,47.25,0.58,0
561,178,520.06,205.51,56.41,61.13,0.49,0
561,168,346.13,337.47,64.76,63.19,0.82,0
561,175,1183.49,291.85,35.18,41.84,0.60,0
561,186,1336.81,314.34,34.83,45.99,0.65,0
562,178,516.53,205.67,57.62,61.97,0.82,0
562,168,342.33,337.18,65.83,63.85,0.79,0
562,186,1335.86,315.11,34.78,45.74,0.42,0
563,178,511.29,205.92,59.95,64.11,0.83,0
563,168,338.76,338.24,65.92,63.64,0.83,0
563,186,1335.12,317.53,33.71,43.89,0.56,0
563,175,1178.39,293.28,35.28,41.45,0.49,0
564,178,507.59,206.99,61.08,64.92,0.90,0
564,168,334.88,339.53,67.03,64.16,0.69,0
564,175,1175.88,294.37,35.58,41.93,0.60,0
565,178,506.20,208.33,60.73,64.38,0.88,0
565,168,332.92,340.33,66.51,63.32,0.72,0
565,175,1173.37,295.86,35.41,41.92,0.40,0
565,186,1328.33,318.79,36.25,46.84,0.66,0
566,178,506.07,207.77,62.17,65.77,0.90,0
566,168,334.36,341.58,67.18,63.86,0.84,0
566,175,1173.18,296.17,36.25,43.30,0.38,0
566,186,1329.47,320.24,35.01,44.24,0.57,0
567,178,506.32,207.66,63.30,66.82,0.89,0
567,168,335.52,341.88,67.73,64.29,0.80,0
567,175,1174.51,296.24,36.02,43.20,0.55,0
567,186,1332.69,321.58,34.10,42.70,0.45,0
568,178,507.54,208.76,62.51,65.69,0.86,0
568,168,336.78,341.48,68.28,64.77,0.70,0
568,191,334.77,406.36,78.97,50.97,0.42,0
569,178,507.92,209.21,61.78,64.58,0.87,0
569,168,337.29,341.66,68.08,64.58,0.81,0
570,178,508.53,208.64,62.20,64.82,0.83,0
570,168,338.02,341.79,67.34,63.86,0.69,0
570,186,1337.26,321.19,35.29,43.93,0.54,0
571,178,509.19,207.75,62.54,65.01,0.82,0
571,168,337.38,339.44,68.97,65.41,0.80,0
571,186,1339.25,320.44,36.68,45.39,0.47,0
571,175,1183.25,295.50,35.22,42.30,0.66,0
571,191,335.01,402.72,79.57,51.21,0.37,0
572,178,509.79,206.09,63.49,66.06,0.83,0
572,168,338.27,338.38,69.52,65.99,0.81,0
572,186,1341.93,320.24,37.14,45.61,0.49,0
572,175,1186.15,294.59,36.47,43.91,0.43,0
573,178,511.93,206.07,63.00,65.69,0.81,0
573,168,339.27,338.02,69.76,66.16,0.73,0
573,186,1343.21,318.21,39.41,48.52,0.66,0
573,175,1187.36,294.51,36.69,44.10,0.57,0
574,178,513.59,205.83,62.17,64.91,0.81,0
574,168,342.14,338.09,68.72,64.96,0.80,0
574,186,1344.95,317.32,39.96,49.44,0.37,0
574,175,1186.01,292.70,38.96,46.82,0.69,0
575,178,515.43,206.89,60.66,63.54,0.82,0
575,168,342.63,337.76,69.23,65.30,0.76,0
575,186,1347.03,317.04,39.74,49.36,0.55,0
575,175,1189.35,292.03,39.12,46.45,0.31,0
575,191,340.08,401.72,88.04,56.47,0.32,0
576,178,516.16,206.63,59.65,62.49,0.79,0
576,168,342.71,336.54,69.45,65.38,0.72,0
576,186,1348.44,317.68,39.28,48.78,0.62,0
576,175,1190.53,294.37,36.05,42.31,0.63,0
576,191,340.83,400.77,88.37,56.48,0.32,0
577,178,513.58,203.72,60.79,63.53,0.80,0
577,168,339.86,334.10,70.49,66.51,0.83,0
577,186,1346.37,315.06,40.87,51.29,0.43,0
577,175,1190.31,292.21,37.15,43.92,0.62,0
578,178,513.30,201.36,59.77,62.23,0.81,0
578,168,339.15,330.40,71.41,67.38,0.86,0
578,186,1349.39,313.44,37.52,46.58,0.29,0
578,175,1189.79,289.29,37.27,44.48,0.64,0
579,178,509.47,195.10,63.87,66.76,0.75,0
579,168,336.37,327.71,72.07,68.05,0.89,0
579,186,1351.38,311.11,36.16,44.07,0.71,0
579,175,1191.00,288.24,35.27,42.30,0.66,0
580,178,506.63,190.27,65.62,68.58,0.88,0
580,168,334.40,326.03,70.78,66.82,0.90,0
580,186,1350.68,308.13,37.92,45.94,0.41,0
580,175,1191.85,286.41,33.97,40.79,0.35,0
581,178,506.24,188.79,64.67,67.54,0.86,0
581,168,334.66,325.67,69.26,65.63,0.86,0
581,186,1347.54,305.12,40.32,49.11,0.37,0
582,178,505.57,187.32,64.15,66.83,0.88,0
582,168,333.92,323.35,69.28,65.57,0.87,0
582,186,1346.03,304.20,41.12,50.19,0.42,0
583,178,503.82,184.51,64.70,67.46,0.90,0
583,168,329.94,320.47,69.97,66.13,0.80,0
583,186,1345.81,301.71,42.20,51.71,0.30,0
583,175,1192.30,278.18,34.11,40.27,0.44,0
584,178,501.73,182.10,64.67,67.37,0.86,0
584,168,326.60,317.85,70.44,66.53,0.64,0
584,186,1345.94,298.77,41.85,51.75,0.37,0
584,175,1190.14,274.45,36.02,42.61,0.68,0
585,178,500.80,181.49,64.01,66.67,0.86,0
585,168,326.55,317.33,69.24,65.47,0.72,0
585,186,1347.01,296.82,39.79,49.21,0.36,0
585,175,1188.89,270.81,38.55,45.51,0.74,0
586,178,498.07,171.17,65.13,68.29,0.87,0
586,168,323.84,306.79,70.34,66.49,0.84,0
586,186,1346.25,287.76,39.33,48.54,0.55,0
587,178,496.99,165.92,65.43,68.78,0.88,0
587,168,322.50,302.38,70.38,66.22,0.68,0
587,186,1345.70,282.14,39.82,49.38,0.48,0
588,178,496.29,163.46,65.17,68.69,0.88,0
588,168,318.77,300.42,71.28,66.86,0.66,0
589,178,496.17,163.26,64.11,67.70,0.87,0
589,168,316.88,299.44,72.39,67.96,0.89,0
589,175,1189.88,254.03,37.47,43.68,0.46,0
589,186,1346.62,274.50,40.98,50.76,0.40,0
590,178,496.74,164.85,63.05,66.72,0.86,0
590,168,317.37,299.80,72.55,67.99,0.76,0
590,175,1190.28,252.79,36.80,42.34,0.45,0
590,186,1347.25,276.06,38.44,47.78,0.33,0
591,178,497.07,166.39,62.96,66.80,0.86,0
591,168,317.92,300.43,73.28,68.53,0.60,0
591,186,1346.31,276.77,39.11,48.66,0.33,0
592,178,497.67,167.36,62.71,66.68,0.83,0
592,168,317.35,300.90,74.72,69.99,0.78,0
592,186,1349.29,277.04,41.05,51.34,0.49,0
593,178,498.64,168.83,61.89,65.77,0.86,0
593,168,321.46,302.69,72.97,68.40,0.86,0
593,186,1351.15,278.05,42.54,52.40,0.64,0
594,178,501.47,173.05,58.99,62.25,0.59,0
594,168,324.35,305.77,71.55,67.39,0.89,0
594,186,1347.82,280.45,46.76,57.94,0.49,0
595,178,501.17,174.28,59.45,62.39,0.73,0
595,168,322.22,307.53,71.69,67.55,0.82,0
595,186,1352.81,280.36,41.13,50.76,0.40,0
596,178,500.50,175.23,59.91,62.60,0.81,0
596,168,323.24,310.85,69.62,65.97,0.87,0
597,178,501.81,178.04,59.40,61.83,0.82,0
597,168,326.52,313.51,68.62,65.17,0.85,0
597,186,1354.80,284.78,37.15,45.14,0.61,0
598,178,503.05,179.50,59.54,61.72,0.85,0
598,168,327.95,314.96,67.84,64.79,0.85,0
599,178,504.26,181.31,59.06,60.76,0.86,0
599,168,329.74,315.69,67.19,64.28,0.84,0
599,186,1358.84,285.18,42.83,52.31,0.72,0
600,178,504.89,181.58,59.72,61.12,0.87,0
600,168,329.43,315.08,69.22,66.30,0.81,0
600,186,1362.45,286.46,42.81,52.21,0.70,0
601,178,505.64,181.87,60.55,61.58,0.84,0
601,168,332.31,317.07,67.71,64.66,0.67,0
601,186,1364.74,286.09,41.73,50.69,0.75,0
601,209,1205.61,264.07,36.69,44.03,0.52,0
602,178,506.65,182.78,60.52,61.24,0.85,0
602,168,333.39,317.93,67.34,64.20,0.78,0
602,186,1366.73,286.71,40.86,49.91,0.77,0
602,209,1205.74,264.48,38.93,46.77,0.73,0
603,178,506.54,183.51,61.14,61.67,0.84,0
603,168,333.35,318.09,67.36,64.19,0.45,0
603,186,1368.28,288.20,38.98,47.59,0.60,0
603,209,1206.78,263.77,39.75,47.82,0.66,0
604,178,506.00,183.30,61.55,61.84,0.87,0
604,168,332.89,318.17,66.54,63.41,0.52,0
604,186,1367.42,288.28,39.84,48.66,0.67,0
604,209,1209.20,265.98,34.86,41.72,0.59,0
604,211,330.63,315.82,67.36,65.76,0.36,0
605,178,503.78,182.55,61.73,61.63,0.88,0
605,186,1365.06,287.05,42.56,52.23,0.61,0
605,209,1208.26,265.51,37.63,45.10,0.74,0
606,178,501.37,181.16,62.12,61.85,0.87,0
606,186,1363.18,286.17,42.50,52.43,0.53,0
606,168,326.66,316.02,68.91,65.78,0.56,0
607,178,499.70,180.39,62.33,61.92,0.83,0
607,186,1363.10,287.30,41.92,51.43,0.73,0
607,168,321.69,315.51,67.83,64.92,0.60,0
607,209,1202.76,264.72,37.00,44.42,0.56,0
608,178,497.09,179.03,63.11,62.79,0.77,0
608,186,1360.80,286.63,41.88,51.52,0.72,0
608,168,318.49,314.22,69.17,66.55,0.62,0
608,209,1199.86,264.35,41.13,49.77,0.48,0
609,178,495.59,179.35,61.67,61.33,0.64,0
609,186,1358.55,286.05,42.22,51.91,0.76,0
609,168,315.85,314.22,68.53,66.12,0.78,0
609,209,1198.71,265.87,37.37,45.34,0.36,0
610,178,490.72,177.55,62.28,61.68,0.75,0
610,186,1355.79,285.45,42.41,51.91,0.74,0
610,168,313.98,314.33,67.69,65.49,0.84,0
610,209,1197.30,265.43,34.20,41.39,0.63,0
611,178,484.62,175.11,66.16,65.46,0.80,0
611,186,1354.53,287.66,40.46,48.90,0.54,0
611,168,309.37,313.90,68.06,65.80,0.86,0
611,209,1195.61,265.56,35.66,43.32,0.69,0
612,178,476.75,171.23,69.70,69.04,0.79,0
612,186,1354.17,286.71,38.30,45.68,0.29,0
612,168,298.16,309.68,74.30,72.13,0.67,0
612,209,1193.83,264.05,35.05,42.71,0.50,0
613,178,470.25,169.71,70.27,69.86,0.81,0
613,186,1347.96,285.70,42.44,50.88,0.39,0
613,168,292.62,309.20,72.67,70.96,0.84,0
613,209,1190.36,261.78,36.66,44.65,0.63,0
614,178,466.81,168.50,70.41,70.24,0.77,0
614,168,290.03,308.53,70.59,69.39,0.86,0
614,209,1186.39,261.67,38.60,47.49,0.54,0
615,178,460.80,166.93,70.26,70.18,0.81,0
615,168,287.38,308.18,66.71,65.33,0.86,0
615,209,1183.33,261.12,38.82,47.92,0.45,0
615,186,1340.46,282.14,43.85,52.87,0.44,0
616,178,455.34,165.34,68.27,68.43,0.86,0
616,168,278.34,304.80,70.05,68.37,0.84,0
616,186,1336.91,281.54,44.63,53.65,0.56,0
617,178,447.25,164.28,69.77,70.33,0.86,0
617,168,269.16,305.53,69.05,67.32,0.88,0
617,186,1332.12,280.22,42.72,51.64,0.47,0
618,178,438.87,164.11,70.89,71.63,0.74,0
618,168,261.75,306.86,68.69,67.11,0.91,0
618,186,1326.26,281.32,42.07,50.67,0.62,0
619,178,433.60,165.74,69.43,70.31,0.81,0
619,168,256.43,308.24,68.86,67.69,0.90,0
619,186,1320.64,280.22,42.94,51.93,0.45,0
619,209,1167.45,259.60,37.22,46.02,0.42,0
620,178,430.55,168.28,67.00,68.06,0.80,0
620,168,253.13,309.89,67.78,66.77,0.87,0
621,178,427.35,168.86,65.37,66.39,0.85,0
621,168,246.71,310.34,69.05,67.89,0.63,0
622,178,422.84,168.35,65.70,66.90,0.85,0
622,168,242.45,310.64,68.89,67.95,0.87,0
622,186,1310.46,276.85,43.38,52.34,0.32,0
623,178,415.89,165.33,68.84,70.30,0.60,0
623,168,238.35,310.28,66.44,65.33,0.90,0
623,186,1308.80,274.21,41.81,50.60,0.63,0
624,178,412.39,163.25,66.42,67.71,0.80,0
624,168,234.99,307.88,66.34,65.02,0.86,0
624,186,1305.41,271.83,38.65,46.41,0.32,0
624,209,1149.20,249.77,34.26,41.97,0.68,0
625,178,410.34,160.84,64.98,66.04,0.88,0
625,168,230.76,304.71,66.45,64.93,0.86,0
625,186,1301.70,266.56,41.13,49.19,0.80,0
625,209,1145.35,246.65,34.12,42.05,0.35,0
626,178,407.58,158.21,65.33,66.08,0.80,0
626,168,225.96,301.39,67.00,65.14,0.54,0
626,186,1298.58,259.59,42.92,51.19,0.66,0
626,209,1143.30,241.24,34.17,42.06,0.44,0
627,178,403.99,154.59,64.59,64.85,0.79,0
627,168,224.60,298.49,66.36,63.56,0.76,0
627,186,1295.78,254.53,43.44,51.45,0.43,0
628,178,398.70,150.81,64.83,65.15,0.60,0
628,168,220.18,295.81,65.62,62.75,0.52,0
628,186,1294.13,252.09,43.61,51.64,0.39,0
629,178,392.38,148.59,65.74,65.94,0.85,0
629,168,214.82,293.70,64.04,61.60,0.43,0
630,178,387.29,145.78,67.14,67.51,0.73,0
631,178,384.37,145.49,66.38,66.79,0.83,0
631,168,204.12,293.58,63.67,61.38,0.58,0
632,178,377.99,142.11,67.78,68.21,0.88,0
632,168,198.94,291.14,63.89,61.32,0.48,0
633,178,373.34,138.59,67.83,68.39,0.70,0
633,168,194.73,286.51,66.00,63.37,0.79,0
633,209,1120.88,219.19,37.65,46.06,0.68,0
634,178,367.59,135.87,68.57,68.95,0.89,0
634,168,189.32,284.25,65.07,62.45,0.85,0
634,209,1118.91,215.72,38.62,47.00,0.57,0
635,178,363.78,135.08,67.03,67.36,0.89,0
635,168,188.51,283.63,63.59,61.02,0.86,0
636,178,359.90,133.42,67.47,67.98,0.87,0
636,168,182.71,281.68,64.94,62.14,0.84,0
637,178,356.85,133.13,67.73,68.11,0.89,0
637,168,176.99,280.28,66.13,63.03,0.84,0
637,186,1265.90,231.08,45.10,53.41,0.39,0
638,178,354.14,132.00,64.94,64.96,0.86,0
638,168,172.19,280.08,65.62,62.64,0.87,0
638,186,1261.81,229.05,42.12,49.61,0.54,0
639,178,349.28,127.26,66.37,66.46,0.75,0
639,168,167.74,277.54,65.44,62.55,0.87,0
639,186,1260.93,226.08,37.88,44.62,0.69,0
640,178,346.07,125.29,64.79,64.34,0.84,0
640,168,165.11,274.58,64.25,61.27,0.84,0
640,186,1256.39,223.89,38.27,44.69,0.72,0
641,178,338.68,119.51,67.90,67.56,0.75,0
641,168,156.58,270.76,65.76,62.37,0.77,0
641,186,1253.12,218.82,41.55,48.61,0.76,0
642,178,332.84,114.37,68.43,68.22,0.88,0
642,168,149.69,266.19,67.72,64.39,0.75,0
642,186,1248.79,213.99,43.42,50.61,0.27,0
643,178,329.86,110.26,67.30,67.14,0.86,0
643,168,144.32,260.94,67.52,64.23,0.90,0
643,186,1245.39,208.20,43.14,50.30,0.54,0
643,209,1090.50,192.44,32.73,38.44,0.34,0
644,178,320.19,101.56,71.60,71.33,0.87,0
644,168,139.81,258.54,65.59,62.05,0.87,0
644,186,1242.78,205.13,39.94,46.27,0.44,0
645,178,308.25,91.77,75.18,74.77,0.90,0
645,168,126.23,250.92,66.42,63.00,0.73,0
646,178,301.41,87.21,73.66,72.87,0.88,0
646,168,119.16,245.21,68.39,64.23,0.82,0
647,178,298.58,85.90,71.60,70.86,0.78,0
647,168,114.56,242.35,67.15,62.72,0.84,0
647,186,1229.06,189.41,41.03,47.42,0.64,0
648,178,293.88,84.78,70.80,69.71,0.91,0
648,168,109.43,238.70,69.70,65.45,0.87,0
648,186,1225.73,184.46,42.45,48.87,0.48,0
648,209,1069.65,167.80,37.66,44.36,0.36,0
649,178,286.73,82.20,73.07,71.76,0.86,0
649,168,99.29,235.22,72.75,68.88,0.88,0
649,186,1221.27,180.95,44.59,51.24,0.62,0
650,178,279.53,80.31,73.58,72.07,0.80,0
650,168,90.86,232.70,74.31,70.13,0.88,0
650,186,1217.92,179.72,44.72,50.99,0.31,0
650,209,1063.61,162.73,37.23,43.52,0.32,0
651,178,275.64,81.52,70.77,68.85,0.59,0
651,168,87.70,235.18,69.88,65.82,0.87,0
651,186,1216.24,181.32,43.44,49.54,0.49,0
652,178,270.63,83.39,69.98,67.71,0.82,0
652,168,78.58,236.55,71.81,68.06,0.71,0
652,186,1213.12,184.29,41.49,47.47,0.50,0
652,209,1055.14,163.42,37.40,43.03,0.40,0
653,178,265.80,86.74,74.06,71.98,0.89,0
653,168,80.24,244.34,65.75,62.66,0.70,0
653,186,1207.70,189.82,42.67,48.88,0.65,0
653,209,1051.85,169.10,37.83,43.99,0.55,0
654,178,264.86,94.52,73.08,70.95,0.80,0
654,168,79.12,252.47,65.13,62.27,0.79,0
655,168,73.17,255.72,68.97,66.39,0.89,0
655,229,1205.79,214.73,40.69,46.64,0.68,0
656,168,73.55,259.64,67.37,64.93,0.86,0
656,229,1206.03,222.61,39.70,45.52,0.67,0
656,230,1049.65,200.98,35.45,41.60,0.47,0
657,168,72.62,266.24,66.04,63.75,0.33,0
657,229,1205.19,237.32,40.58,46.53,0.70,0
658,168,71.03,278.25,61.59,60.12,0.87,0
663,242,278.83,211.00,74.15,68.26,0.86,0
663,243,1192.21,360.88,45.93,49.57,0.61,0
664,242,273.24,209.18,78.16,72.03,0.79,0
664,243,1193.43,364.37,44.86,48.46,0.70,0
664,244,1043.77,335.02,37.37,44.62,0.39,0
665,242,270.40,208.36,79.81,73.68,0.64,0
665,243,1193.32,368.72,42.88,46.41,0.54,0
665,244,1043.88,338.89,36.35,43.36,0.64,0
665,245,73.81,348.45,62.55,65.15,0.85,0
666,242,267.69,207.86,75.43,69.74,0.86,0
666,243,1193.10,370.20,42.73,46.37,0.53,0
666,244,1042.65,339.95,35.87,42.68,0.66,0
666,245,70.69,345.52,61.64,64.06,0.89,0
667,242,264.35,206.25,75.00,69.55,0.90,0
667,243,1190.70,367.62,43.42,47.29,0.69,0
667,244,1040.02,337.40,36.09,42.89,0.57,0
667,245,63.21,341.69,63.01,65.26,0.69,0
668,242,259.22,199.88,76.58,71.29,0.85,0
668,243,1184.92,359.82,48.15,52.60,0.78,0
668,245,57.43,338.43,61.74,63.63,0.79,0
669,242,257.62,193.77,74.90,69.84,0.76,0
669,243,1183.57,352.11,48.41,53.22,0.44,0
669,245,54.42,331.40,64.15,65.93,0.85,0
670,242,252.88,187.00,76.52,71.58,0.89,0
670,243,1180.52,343.27,48.68,53.63,0.53,0
670,245,53.77,328.63,61.12,62.54,0.79,0
671,242,248.73,179.55,75.01,70.09,0.46,0
671,243,1178.15,332.90,49.44,54.52,0.60,0
671,245,48.35,319.61,63.47,64.32,0.79,0
672,242,240.53,167.59,78.39,73.53,0.64,0
672,243,1178.31,323.11,45.62,50.41,0.69,0
672,245,44.92,311.45,64.35,64.98,0.86,0
673,242,238.17,158.72,76.10,71.65,0.89,0
673,243,1176.98,310.97,45.24,50.00,0.45,0
673,245,41.47,304.46,61.30,61.54,0.59,0
674,242,235.02,149.55,76.71,72.33,0.83,0
674,243,1173.28,298.74,49.46,54.88,0.35,0
674,245,36.93,296.55,61.35,61.02,0.56,0
675,242,229.94,138.58,77.77,73.54,0.88,0
675,243,1172.20,289.27,47.93,53.52,0.67,0
675,245,30.00,283.95,66.71,66.39,0.86,0
676,242,227.50,130.45,75.12,71.07,0.81,0
676,243,1173.45,281.07,45.95,51.36,0.40,0
676,245,26.02,275.51,67.13,66.53,0.88,0
677,242,223.34,119.86,78.80,74.38,0.72,0
677,243,1172.54,271.75,46.84,52.95,0.47,0
677,245,22.86,267.93,66.45,65.26,0.59,0
677,254,1022.56,245.80,39.14,43.69,0.58,0
678,242,217.42,111.76,78.68,74.64,0.89,0
678,243,1171.66,264.02,46.90,53.19,0.75,0
678,245,17.20,259.18,68.28,67.18,0.90,0
678,254,1020.53,239.16,39.72,44.44,0.55,0
679,242,212.15,104.19,77.17,73.31,0.89,0
679,243,1171.97,256.60,44.90,50.70,0.55,0
679,245,9.57,252.82,68.33,66.94,0.86,0
679,254,1019.93,230.29,37.64,41.95,0.38,0
680,242,208.33,98.27,77.03,73.03,0.87,0
680,243,1169.28,248.65,47.48,54.05,0.29,0
680,245,5.31,246.19,68.58,67.11,0.89,0
680,254,1017.28,221.63,38.79,43.19,0.56,0
681,242,205.95,80.98,76.98,73.18,0.86,0
681,245,2.38,229.03,68.49,67.15,0.88,0
682,242,204.32,74.91,75.94,72.63,0.83,0
682,245,1.19,223.51,67.60,66.42,0.89,0
682,243,1167.02,225.97,46.56,53.23,0.60,0
682,254,1013.54,198.65,39.52,43.82,0.53,0
683,242,203.18,72.24,75.62,72.77,0.66,0
683,245,0.27,220.32,67.89,66.87,0.89,0
683,243,1167.76,222.42,44.01,50.43,0.65,0
683,254,1011.74,193.53,40.82,45.07,0.62,0
684,242,198.73,71.76,74.97,71.98,0.83,0
684,245,0.00,219.55,67.19,66.76,0.90,0
684,243,1168.70,221.87,43.57,49.91,0.64,0
684,254,1010.66,191.84,41.67,45.89,0.68,0
685,242,196.87,71.25,74.20,71.04,0.85,0
685,245,0.00,220.13,65.93,65.83,0.91,0
685,243,1167.13,220.84,45.78,52.75,0.57,0
685,254,1010.37,191.45,42.01,46.19,0.66,0
686,242,204.78,72.55,74.71,71.47,0.86,0
686,245,2.51,220.32,68.24,67.39,0.88,0
686,243,1169.28,221.64,44.20,51.26,0.38,0
686,254,1016.37,192.42,41.31,45.63,0.66,0
687,242,213.55,80.22,73.89,70.76,0.90,0
687,245,11.54,225.96,69.68,68.77,0.89,0
687,243,1174.57,228.21,45.28,52.16,0.63,0
688,242,221.91,86.15,75.14,72.47,0.86,0
688,245,18.37,232.72,69.01,67.73,0.86,0
688,243,1181.97,233.74,45.77,52.80,0.63,0
688,257,1431.08,292.51,78.55,67.12,0.76,0
689,242,230.05,94.16,74.13,71.33,0.86,0
689,245,25.65,240.80,67.75,66.17,0.82,0
689,243,1188.51,239.92,46.08,53.24,0.53,0
689,258,1035.47,216.45,39.30,46.32,0.47,0
690,242,239.18,102.33,73.26,70.65,0.85,0
690,245,36.60,249.46,65.80,64.08,0.84,0
690,243,1194.80,247.26,45.76,52.90,0.51,0
690,258,1045.53,224.46,35.93,42.32,0.72,0
691,242,246.15,108.92,74.40,71.74,0.52,0
691,245,42.72,254.11,69.05,67.18,0.91,0
691,243,1200.89,257.07,44.32,51.37,0.80,0
691,258,1050.64,230.82,37.91,44.72,0.30,0
692,242,253.08,114.20,75.26,72.96,0.86,0
692,245,50.20,258.97,70.34,68.43,0.70,0
692,243,1212.00,265.30,41.31,47.92,0.61,0
692,258,1055.92,237.09,39.43,46.57,0.38,0
693,245,61.65,278.26,69.71,67.48,0.87,0
693,258,1063.51,257.81,38.87,45.86,0.59,0
694,245,72.27,299.00,69.41,67.25,0.87,0
694,258,1070.46,278.99,40.86,48.18,0.69,0
694,263,280.50,164.23,66.58,69.25,0.81,0
695,245,85.49,312.45,66.46,63.89,0.40,0
695,258,1076.41,293.25,38.84,46.11,0.60,0
695,263,290.03,172.92,65.41,68.05,0.85,0
695,264,1226.96,321.15,43.01,51.38,0.47,0
696,245,90.60,318.17,67.34,64.63,0.85,0
696,258,1084.27,298.95,38.48,45.39,0.70,0
696,263,293.53,175.18,66.33,68.94,0.84,0
697,245,93.12,320.83,67.79,64.80,0.88,0
697,258,1091.27,301.73,37.15,43.53,0.58,0
697,263,295.60,176.28,67.48,70.01,0.84,0
697,264,1243.17,328.29,41.11,48.99,0.68,0
698,245,96.91,320.85,67.95,64.78,0.86,0
698,258,1095.29,304.71,36.50,42.39,0.40,0
698,263,303.60,179.77,64.82,67.16,0.85,0
698,264,1247.16,330.47,43.59,51.84,0.48,0
699,245,103.39,321.64,68.87,65.42,0.83,0
699,258,1099.05,305.71,36.96,42.56,0.39,0
699,263,310.93,183.26,63.03,65.05,0.88,0
699,264,1251.74,333.17,43.27,51.33,0.78,0
700,245,110.27,321.75,69.23,65.76,0.84,0
700,263,316.20,184.01,63.20,65.14,0.88,0
700,264,1253.74,332.48,46.22,54.46,0.79,0
701,245,116.85,321.82,68.71,64.93,0.86,0
701,263,320.45,183.21,64.47,66.00,0.84,0
701,264,1261.79,332.67,47.43,55.90,0.54,0
702,245,123.04,320.61,68.78,65.23,0.84,0
702,263,329.31,185.02,61.98,63.27,0.84,0
702,264,1267.88,333.88,46.49,54.59,0.80,0
703,245,124.86,319.05,69.90,66.33,0.85,0
703,263,333.22,184.88,61.81,62.86,0.83,0
703,264,1272.03,335.36,47.37,55.14,0.74,0
704,245,125.79,317.96,69.77,66.09,0.75,0
704,263,334.05,183.36,62.19,62.87,0.77,0
704,264,1273.49,336.46,46.99,54.76,0.66,0
705,245,127.15,317.48,69.96,65.97,0.83,0
705,263,335.29,183.32,62.66,62.84,0.81,0
705,264,1276.62,338.19,44.49,52.17,0.64,0
706,245,127.12,315.66,69.89,65.96,0.36,0
706,263,335.76,182.34,63.74,63.50,0.87,0
706,264,1278.11,339.38,43.25,50.45,0.81,0
706,268,1120.18,308.06,39.01,45.57,0.63,0
707,245,126.36,313.42,70.39,66.52,0.84,0
707,263,336.23,181.62,63.85,63.18,0.86,0
707,264,1277.56,340.27,43.15,50.31,0.77,0
707,268,1121.12,307.91,38.59,45.10,0.65,0
708,245,126.62,310.76,71.67,67.66,0.85,0
708,263,338.53,180.46,64.48,63.53,0.87,0
708,264,1276.53,341.34,43.32,50.57,0.72,0
708,268,1122.98,306.92,38.89,45.48,0.51,0
709,245,131.23,310.48,71.25,67.32,0.87,0
709,263,341.15,179.23,64.26,63.18,0.84,0
709,264,1285.12,342.17,40.86,48.31,0.44,0
709,268,1126.67,307.25,38.62,45.08,0.51,0
710,245,135.45,308.93,72.34,68.35,0.90,0
710,263,342.72,178.56,65.01,63.57,0.80,0
710,264,1286.96,343.20,39.39,46.72,0.65,0
710,268,1130.33,308.73,40.20,46.66,0.71,0
711,245,137.08,307.81,72.47,68.41,0.89,0
711,263,343.39,177.23,63.99,61.89,0.78,0
711,264,1292.49,342.60,41.18,48.65,0.60,0
711,268,1133.24,310.79,39.34,45.64,0.56,0
712,245,139.03,308.08,71.88,67.90,0.90,0
712,263,344.21,176.73,64.61,61.97,0.81,0
712,264,1293.10,343.80,40.67,47.90,0.63,0
712,268,1136.37,310.89,38.66,44.85,0.71,0
713,245,139.62,308.16,72.51,68.47,0.91,0
713,263,345.54,177.18,64.33,61.18,0.80,0
713,264,1293.18,345.19,41.31,48.42,0.54,0
713,268,1137.68,311.73,38.77,45.10,0.67,0
714,245,139.14,307.21,73.40,69.40,0.91,0
714,263,345.52,176.96,64.96,61.23,0.81,0
714,264,1294.08,344.02,45.30,52.67,0.38,0
714,268,1138.67,312.53,37.87,44.31,0.72,0
715,245,139.63,306.92,72.84,68.79,0.91,0
715,263,345.60,175.50,66.18,62.13,0.79,0
715,264,1297.91,344.97,44.85,51.97,0.47,0
715,268,1143.14,311.94,36.87,43.35,0.57,0
716,245,139.47,306.81,73.35,69.23,0.91,0
716,263,346.93,175.03,66.70,62.52,0.76,0
716,264,1300.82,346.10,43.96,50.64,0.47,0
716,268,1145.05,311.94,37.55,44.27,0.58,0
717,245,143.43,307.80,72.08,68.22,0.87,0
717,263,351.13,176.07,68.78,64.35,0.82,0
717,264,1300.16,343.97,48.55,55.81,0.60,0
717,268,1147.84,310.92,39.09,45.85,0.69,0
718,245,147.87,307.53,73.92,69.75,0.75,0
718,263,356.96,177.19,67.86,63.49,0.90,0
718,264,1304.97,342.88,47.14,54.11,0.70,0
718,268,1151.04,310.56,38.46,45.20,0.31,0
719,245,154.42,308.21,73.43,69.37,0.89,0
719,263,360.51,176.31,68.76,64.50,0.88,0
719,264,1310.45,343.90,45.63,52.42,0.74,0
719,268,1158.03,311.19,35.63,41.64,0.65,0
720,245,156.82,308.62,73.53,69.54,0.88,0
720,263,361.91,176.12,68.93,64.61,0.83,0
720,264,1313.97,343.74,47.82,54.65,0.27,0
720,268,1160.69,310.80,38.31,44.75,0.54,0
721,245,159.31,308.62,72.80,69.08,0.87,0
721,263,364.60,177.19,67.97,63.58,0.82,0
721,264,1318.03,343.40,49.64,56.98,0.75,0
721,268,1165.36,310.88,39.42,45.99,0.62,0
722,245,164.19,309.58,70.83,67.15,0.89,0
722,263,370.69,179.07,68.13,63.70,0.55,0
722,264,1322.38,344.15,48.09,54.90,0.79,0
722,268,1168.45,310.91,40.65,47.51,0.65,0
723,245,168.06,311.58,70.77,67.37,0.84,0
723,263,375.79,180.45,67.19,62.91,0.84,0
723,264,1325.50,343.12,47.51,54.01,0.71,0
723,268,1173.28,310.13,39.30,45.54,0.64,0
724,245,171.18,311.85,72.11,68.90,0.78,0
724,263,380.47,182.24,66.06,61.76,0.78,0
724,264,1333.02,342.45,46.23,52.48,0.70,0
724,268,1178.16,311.26,38.11,44.14,0.48,0
725,245,175.84,312.92,72.67,69.00,0.82,0
725,263,383.06,182.22,67.40,63.22,0.78,0
725,264,1337.36,340.74,45.46,51.53,0.75,0
726,245,182.50,314.27,71.63,67.72,0.78,0
726,263,386.73,183.23,67.50,63.49,0.73,0
726,264,1341.46,337.68,47.26,53.61,0.50,0
726,268,1185.18,308.96,41.50,48.44,0.35,0
727,245,189.51,314.56,70.41,66.84,0.74,0
727,263,394.26,184.62,66.41,62.37,0.72,0
727,264,1347.08,336.00,49.37,55.59,0.59,0
728,245,195.26,314.99,71.88,68.32,0.41,0
728,263,401.68,183.88,66.09,62.17,0.83,0
728,264,1354.03,334.06,49.24,55.61,0.74,0
728,268,1196.70,304.95,40.59,47.29,0.39,0
729,245,205.50,315.93,70.20,66.58,0.62,0
729,263,408.46,183.18,67.50,63.70,0.88,0
729,264,1360.99,332.60,48.81,54.92,0.67,0
729,272,207.49,316.78,69.45,65.72,0.51,0
729,268,1204.13,304.27,40.43,46.88,0.32,0
730,245,213.20,315.46,69.50,65.80,0.51,0
730,263,412.71,182.36,67.82,63.72,0.82,0
730,264,1369.14,331.95,48.08,54.10,0.78,0
730,272,213.74,316.93,68.35,64.65,0.41,0
730,268,1211.20,302.69,37.85,43.32,0.38,0
731,245,220.06,316.01,71.05,67.39,0.77,0
731,263,423.12,183.43,66.70,62.61,0.84,0
731,264,1373.59,331.17,49.29,55.17,0.85,0
731,268,1216.18,301.63,39.40,44.64,0.28,0
732,245,229.57,315.68,69.57,65.97,0.82,0
732,263,430.23,183.73,65.35,61.30,0.82,0
732,264,1383.22,330.30,49.52,55.23,0.72,0
732,268,1225.54,300.86,40.49,45.34,0.43,0
733,245,238.66,315.08,68.39,64.64,0.83,0
733,263,434.49,182.25,66.91,63.00,0.69,0
733,264,1394.12,328.61,53.13,58.88,0.80,0
733,268,1237.06,299.50,38.79,43.40,0.67,0
734,245,248.83,315.31,67.37,64.28,0.84,0
734,263,449.35,181.68,64.18,61.18,0.61,0
734,264,1404.53,330.24,50.14,55.52,0.68,0
734,268,1246.86,299.95,36.44,40.52,0.50,0
735,245,263.22,315.17,65.04,61.81,0.75,0
735,263,457.50,181.07,65.91,62.64,0.72,0
735,268,1258.27,297.03,38.58,42.88,0.77,0
736,245,274.36,312.58,67.28,64.49,0.85,0
736,263,467.28,178.01,63.80,61.00,0.61,0
736,268,1266.65,294.20,41.60,46.66,0.80,0
736,264,1428.77,324.87,48.94,53.91,0.73,0
737,245,284.02,306.22,67.74,64.94,0.87,0
737,263,476.87,169.74,66.97,64.65,0.82,0
737,268,1280.35,287.94,39.32,44.57,0.65,0
737,264,1439.55,315.37,50.27,55.44,0.84,0
738,245,290.78,300.83,69.05,66.69,0.35,0
738,263,487.00,165.34,66.28,64.53,0.69,0
738,268,1290.76,280.87,41.15,46.61,0.39,0
738,264,1452.67,310.48,49.24,54.43,0.76,0
739,245,306.16,302.56,63.45,61.92,0.84,0
739,263,497.76,164.73,65.05,63.33,0.83,0
739,268,1301.02,278.40,40.77,45.17,0.30,0
739,264,1462.42,307.54,49.76,54.75,0.84,0
740,245,316.16,300.44,63.94,62.38,0.61,0
740,263,506.87,163.24,67.17,65.35,0.79,0
740,268,1312.44,275.76,40.05,44.42,0.58,0
740,264,1471.68,305.72,50.73,55.13,0.85,0
741,245,329.18,301.84,64.54,62.90,0.81,0
741,263,516.46,162.55,68.29,66.43,0.85,0
741,268,1322.42,274.32,39.57,43.81,0.67,0
741,264,1481.36,303.92,50.67,54.94,0.63,0
742,245,339.02,302.62,64.15,62.61,0.75,0
742,263,527.63,163.03,65.96,64.29,0.81,0
742,268,1333.35,272.40,39.44,43.71,0.72,0
742,264,1493.62,302.13,49.97,53.74,0.68,0
743,245,349.89,301.86,63.49,62.08,0.64,0
743,263,534.83,162.64,64.38,62.62,0.80,0
743,268,1339.06,270.57,41.70,46.47,0.68,0
743,264,1503.63,300.14,50.23,54.19,0.77,0
744,245,354.81,298.28,63.94,62.60,0.81,0
744,263,540.74,162.24,62.96,61.37,0.74,0
744,268,1345.07,267.68,43.21,48.21,0.48,0
744,264,1509.24,297.06,50.88,54.92,0.74,0
745,245,358.63,295.51,62.26,60.52,0.67,0
745,263,543.41,161.81,61.70,60.38,0.55,0
745,268,1348.92,265.97,42.30,47.28,0.68,0
745,264,1512.99,295.20,51.87,56.27,0.77,0
746,245,357.29,292.97,63.05,61.11,0.87,0
746,263,543.71,161.06,58.83,57.50,0.78,0
746,268,1350.45,263.49,42.18,47.31,0.75,0
746,264,1514.79,291.68,51.69,56.48,0.80,0
747,245,354.80,292.11,64.26,61.81,0.84,0
747,263,539.30,160.32,60.37,58.69,0.71,0
747,268,1350.26,263.06,41.38,46.52,0.51,0
747,264,1513.01,290.61,51.11,56.01,0.75,0
748,245,348.31,291.34,64.68,62.17,0.65,0
748,263,536.29,158.72,60.84,59.14,0.78,0
748,268,1350.00,263.11,40.91,46.15,0.56,0
748,264,1512.79,290.97,48.67,53.35,0.70,0
749,245,343.71,290.91,63.46,60.95,0.76,0
749,263,532.29,154.62,62.25,60.84,0.49,0
749,268,1347.48,261.21,41.23,46.44,0.51,0
750,245,340.53,291.15,62.47,60.27,0.77,0
750,263,530.11,155.49,61.48,60.09,0.78,0
750,268,1342.09,259.53,42.66,48.04,0.63,0
750,264,1507.11,286.46,51.45,56.47,0.71,0
751,245,338.96,290.79,62.41,60.28,0.78,0
751,263,527.51,155.32,60.47,58.96,0.74,0
751,268,1339.18,258.98,42.88,48.32,0.61,0
751,264,1504.00,285.28,52.24,57.19,0.80,0
752,245,334.22,289.88,65.52,63.24,0.82,0
752,263,523.77,153.98,60.71,59.41,0.60,0
752,268,1337.38,258.49,42.10,47.53,0.73,0
752,264,1501.80,284.39,53.41,58.30,0.76,0
753,245,329.58,288.73,66.35,64.61,0.83,0
753,263,520.47,153.19,59.37,58.51,0.71,0
753,268,1336.22,257.74,41.18,46.48,0.67,0
753,264,1499.26,283.32,53.76,58.28,0.80,0
754,245,322.45,288.46,66.50,64.84,0.73,0
754,263,516.16,151.95,59.85,58.99,0.76,0
754,268,1334.37,258.29,40.78,46.15,0.66,0
754,264,1496.04,283.29,53.89,58.02,0.83,0
755,245,321.00,290.41,61.78,59.92,0.74,0
755,263,511.94,150.00,62.11,61.26,0.66,0
755,268,1332.31,259.46,38.99,44.10,0.64,0
755,264,1493.12,283.58,53.48,57.56,0.86,0
756,245,318.29,290.12,63.13,61.23,0.79,0
756,263,509.22,149.33,63.43,62.73,0.81,0
756,268,1328.71,259.06,40.23,45.27,0.45,0
756,264,1490.20,283.84,53.03,57.30,0.83,0
757,245,315.54,290.02,63.66,61.66,0.78,0
757,263,506.83,149.49,64.25,63.84,0.82,0
757,268,1326.26,259.18,41.66,46.68,0.54,0
757,264,1488.65,283.72,52.85,57.03,0.82,0
758,245,311.34,289.17,64.31,62.35,0.86,0
758,263,502.15,145.97,66.47,66.25,0.76,0
758,268,1324.63,257.87,41.73,46.35,0.48,0
758,264,1487.10,283.73,52.35,56.50,0.82,0
759,245,307.21,287.07,66.92,64.85,0.87,0
759,263,500.00,145.51,66.46,66.15,0.74,0
759,264,1484.06,283.89,52.31,56.61,0.50,0
760,245,304.22,285.62,68.92,67.01,0.86,0
760,263,497.15,144.58,67.09,66.92,0.85,0
760,264,1481.39,284.23,51.96,56.40,0.71,0
760,268,1318.32,255.50,43.62,48.04,0.35,0
761,245,301.48,284.84,68.89,67.06,0.83,0
761,263,496.02,148.27,62.03,61.71,0.58,0
761,264,1479.33,282.92,51.98,56.71,0.72,0
761,268,1316.87,254.00,44.01,48.43,0.43,0
762,245,296.51,284.55,68.16,66.57,0.82,0
762,263,494.02,149.44,60.80,60.41,0.71,0
762,264,1474.01,281.76,52.88,57.13,0.84,0
763,245,291.36,284.65,69.03,67.70,0.77,0
763,263,485.88,145.32,64.66,64.50,0.69,0
763,264,1468.81,281.55,53.18,57.40,0.87,0
763,268,1311.02,253.38,40.97,44.48,0.39,0
764,245,283.48,283.84,69.55,67.83,0.83,0
764,263,478.82,143.44,65.43,65.40,0.75,0
764,264,1464.11,281.98,51.51,55.63,0.81,0
764,268,1304.12,253.54,39.98,42.44,0.52,0
765,245,275.83,284.19,64.77,63.10,0.75,0
765,263,471.30,143.30,66.20,66.27,0.55,0
765,264,1458.06,281.97,51.95,56.61,0.70,0
765,268,1297.88,252.53,41.87,44.24,0.36,0
766,245,266.99,283.46,68.00,66.36,0.90,0
766,263,462.13,142.70,66.74,66.79,0.52,0
766,264,1449.65,281.43,53.01,57.39,0.83,0
766,268,1290.86,252.96,41.82,44.05,0.39,0
767,245,261.27,285.69,65.09,63.66,0.88,0
767,263,457.19,142.84,66.69,67.15,0.79,0
767,264,1444.12,282.02,52.57,56.71,0.82,0
768,245,259.18,288.74,63.57,61.96,0.82,0
768,263,453.00,144.80,65.44,65.53,0.80,0
768,264,1440.13,283.04,50.66,54.84,0.83,0
768,268,1279.45,256.09,42.07,44.22,0.50,0
769,245,250.64,291.23,65.81,63.95,0.78,0
769,263,447.80,144.71,67.12,67.30,0.55,0
769,264,1434.99,283.45,51.34,55.77,0.54,0
769,268,1275.26,256.56,43.00,45.17,0.44,0
770,245,242.51,292.52,67.45,65.54,0.71,0
770,263,440.23,147.91,64.70,64.55,0.78,0
770,264,1430.60,283.83,51.74,56.46,0.78,0
770,268,1269.38,256.20,44.92,47.69,0.48,0
771,245,234.61,292.29,69.81,67.73,0.35,0
771,263,432.53,149.39,64.91,64.42,0.61,0
771,264,1423.07,284.14,51.20,55.80,0.89,0
771,268,1264.77,256.28,44.60,47.63,0.69,0
772,245,222.96,293.29,71.16,69.12,0.88,0
772,263,423.53,146.05,69.45,68.55,0.51,0
772,268,1258.14,256.83,43.70,47.26,0.44,0
773,245,214.33,293.79,72.10,70.12,0.88,0
773,263,413.38,147.24,67.67,66.60,0.34,0
773,268,1247.72,255.97,44.88,48.70,0.36,0
774,245,203.21,293.41,69.93,67.79,0.57,0
774,263,402.49,145.23,70.40,69.29,0.78,0
774,268,1239.86,255.68,43.95,47.90,0.47,0
775,245,195.83,294.64,67.10,64.74,0.80,0
775,263,393.28,142.61,73.47,72.14,0.50,0
776,245,184.90,290.37,69.04,66.70,0.83,0
776,263,383.67,142.93,70.16,69.13,0.79,0
776,268,1225.19,253.24,43.15,46.30,0.37,0
777,245,171.25,285.46,70.93,68.71,0.86,0
777,263,373.36,139.26,72.06,71.12,0.74,0
778,245,161.59,282.05,70.13,68.11,0.89,0
778,263,363.16,137.13,70.67,69.89,0.81,0
779,245,151.36,279.41,70.24,68.21,0.89,0
779,263,354.97,135.49,69.45,68.72,0.86,0
780,245,142.92,278.17,70.62,68.68,0.87,0
780,263,349.00,135.33,67.42,66.33,0.78,0
780,284,1351.26,275.59,50.77,56.20,0.76,0
781,245,132.27,276.07,72.59,70.09,0.86,0
781,263,337.60,132.84,69.88,68.96,0.51,0
781,284,1345.14,272.76,53.59,59.34,0.39,0
782,245,123.31,276.47,71.66,69.14,0.85,0
782,284,1338.96,271.24,53.84,59.61,0.60,0
783,245,117.68,275.93,72.18,69.70,0.90,0
783,284,1335.72,274.81,49.43,54.58,0.39,0
783,263,323.83,129.11,67.36,66.60,0.40,0
784,245,113.35,275.83,72.29,69.53,0.92,0
784,284,1328.68,274.82,51.35,56.53,0.69,0
784,263,318.89,130.66,66.67,65.35,0.77,0
784,268,1173.20,247.92,41.62,44.37,0.76,0
785,245,106.28,276.01,74.90,71.94,0.85,0
785,284,1323.64,275.66,52.43,57.63,0.79,0
785,263,313.94,133.22,67.07,65.61,0.73,0
785,268,1170.16,248.70,41.40,44.42,0.73,0
786,245,98.40,277.40,74.45,71.77,0.91,0
786,284,1321.03,279.46,51.35,56.50,0.82,0
786,263,308.38,134.07,68.34,66.63,0.80,0
786,268,1167.94,250.41,40.68,43.54,0.61,0
787,245,91.07,278.24,76.17,73.46,0.91,0
787,284,1317.07,282.21,50.99,55.99,0.83,0
787,263,301.96,135.18,69.44,67.55,0.78,0
787,268,1164.56,252.05,41.03,43.58,0.53,0
788,245,84.58,279.67,78.41,76.06,0.87,0
788,284,1312.99,283.94,51.49,56.68,0.74,0
788,263,291.62,132.54,77.33,75.96,0.73,0
788,268,1158.71,254.83,41.87,44.58,0.33,0
789,245,83.06,284.03,76.00,73.43,0.81,0
789,284,1309.81,285.97,51.31,56.60,0.77,0
789,263,287.49,134.42,77.86,76.99,0.50,0
789,268,1154.88,258.53,41.94,44.48,0.62,0
790,245,82.01,288.40,75.73,73.07,0.60,0
790,284,1307.72,287.51,49.92,55.16,0.76,0
790,263,286.45,139.71,74.27,73.55,0.42,0
790,268,1153.62,261.24,41.75,44.40,0.66,0
791,245,77.47,290.02,75.86,73.13,0.87,0
791,284,1301.79,289.09,51.56,56.66,0.82,0
791,263,285.09,143.03,71.91,71.13,0.70,0
791,268,1149.49,263.08,42.66,45.73,0.61,0
792,245,72.77,292.34,76.49,73.69,0.86,0
792,284,1298.44,293.05,50.65,56.06,0.63,0
792,263,283.09,145.81,70.66,69.66,0.42,0
792,268,1145.13,264.23,43.98,47.42,0.76,0
793,245,68.22,293.81,77.74,75.14,0.90,0
793,284,1295.21,297.90,47.68,53.08,0.38,0
793,263,280.60,147.99,71.40,70.34,0.76,0
793,268,1141.61,266.87,43.70,47.31,0.85,0
794,245,66.43,307.62,77.60,75.11,0.84,0
794,284,1294.89,311.19,45.90,51.13,0.73,0
794,263,278.93,162.63,71.66,70.78,0.61,0
794,268,1138.92,280.30,42.45,46.24,0.73,0
795,245,66.81,319.51,74.54,72.15,0.90,0
795,284,1289.77,323.25,46.51,51.94,0.74,0
795,263,280.28,175.61,70.58,69.30,0.47,0
795,268,1137.18,292.54,40.59,44.16,0.73,0
796,245,67.33,324.26,76.53,74.30,0.88,0
796,284,1287.16,330.24,47.98,53.95,0.65,0
796,263,275.98,184.08,65.41,65.92,0.45,0
796,268,1134.29,301.12,41.21,44.95,0.37,0
796,289,67.87,258.95,76.61,63.42,0.67,0
797,245,61.21,324.97,78.77,76.20,0.85,0
797,284,1288.49,333.95,49.11,55.58,0.43,0
797,268,1133.99,304.87,41.12,45.03,0.42,0
797,289,63.44,258.48,78.45,64.88,0.49,0
798,245,55.40,324.67,80.28,77.39,0.81,0
798,284,1284.13,336.29,49.71,55.55,0.80,0
798,268,1133.05,306.93,42.19,46.13,0.52,0
799,245,54.36,326.44,75.11,72.10,0.66,0
799,284,1279.01,336.11,51.79,57.36,0.85,0
799,268,1129.00,308.27,41.73,45.79,0.43,0
799,289,57.32,259.80,77.94,64.57,0.71,0
800,284,1277.11,336.78,51.07,56.09,0.81,0
800,268,1127.53,309.34,41.04,45.17,0.57,0
801,284,1277.85,336.47,50.42,55.19,0.84,0
801,268,1126.42,309.08,41.40,45.58,0.47,0
802,284,1275.34,335.17,52.38,56.87,0.86,0
802,268,1123.87,307.15,44.04,49.10,0.28,0
802,263,262.81,183.84,68.48,68.54,0.75,0
803,284,1273.43,334.69,52.58,56.85,0.89,0
803,268,1123.56,306.25,43.80,49.48,0.36,0
803,263,262.43,184.03,66.84,66.38,0.85,0
804,284,1273.54,334.30,52.36,56.55,0.88,0
804,263,262.13,182.73,66.13,64.90,0.82,0
805,284,1272.83,330.51,51.82,56.37,0.49,0
805,263,258.49,175.07,69.13,67.79,0.69,0
805,268,1120.53,298.47,44.38,49.70,0.76,0
806,284,1274.39,325.51,49.45,53.40,0.59,0
806,263,255.14,166.38,72.45,71.44,0.83,0
806,268,1121.36,294.24,42.16,47.12,0.81,0
807,284,1272.21,315.12,52.30,56.49,0.85,0
807,263,256.20,161.70,69.61,68.34,0.84,0
807,268,1123.49,286.14,40.34,45.24,0.63,0
807,289,37.99,297.73,86.65,73.07,0.90,0
808,284,1274.22,309.56,51.01,55.05,0.84,0
808,263,254.51,150.82,72.07,70.87,0.65,0
808,268,1123.79,278.24,40.23,44.93,0.74,0
808,289,36.94,295.51,84.23,71.85,0.82,0
809,284,1272.83,303.21,53.12,57.46,0.74,0
809,263,253.86,145.22,73.07,71.80,0.78,0
809,268,1122.30,273.98,40.02,44.60,0.74,0
809,289,35.14,289.18,87.09,75.41,0.80,0
810,284,1272.63,296.95,54.75,59.20,0.83,0
810,263,247.99,136.05,78.08,77.28,0.79,0
810,268,1121.85,267.65,43.47,48.41,0.76,0
810,289,32.06,282.78,89.05,78.05,0.87,0
811,284,1272.98,290.44,55.08,59.69,0.85,0
811,263,246.55,132.80,75.45,74.09,0.61,0
811,268,1120.19,261.11,43.22,48.50,0.78,0
811,289,30.55,278.30,88.76,78.47,0.84,0
812,284,1272.86,285.58,53.25,57.89,0.87,0
812,263,244.84,127.77,73.74,72.31,0.68,0
812,268,1123.85,256.43,41.55,46.92,0.51,0
812,289,32.07,274.47,84.89,75.43,0.81,0
812,301,36.49,206.45,76.32,63.86,0.45,0
813,284,1273.05,280.96,52.78,57.40,0.72,0
813,268,1123.92,250.56,41.51,46.41,0.76,0
813,289,28.19,266.63,86.54,77.11,0.52,0
814,284,1274.54,272.62,53.43,57.85,0.82,0
814,268,1123.57,242.54,42.68,47.84,0.71,0
814,289,22.83,258.18,89.15,80.09,0.86,0
814,263,240.72,115.04,72.73,71.41,0.69,0
815,284,1274.24,261.42,54.01,58.46,0.79,0
815,268,1123.33,231.03,42.17,47.18,0.50,0
815,289,21.44,248.24,87.59,79.09,0.88,0
815,263,237.79,101.04,75.03,73.74,0.33,0
816,284,1274.39,248.43,54.26,58.79,0.82,0
816,268,1121.66,218.47,43.60,49.00,0.75,0
816,289,20.19,237.18,87.58,79.79,0.86,0
816,263,235.76,89.72,76.66,75.30,0.77,0
817,284,1274.11,240.72,54.95,59.70,0.82,0
817,268,1121.38,212.22,43.61,49.00,0.68,0
817,289,19.95,233.97,86.42,79.20,0.83,0
817,263,234.62,85.70,77.54,76.21,0.78,0
818,284,1273.63,237.41,55.18,60.14,0.83,0
818,268,1121.25,210.03,43.54,48.99,0.65,0
818,289,17.79,233.35,85.56,78.89,0.85,0
818,263,231.16,84.55,77.06,75.71,0.79,0
819,284,1273.81,235.61,54.32,59.18,0.88,0
819,268,1121.08,208.81,43.60,49.36,0.63,0
819,289,14.71,235.00,83.53,77.34,0.84,0
819,263,226.46,82.52,80.39,78.78,0.82,0
820,284,1272.65,234.24,53.27,58.08,0.88,0
820,268,1120.27,206.88,43.06,48.72,0.69,0
820,289,13.92,238.38,80.53,74.48,0.68,0
820,263,223.03,80.54,81.81,80.46,0.72,0
821,284,1271.14,233.72,52.89,57.67,0.82,0
821,268,1118.13,205.97,43.27,49.13,0.67,0
821,289,12.70,240.87,79.21,73.25,0.83,0
821,263,220.64,82.53,81.59,79.92,0.39,0
822,284,1269.78,233.89,53.68,58.27,0.85,0
822,268,1116.07,204.66,43.62,49.59,0.51,0
822,289,12.75,242.79,79.14,73.30,0.84,0
822,263,219.49,84.32,82.01,80.28,0.59,0
823,284,1268.13,234.09,53.10,57.56,0.86,0
823,268,1114.90,203.91,44.27,50.46,0.33,0
823,289,10.89,243.67,79.95,74.24,0.84,0
823,263,216.34,87.14,81.38,79.69,0.29,0
823,309,1118.57,255.10,38.26,25.64,0.35,0
824,284,1269.98,234.20,51.06,55.47,0.82,0
824,268,1113.98,203.79,43.50,48.80,0.27,0
824,289,10.39,244.25,78.30,72.65,0.84,0
824,263,214.85,89.42,80.56,79.09,0.52,0
824,309,1120.24,254.00,36.53,24.46,0.38,0
825,284,1271.87,233.47,51.22,55.80,0.85,0
825,268,1118.54,204.56,40.88,45.23,0.31,0
825,289,13.88,246.22,79.58,73.90,0.84,0
825,263,218.62,89.80,84.46,82.43,0.42,0
826,284,1275.07,231.84,53.90,58.41,0.86,0
826,289,19.20,249.01,79.20,73.84,0.81,0
826,263,227.11,94.77,77.05,75.00,0.67,0
827,284,1281.23,231.88,54.04,58.68,0.72,0
827,289,25.45,251.43,77.63,72.39,0.80,0
828,284,1286.41,231.33,54.79,59.59,0.32,0
828,289,30.16,251.94,80.27,75.20,0.84,0
829,284,1294.33,230.82,54.51,59.12,0.73,0
829,289,43.13,254.67,75.02,70.25,0.77,0
829,316,1145.59,204.46,41.99,48.62,0.54,0
830,284,1304.65,232.26,53.37,58.24,0.47,0
830,289,55.21,256.18,75.83,71.56,0.89,0
831,284,1315.16,233.58,51.84,56.63,0.71,0
831,289,66.66,257.59,74.11,70.41,0.91,0
831,316,1161.87,205.43,44.60,51.53,0.69,0
832,284,1323.88,233.21,52.21,56.70,0.78,0
832,289,75.47,259.99,77.00,72.24,0.77,0
832,319,280.21,113.29,77.83,67.74,0.66,0
832,316,1170.57,204.96,45.46,52.23,0.34,0
833,284,1333.75,233.92,51.13,55.93,0.43,0
833,289,89.27,263.27,78.49,73.87,0.55,0
833,319,286.30,112.05,80.72,70.41,0.75,0
833,316,1180.79,206.80,42.56,48.83,0.31,0
834,289,101.01,264.33,78.02,73.00,0.75,0
834,319,300.24,116.13,76.22,66.79,0.74,0
834,316,1189.00,206.49,43.24,49.65,0.46,0
834,321,102.29,265.24,73.50,72.99,0.45,0
835,289,114.61,268.04,75.12,70.45,0.78,0
835,316,1199.59,207.48,43.51,49.78,0.34,0
836,316,1210.57,206.73,44.40,50.89,0.53,0
837,289,140.54,269.90,75.44,70.71,0.81,0
838,325,1392.09,232.10,51.80,59.36,0.75,0
838,289,153.06,269.89,73.90,69.67,0.69,0
838,316,1233.85,205.77,47.16,54.15,0.43,0
839,325,1399.37,232.45,51.39,58.75,0.62,0
839,289,161.10,272.92,70.26,67.82,0.39,0
840,325,1406.64,231.28,50.77,58.17,0.49,0
840,289,180.77,270.74,72.09,70.14,0.62,0
841,325,1415.17,231.99,51.84,58.94,0.72,0
841,289,188.27,272.06,68.51,66.45,0.79,0
841,316,1259.04,205.43,45.88,52.39,0.33,0
842,325,1423.37,234.02,48.48,54.78,0.79,0
842,289,191.49,270.87,67.60,65.09,0.82,0
842,330,380.67,118.27,69.11,71.86,0.39,0
843,325,1422.81,236.77,49.37,55.47,0.60,0
843,289,196.71,271.80,63.73,61.08,0.61,0
843,316,1266.91,207.40,43.89,49.79,0.58,0
844,289,194.03,267.68,68.84,66.19,0.65,0
844,333,191.01,267.17,69.52,66.34,0.53,0
844,316,1267.82,208.76,43.80,49.49,0.65,0
845,333,188.96,263.92,75.25,71.92,0.77,0
845,316,1267.35,208.98,43.84,49.53,0.44,0
845,325,1426.66,236.89,48.88,54.51,0.43,0
846,333,188.22,262.66,75.82,72.60,0.82,0
846,316,1267.53,211.05,42.97,48.61,0.64,0
846,330,384.48,115.71,69.86,72.74,0.27,0
847,333,183.77,258.12,75.27,72.20,0.88,0
847,330,384.06,114.39,67.90,70.45,0.41,0
847,325,1429.93,239.34,49.96,55.98,0.67,0
848,333,182.51,257.28,74.78,71.85,0.90,0
848,330,382.79,112.07,67.70,70.04,0.50,0
848,325,1423.32,242.48,48.96,55.58,0.63,0
848,316,1268.24,214.01,43.54,49.13,0.41,0
849,333,184.22,256.75,71.97,69.41,0.87,0
849,330,383.02,112.59,66.05,68.20,0.60,0
850,333,178.85,254.34,73.58,70.95,0.81,0
850,330,381.83,111.58,65.01,66.89,0.75,0
851,333,177.33,253.56,73.60,70.94,0.77,0
851,330,381.04,110.97,65.35,66.93,0.70,0
852,333,176.90,254.00,73.08,70.40,0.61,0
852,330,380.16,111.01,66.50,67.68,0.66,0
853,333,173.77,253.29,74.71,72.26,0.83,0
853,330,376.79,109.89,68.76,69.25,0.61,0
853,341,1258.40,218.55,54.73,54.37,0.64,0
854,333,171.89,253.64,74.33,72.10,0.88,0
854,330,373.72,109.10,70.40,70.19,0.64,0
854,341,1258.73,218.27,52.58,52.35,0.75,0
854,325,1428.69,251.19,46.31,52.92,0.48,0
855,333,171.25,254.03,73.78,71.70,0.88,0
855,330,372.14,108.56,72.65,71.69,0.67,0
855,341,1256.83,219.75,48.51,48.44,0.42,0
855,343,170.03,190.24,69.30,62.04,0.50,0
856,333,171.64,254.66,72.57,70.71,0.87,0
856,330,371.07,108.66,73.91,72.58,0.72,0
856,341,1260.95,218.57,48.82,49.11,0.38,0
856,343,169.32,189.84,69.85,62.55,0.35,0
857,333,171.05,254.94,73.12,71.49,0.87,0
857,330,370.82,109.06,74.74,72.92,0.68,0
857,343,169.55,189.81,70.06,62.68,0.42,0
857,325,1421.40,250.88,50.95,57.64,0.66,0
858,333,170.14,254.97,73.82,72.38,0.88,0
858,330,370.54,108.73,75.98,73.64,0.65,0
858,343,169.27,190.25,69.72,62.31,0.54,0
858,325,1422.58,254.96,45.39,52.33,0.65,0
859,333,168.82,255.03,74.16,73.06,0.88,0
859,330,368.91,108.94,76.74,74.04,0.65,0
859,343,168.85,190.91,69.70,62.19,0.70,0
859,341,1252.59,214.56,56.83,58.19,0.34,0
860,333,168.03,255.82,74.18,73.46,0.88,0
860,330,367.17,108.84,79.97,77.25,0.38,0
860,343,168.79,192.23,68.97,61.36,0.70,0
860,325,1417.56,254.24,44.96,51.44,0.51,0
861,333,166.84,256.44,74.20,73.88,0.89,0
861,343,169.21,193.57,68.11,60.37,0.47,0
861,325,1419.11,252.32,45.83,51.86,0.52,0
861,341,1255.34,217.83,53.21,54.50,0.40,0
862,333,166.50,257.22,74.04,74.09,0.88,0
862,343,170.15,194.75,67.41,59.59,0.38,0
862,325,1418.56,251.74,45.99,50.82,0.37,0
862,341,1253.66,221.15,48.58,50.34,0.46,0
863,333,166.13,257.99,73.23,73.64,0.88,0
863,343,168.74,194.19,68.16,60.09,0.27,0
863,325,1414.80,248.22,52.10,56.93,0.57,0
864,333,166.13,259.94,72.21,72.96,0.86,0
865,333,164.40,261.12,71.76,72.69,0.88,0
866,333,163.29,262.72,69.89,70.74,0.85,0
866,341,1255.42,221.71,47.81,50.29,0.62,0
866,325,1414.35,251.60,49.59,54.16,0.66,0
867,333,163.53,263.44,69.98,70.68,0.78,0
867,341,1250.92,222.26,47.59,50.42,0.38,0
867,325,1408.86,252.84,52.14,56.75,0.62,0
868,333,161.43,265.19,69.66,70.23,0.71,0
868,341,1255.78,224.08,43.34,46.60,0.60,0
868,325,1407.49,253.40,51.08,56.08,0.70,0
868,330,358.92,116.14,70.72,69.08,0.60,0
869,333,161.02,264.84,67.15,67.55,0.42,0
870,333,156.18,263.60,71.27,71.30,0.82,0
870,341,1251.37,226.17,43.08,46.28,0.62,0
870,330,356.21,118.17,69.51,68.39,0.48,0
871,333,151.29,267.35,70.49,70.26,0.78,0
871,341,1248.26,228.51,42.93,44.77,0.49,0
872,341,1244.91,227.15,44.32,46.25,0.37,0
872,325,1397.43,255.26,55.53,60.98,0.78,0
873,325,1393.91,258.50,52.84,58.19,0.74,0
873,333,156.13,267.34,68.79,69.93,0.41,0
874,325,1394.71,261.17,48.86,53.84,0.71,0
874,333,148.62,267.79,70.36,71.18,0.83,0
874,330,349.01,122.12,68.76,67.21,0.32,0
875,325,1391.98,261.45,50.80,55.86,0.54,0
875,333,144.38,267.74,70.41,70.96,0.78,0
875,341,1238.41,229.16,44.91,46.60,0.33,0
876,325,1392.34,262.95,48.18,54.70,0.40,0
876,333,141.41,268.58,66.44,66.66,0.57,0
876,341,1234.72,227.89,47.20,49.18,0.47,0
876,330,341.77,124.38,65.51,64.15,0.49,0
877,341,1231.72,229.19,45.37,48.81,0.37,0
878,341,1232.45,229.25,45.79,49.30,0.60,0
878,333,143.70,269.90,57.17,55.93,0.73,0
879,333,140.17,270.23,63.74,61.52,0.84,0
880,333,135.71,268.81,70.19,67.19,0.55,0
880,325,1393.13,260.80,48.79,55.73,0.61,0
880,330,335.81,124.73,66.14,64.49,0.40,0
881,325,1389.32,258.71,51.55,59.49,0.62,0
882,325,1382.57,257.30,51.72,58.56,0.80,0
882,333,138.71,270.76,67.48,65.49,0.55,0
883,325,1380.86,255.63,50.23,56.43,0.64,0
883,333,126.87,266.75,70.88,69.22,0.39,0
883,330,328.52,118.35,67.86,66.87,0.51,0
884,325,1377.40,251.35,52.23,58.34,0.85,0
884,333,121.77,262.89,74.97,73.70,0.52,0
885,325,1371.32,247.06,51.95,57.82,0.47,0
885,333,117.03,258.49,76.65,75.56,0.89,0
886,325,1358.53,241.69,53.93,60.04,0.62,0
887,325,1346.04,238.98,52.32,57.72,0.41,0
889,358,1165.92,197.13,47.63,50.60,0.79,0
