0,1,880.83,640.52,57.63,60.07,0.86,0
1,1,880.97,638.36,58.85,61.33,0.82,0
2,1,880.23,636.59,59.77,62.32,0.61,0
3,1,882.26,635.23,57.90,60.35,0.63,0
3,2,883.70,636.00,57.69,59.99,0.53,0
4,1,883.60,633.31,58.82,61.45,0.80,0
5,1,883.50,629.69,58.27,60.92,0.85,0
6,1,883.79,625.71,57.07,59.46,0.79,0
7,1,883.80,621.34,57.74,60.05,0.79,0
8,1,881.78,616.95,59.16,61.65,0.85,0
9,1,881.21,613.64,60.56,63.10,0.86,0
10,1,881.88,610.55,60.72,63.14,0.83,0
11,1,884.16,607.72,59.87,61.89,0.85,0
12,1,883.46,604.72,57.68,59.41,0.87,0
13,1,883.15,597.38,58.38,59.92,0.90,0
14,1,881.83,590.41,60.09,61.58,0.87,0
15,1,883.43,585.61,60.15,61.75,0.79,0
16,1,882.30,579.32,60.28,61.82,0.81,0
17,1,881.19,576.27,58.59,59.89,0.73,0
18,1,880.27,574.69,58.34,59.56,0.73,0
19,1,879.04,573.50,57.35,58.47,0.85,0
20,1,876.75,571.66,58.83,59.92,0.87,0
21,1,877.00,570.66,59.56,60.85,0.88,0
22,1,876.92,569.13,60.13,61.57,0.89,0
23,1,876.68,567.15,60.95,62.73,0.88,0
24,1,875.92,565.98,61.25,62.97,0.88,0
25,1,875.08,564.94,60.59,62.01,0.87,0
26,1,875.11,563.25,59.36,60.64,0.88,0
27,1,875.66,563.14,57.38,58.50,0.87,0
28,1,874.21,561.45,59.07,60.21,0.73,0
29,1,872.79,559.03,59.91,60.95,0.89,0
30,1,872.56,556.37,59.00,59.84,0.89,0
31,1,870.85,552.62,60.57,61.43,0.89,0
32,1,870.90,551.64,59.50,60.29,0.89,0
33,1,871.30,550.28,58.43,58.96,0.91,0
34,1,871.50,549.67,58.61,58.93,0.91,0
35,1,870.59,549.55,58.97,59.15,0.90,0
36,1,870.06,549.04,59.33,59.42,0.89,0
37,1,869.70,548.22,59.13,59.00,0.89,0
38,1,868.37,547.61,59.43,59.26,0.89,0
39,1,866.84,546.76,60.06,60.09,0.89,0
40,1,866.29,545.96,60.36,60.62,0.89,0
41,1,866.29,545.08,59.99,60.52,0.89,0
42,1,866.41,544.41,59.33,60.08,0.89,0
43,1,866.52,544.31,58.20,59.05,0.88,0
44,1,866.70,544.22,58.09,59.03,0.89,0
45,1,866.75,543.81,58.59,59.69,0.89,0
46,1,867.05,542.93,59.34,60.65,0.88,0
47,1,867.17,542.44,59.42,60.98,0.88,0
48,1,866.88,542.16,58.59,60.34,0.88,0
48,3,1521.36,661.57,82.19,89.36,0.33,0
49,1,866.27,540.99,58.11,60.10,0.88,0
49,3,1520.96,661.01,82.77,90.03,0.30,0
50,1,865.76,540.32,58.18,60.38,0.88,0
50,3,1521.32,660.79,82.21,89.53,0.27,0
51,1,865.31,539.54,58.62,61.10,0.88,0
51,3,1521.71,660.79,81.53,88.83,0.27,0
52,1,865.43,538.66,58.58,61.32,0.88,0
52,3,1522.40,660.72,81.50,89.03,0.28,0
53,1,865.93,538.15,58.05,60.88,0.67,0
54,1,865.91,536.98,57.91,60.75,0.88,0
54,3,1522.54,659.05,80.97,88.50,0.25,0
55,1,865.86,536.77,57.48,60.29,0.88,0
56,1,865.78,536.20,57.90,60.68,0.88,0
57,1,866.25,534.99,59.08,62.07,0.87,0
58,1,866.28,534.05,59.98,63.25,0.87,0
59,1,866.62,533.28,60.63,64.16,0.87,0
60,1,867.24,532.92,60.80,64.50,0.87,0
61,1,867.58,532.78,60.10,63.71,0.88,0
62,1,868.20,532.63,59.81,63.29,0.88,0
63,1,867.93,532.21,60.46,63.98,0.89,0
64,1,867.79,532.12,60.68,64.43,0.88,0
65,1,868.07,531.81,59.91,63.87,0.87,0
66,1,868.86,531.15,58.53,62.34,0.88,0
67,1,869.59,530.81,57.23,60.82,0.88,0
68,1,869.58,530.37,57.50,60.99,0.88,0
69,1,869.19,529.29,58.68,62.21,0.88,0
70,1,869.18,527.94,59.20,62.63,0.89,0
71,1,869.42,527.10,59.20,62.40,0.88,0
72,1,869.38,526.92,59.70,62.69,0.89,0
73,1,870.39,526.97,59.54,62.37,0.88,0
74,1,871.84,527.20,58.33,60.87,0.88,0
75,1,872.36,526.44,57.60,59.80,0.89,0
76,1,872.68,526.03,57.59,59.44,0.90,0
77,1,872.13,525.60,58.52,60.13,0.90,0
78,1,871.91,525.41,58.79,60.20,0.90,0
79,1,871.89,524.55,59.16,60.35,0.89,0
80,1,872.08,523.76,59.03,59.87,0.89,0
81,1,871.84,522.86,59.61,60.32,0.89,0
82,1,872.43,521.49,59.60,60.22,0.89,0
83,1,872.62,520.53,59.95,60.45,0.89,0
84,1,872.40,519.62,61.13,61.63,0.88,0
85,1,872.88,518.55,61.68,62.16,0.88,0
86,1,873.22,517.80,61.58,62.06,0.87,0
87,1,873.42,517.77,60.09,60.37,0.87,0
88,1,873.64,517.43,60.50,60.75,0.87,0
89,1,873.33,516.81,61.56,61.80,0.87,0
90,1,873.07,516.98,61.91,62.10,0.87,0
91,1,872.98,516.58,62.51,62.65,0.87,0
92,1,872.93,516.45,63.06,63.17,0.87,0
93,1,872.85,516.94,62.14,62.18,0.87,0
94,1,872.56,517.04,61.39,61.47,0.87,0
95,1,872.50,516.89,61.00,61.08,0.86,0
96,1,871.95,516.59,61.26,61.32,0.86,0
97,1,871.56,516.67,61.69,61.73,0.87,0
98,1,870.53,516.33,62.48,62.50,0.88,0
99,1,869.93,516.46,62.88,62.93,0.88,0
100,1,869.87,516.89,62.80,62.91,0.88,0
101,1,870.03,517.27,61.93,62.10,0.87,0
102,1,869.78,517.42,61.84,62.10,0.87,0
103,1,868.91,516.98,62.57,62.78,0.88,0
104,1,868.00,516.75,62.11,62.33,0.88,0
105,1,867.87,516.95,61.53,61.76,0.87,0
106,1,867.37,516.74,61.86,62.23,0.87,0
107,1,865.85,516.80,62.07,62.70,0.88,0
108,1,864.99,516.84,61.30,62.25,0.88,0
109,1,864.73,516.85,60.79,62.02,0.88,0
110,1,865.39,517.43,60.04,61.64,0.87,0
111,1,865.77,517.57,60.36,62.29,0.87,0
112,1,865.74,516.98,61.52,63.74,0.87,0
113,1,865.09,517.35,60.98,63.17,0.88,0
114,1,864.26,517.48,60.78,63.11,0.88,0
115,1,863.49,517.66,60.12,62.50,0.87,0
116,1,862.18,516.91,60.51,63.04,0.87,0
117,1,861.06,516.88,60.81,63.36,0.87,0
118,1,860.28,517.07,61.04,63.54,0.87,0
119,1,858.62,516.92,62.10,64.73,0.86,0
120,1,857.58,517.18,61.81,64.40,0.85,0
121,1,856.32,516.90,62.51,65.23,0.83,0
122,1,854.75,516.69,62.17,65.08,0.83,0
123,1,853.43,517.24,61.83,64.75,0.87,0
124,1,852.21,518.16,61.14,63.96,0.87,0
125,1,850.79,517.75,61.24,63.79,0.88,0
126,1,849.39,517.74,59.87,62.06,0.87,0
127,1,848.13,517.36,59.96,61.85,0.87,0
128,1,846.77,515.90,61.48,63.32,0.88,0
129,1,847.03,515.81,61.01,62.81,0.87,0
130,1,847.02,515.19,61.07,62.73,0.88,0
131,1,846.70,514.37,59.52,60.70,0.76,0
132,1,846.46,513.77,59.19,60.23,0.71,0
132,5,845.49,513.44,61.55,59.97,0.39,0
133,1,845.02,513.24,59.24,60.40,0.77,0
133,5,844.32,513.00,61.32,59.81,0.27,0
134,1,843.67,512.02,60.24,61.68,0.84,0
135,1,842.52,510.75,61.14,62.88,0.88,0
136,1,842.53,509.99,61.11,63.04,0.88,0
137,1,842.59,509.49,60.54,62.59,0.89,0
138,1,842.15,509.00,60.20,62.35,0.90,0
139,1,841.80,509.24,59.97,62.29,0.89,0
140,1,841.77,509.42,59.69,62.16,0.89,0
141,1,841.66,509.09,60.11,62.74,0.89,0
142,1,841.71,508.64,60.33,63.18,0.89,0
143,1,842.13,508.29,59.59,62.45,0.89,0
143,6,755.20,569.37,39.41,23.90,0.37,0
144,1,842.49,507.72,57.97,60.47,0.89,0
145,1,842.44,507.24,58.41,60.86,0.90,0
146,1,841.90,506.50,59.45,62.13,0.89,0
147,1,842.26,505.82,59.24,62.03,0.90,0
147,6,756.31,568.23,34.80,21.01,0.38,0
148,1,842.90,505.47,57.40,59.97,0.88,0
149,1,842.18,504.65,57.20,59.62,0.89,0
150,1,843.29,503.69,56.78,59.11,0.89,0
150,6,756.15,565.30,35.46,21.18,0.33,0
151,1,844.90,503.09,55.37,57.45,0.89,0
152,1,846.54,502.29,56.17,58.00,0.89,0
153,1,847.00,501.59,57.56,59.14,0.90,0
154,1,847.96,501.53,58.00,59.50,0.90,0
155,1,847.70,500.74,58.23,59.51,0.90,0
156,1,847.62,499.59,58.84,59.75,0.91,0
157,1,848.25,498.45,59.68,60.37,0.90,0
158,1,850.88,497.44,59.85,60.55,0.89,0
159,1,853.75,495.94,59.48,60.21,0.89,0
160,1,856.50,493.97,60.77,61.39,0.87,0
161,1,859.75,493.22,60.73,61.37,0.88,0
162,1,862.82,492.56,59.36,60.05,0.88,0
163,1,864.61,491.86,59.97,60.89,0.88,0
164,1,867.23,490.73,59.56,60.66,0.88,0
165,1,871.15,490.07,59.14,59.91,0.85,0
166,1,873.40,488.96,59.83,60.63,0.62,0
167,1,876.78,488.15,61.21,62.47,0.78,0
168,1,882.31,487.56,59.88,60.88,0.88,0
169,1,886.58,485.92,61.33,62.25,0.89,0
170,1,891.26,484.47,61.75,62.84,0.89,0
171,1,898.26,484.72,59.43,60.49,0.86,0
172,1,903.66,482.93,59.27,60.11,0.69,0
173,1,907.21,481.24,62.06,63.01,0.88,0
174,1,911.18,480.26,62.44,63.35,0.89,0
175,1,913.71,479.87,61.28,62.40,0.88,0
176,1,915.81,479.07,61.13,62.26,0.89,0
177,1,919.07,478.79,60.15,61.12,0.87,0
178,1,921.21,478.29,59.31,60.12,0.88,0
179,1,923.02,477.82,58.64,59.45,0.86,0
180,1,925.57,477.60,58.28,59.02,0.84,0
181,1,927.58,476.20,59.11,60.04,0.87,0
182,1,930.58,475.56,60.16,60.81,0.89,0
183,1,933.31,475.72,59.31,59.85,0.89,0
184,1,934.80,475.02,58.72,59.23,0.89,0
185,1,935.62,474.52,59.47,59.92,0.90,0
186,1,937.47,474.34,59.98,60.61,0.89,0
187,1,938.87,473.24,60.86,61.83,0.88,0
188,1,939.53,473.01,61.34,62.55,0.88,0
189,1,941.13,472.78,61.93,63.12,0.89,0
190,1,942.49,472.59,61.34,62.47,0.88,0
191,1,943.72,472.60,61.52,62.64,0.88,0
192,1,944.54,472.16,61.61,62.71,0.88,0
193,1,944.39,471.66,61.63,62.53,0.88,0
194,1,944.62,472.06,60.83,61.45,0.88,0
195,1,945.08,471.62,61.32,61.63,0.87,0
196,1,945.91,470.51,62.88,63.15,0.88,0
197,1,946.29,470.68,63.05,63.22,0.88,0
198,1,947.29,470.34,63.31,63.57,0.87,0
199,1,947.98,469.17,63.79,64.21,0.88,0
200,1,949.19,467.97,64.22,65.11,0.64,0
201,1,950.63,467.55,63.50,64.69,0.62,0
201,9,951.28,467.63,61.05,65.02,0.48,0
203,1,949.63,468.30,63.13,64.48,0.87,0
204,1,949.24,468.70,62.66,64.03,0.87,0
205,1,949.27,469.50,61.93,63.27,0.88,0
206,1,949.55,470.18,61.27,62.55,0.88,0
207,1,949.71,470.39,61.09,62.31,0.88,0
208,1,949.93,470.52,60.83,62.05,0.88,0
209,1,950.03,470.48,61.01,62.29,0.88,0
210,1,950.07,470.20,61.47,62.83,0.87,0
211,1,949.47,471.29,60.83,62.00,0.89,0
212,1,947.90,471.42,61.26,62.28,0.88,0
213,1,946.14,471.15,61.41,62.20,0.88,0
214,1,944.92,470.91,61.97,62.70,0.87,0
215,1,944.57,470.87,62.02,62.70,0.88,0
216,1,943.71,470.83,62.28,62.91,0.88,0
217,1,943.06,470.69,62.35,62.88,0.88,0
218,1,942.47,470.03,62.96,63.38,0.88,0
219,1,942.37,470.51,62.70,62.99,0.88,0
220,1,942.72,471.09,62.23,62.40,0.88,0
221,1,943.01,471.38,62.11,62.21,0.88,0
222,1,943.20,471.50,62.29,62.36,0.88,0
223,1,943.35,471.76,61.86,61.96,0.88,0
224,1,942.60,472.01,61.10,61.29,0.87,0
225,1,942.02,472.30,60.81,61.09,0.87,0
226,1,941.47,472.10,60.10,60.37,0.87,0
227,1,941.32,472.16,59.33,59.53,0.87,0
228,1,940.97,472.00,60.74,60.98,0.88,0
229,1,940.67,471.90,61.31,61.62,0.88,0
230,1,940.37,472.03,61.28,61.65,0.88,0
231,1,939.95,471.87,61.94,62.49,0.88,0
232,1,938.70,472.65,62.02,62.99,0.88,0
233,1,938.53,473.17,61.39,62.66,0.88,0
234,1,938.55,473.76,60.37,61.90,0.89,0
235,1,938.60,474.67,59.25,60.99,0.89,0
236,1,938.36,475.47,58.43,60.23,0.89,0
237,1,937.72,475.95,57.72,59.41,0.89,0
238,1,936.64,475.26,58.52,60.12,0.90,0
239,1,935.19,473.99,59.75,61.36,0.89,0
240,1,934.30,473.89,59.32,60.82,0.89,0
241,1,933.32,473.41,59.74,61.19,0.89,0
242,1,932.48,472.15,60.44,62.03,0.89,0
243,1,932.41,471.51,60.14,61.79,0.88,0
244,1,932.08,471.39,59.88,61.63,0.88,0
245,1,930.56,471.17,59.40,61.04,0.86,0
246,1,929.08,471.27,59.55,61.25,0.81,0
247,1,927.14,470.94,59.83,61.70,0.88,0
248,1,925.32,471.39,59.99,61.72,0.88,0
249,1,923.07,471.67,59.77,61.17,0.88,0
250,1,920.90,471.86,59.83,60.98,0.88,0
251,1,919.45,471.75,60.52,61.53,0.89,0
252,1,918.40,471.85,61.34,62.29,0.89,0
253,1,916.34,471.00,62.24,63.27,0.89,0
254,1,914.05,469.89,62.30,63.77,0.88,0
255,1,912.55,468.70,62.85,64.66,0.88,0
256,1,911.59,468.41,60.50,62.15,0.87,0
257,1,909.63,468.53,59.27,60.60,0.88,0
258,1,905.28,467.05,62.36,63.77,0.87,0
259,1,901.08,467.50,62.10,63.53,0.86,0
260,1,898.56,468.74,60.96,62.30,0.87,0
261,1,895.18,467.91,62.08,63.35,0.88,0
262,1,894.11,468.72,61.51,62.72,0.88,0
263,1,892.33,467.93,61.70,62.85,0.88,0
264,1,889.40,466.83,61.97,63.48,0.87,0
265,1,888.04,467.22,61.52,63.29,0.87,0
266,1,886.80,466.57,61.22,62.87,0.87,0
267,1,885.56,466.92,59.90,61.42,0.89,0
268,1,882.11,466.91,61.61,63.13,0.86,0
269,1,878.48,466.77,62.24,63.97,0.85,0
270,1,875.99,467.70,61.49,63.07,0.86,0
271,1,873.45,468.71,60.40,61.64,0.88,0
272,1,871.11,469.02,60.71,61.86,0.88,0
273,1,869.59,469.05,61.40,62.54,0.88,0
274,1,868.45,468.90,61.93,62.97,0.88,0
275,1,868.29,469.59,60.67,61.58,0.88,0
276,1,867.78,469.79,60.91,61.97,0.88,0
277,1,867.17,469.46,61.72,63.04,0.88,0
278,1,866.58,469.69,61.80,63.38,0.88,0
279,1,865.22,469.33,62.16,64.11,0.88,0
280,1,865.04,469.03,62.31,64.55,0.88,0
281,1,864.41,469.02,61.11,63.31,0.88,0
282,1,861.87,468.81,60.79,63.06,0.88,0
283,1,860.29,468.19,61.82,64.17,0.88,0
284,1,858.21,467.99,62.65,65.12,0.87,0
285,1,856.35,467.68,63.53,66.09,0.86,0
286,1,853.67,468.82,62.20,64.73,0.88,0
286,12,1424.32,661.16,170.71,63.53,0.34,0
287,1,851.56,470.36,61.42,63.61,0.89,0
288,1,849.33,470.96,61.00,62.92,0.88,0
289,1,847.53,471.52,61.01,62.67,0.89,0
290,1,847.09,471.72,60.92,62.44,0.89,0
291,1,846.07,472.11,60.98,62.22,0.89,0
292,1,844.88,472.12,60.39,61.56,0.88,0
293,1,842.88,472.06,59.60,60.84,0.87,0
294,1,842.35,472.06,59.03,60.22,0.88,0
295,1,841.25,471.73,59.59,60.74,0.89,0
296,1,840.20,471.42,59.79,60.78,0.89,0
297,1,839.58,471.31,59.54,60.54,0.89,0
298,1,839.44,471.09,59.48,60.55,0.89,0
299,1,839.43,471.20,59.13,60.25,0.88,0
300,1,839.00,471.35,58.85,60.11,0.88,0
301,1,838.85,471.59,58.57,59.92,0.88,0
302,1,838.66,471.81,58.63,60.07,0.88,0
303,1,837.74,471.66,59.09,60.65,0.88,0
304,1,837.23,471.43,59.44,61.09,0.88,0
305,1,836.97,471.38,59.75,61.50,0.88,0
306,1,837.05,471.31,59.64,61.42,0.88,0
307,1,837.00,471.37,59.56,61.38,0.89,0
308,1,836.96,471.55,59.60,61.47,0.88,0
309,1,836.66,471.57,59.84,61.75,0.89,0
310,1,836.42,471.72,60.00,61.94,0.89,0
311,1,836.28,471.92,60.07,62.02,0.89,0
312,1,836.34,472.08,60.02,61.95,0.89,0
313,1,836.35,472.35,60.01,61.92,0.89,0
314,1,836.41,472.87,59.73,61.52,0.89,0
315,1,836.44,473.64,59.34,60.98,0.89,0
316,1,836.75,474.23,58.96,60.41,0.88,0
317,1,836.82,474.49,58.94,60.21,0.88,0
318,1,837.48,474.93,58.29,59.36,0.89,0
319,1,837.58,475.00,58.52,59.40,0.89,0
320,1,838.31,474.88,58.91,59.70,0.89,0
321,1,839.00,474.79,59.25,59.96,0.89,0
322,1,839.48,475.03,59.54,60.15,0.89,0
323,1,839.91,475.45,59.39,59.91,0.89,0
324,1,839.98,475.69,59.58,60.07,0.89,0
325,1,840.00,475.95,59.69,60.26,0.88,0
326,1,840.60,476.39,59.30,60.03,0.88,0
327,1,841.24,476.57,59.07,59.99,0.87,0
328,1,841.93,476.48,58.64,59.78,0.88,0
329,1,842.22,476.54,58.57,59.93,0.87,0
330,1,842.59,476.31,59.22,60.80,0.87,0
331,1,842.97,475.73,59.58,61.31,0.88,0
332,1,843.36,475.77,59.16,60.98,0.88,0
333,1,843.75,475.80,58.83,60.80,0.88,0
334,1,844.96,475.65,58.94,60.86,0.88,0
335,1,846.44,475.99,59.51,61.26,0.88,0
336,1,847.01,476.52,59.70,61.35,0.89,0
337,1,847.63,476.49,59.44,61.00,0.89,0
338,1,848.36,476.41,59.30,60.69,0.89,0
339,1,848.31,476.45,59.25,60.44,0.89,0
340,1,848.48,476.65,59.09,60.08,0.89,0
341,1,849.04,476.75,59.49,60.28,0.89,0
342,1,849.44,476.84,59.65,60.31,0.89,0
343,1,850.22,476.69,60.40,61.00,0.89,0
344,1,850.43,476.49,61.10,61.63,0.89,0
345,1,850.49,476.33,61.62,62.16,0.89,0
346,1,850.63,476.29,61.63,62.14,0.89,0
347,1,851.17,475.90,61.60,62.18,0.88,0
348,1,852.31,475.46,61.53,62.34,0.88,0
349,1,854.36,475.20,61.06,62.27,0.76,0
350,1,856.66,474.76,61.00,62.22,0.89,0
351,1,858.45,475.07,60.88,61.78,0.88,0
352,1,859.96,476.28,59.50,60.18,0.88,0
353,1,860.62,476.64,58.87,59.21,0.88,0
354,1,860.71,476.97,58.66,58.68,0.88,0
355,1,861.52,477.05,58.67,58.44,0.88,0
356,1,861.57,476.56,59.22,58.90,0.88,0
357,1,862.16,476.70,59.23,58.89,0.87,0
358,1,863.18,476.77,59.67,59.21,0.87,0
359,1,864.37,476.56,60.40,60.07,0.88,0
360,1,865.24,477.12,59.95,59.77,0.88,0
361,1,865.55,477.29,59.75,59.73,0.87,0
362,1,866.56,477.26,59.96,60.09,0.87,0
363,1,867.89,477.19,59.44,59.74,0.88,0
364,1,869.15,476.51,60.67,60.88,0.88,0
365,1,870.73,476.83,60.86,61.14,0.88,0
366,1,870.89,476.26,61.51,61.80,0.89,0
367,1,871.61,476.11,61.01,61.22,0.89,0
368,1,872.37,475.84,60.90,60.88,0.89,0
369,1,874.51,475.51,61.35,61.36,0.89,0
370,1,876.08,474.75,61.63,61.82,0.89,0
371,1,878.49,473.93,62.05,62.37,0.74,0
372,1,880.86,473.30,62.11,62.63,0.90,0
373,1,882.92,472.47,61.93,62.56,0.89,0
374,1,884.58,472.51,61.14,61.88,0.88,0
375,1,886.48,472.09,61.49,62.52,0.88,0
376,1,889.42,472.51,60.62,62.01,0.88,0
377,1,890.67,472.22,60.43,62.09,0.87,0
378,1,893.50,471.99,60.12,61.67,0.88,0
379,1,895.99,471.87,60.64,62.09,0.88,0
380,1,895.85,471.22,60.84,61.95,0.87,0
381,1,897.14,471.36,60.76,61.74,0.87,0
382,1,900.07,471.40,61.07,62.04,0.88,0
383,1,901.51,470.02,62.10,63.25,0.86,0
384,1,902.34,469.05,62.82,64.36,0.60,0
385,1,903.52,468.51,63.40,65.17,0.85,0
386,1,904.74,467.97,63.64,65.40,0.86,0
387,1,905.28,467.87,63.50,65.20,0.87,0
388,1,906.80,468.33,62.82,64.60,0.88,0
389,1,908.91,468.66,61.42,63.06,0.88,0
390,1,911.15,468.88,60.22,61.93,0.88,0
391,1,912.78,468.45,61.04,62.84,0.89,0
392,1,913.78,468.73,60.77,63.00,0.87,0
393,1,915.03,468.96,60.81,63.33,0.88,0
394,1,916.96,468.94,60.28,62.82,0.88,0
395,1,918.19,469.03,60.53,62.81,0.88,0
396,1,919.68,469.37,59.49,61.51,0.87,0
397,1,920.03,469.13,59.98,61.83,0.88,0
398,1,920.94,468.04,60.15,61.85,0.88,0
399,1,922.34,467.58,59.86,61.32,0.89,0
400,1,924.07,467.09,59.37,60.67,0.89,0
401,1,926.34,466.97,58.50,59.73,0.87,0
402,1,927.67,466.53,58.52,59.82,0.55,0
403,1,927.53,465.66,59.04,60.31,0.75,0
404,1,927.91,465.11,59.75,61.10,0.36,0
405,1,928.91,464.27,59.76,61.07,0.60,0
405,20,928.55,464.81,61.19,61.65,0.46,0
406,1,930.02,462.83,60.92,62.29,0.52,0
406,20,929.36,463.33,62.87,63.40,0.43,0
408,1,932.00,463.14,60.57,61.48,0.88,0
409,1,931.82,463.35,60.52,61.00,0.88,0
410,1,931.29,463.59,59.98,60.15,0.89,0
411,1,930.61,463.18,60.63,60.66,0.90,0
412,1,930.24,462.48,61.55,61.66,0.89,0
413,1,929.68,461.97,62.25,62.36,0.88,0
414,1,930.16,461.37,61.80,61.97,0.89,0
415,1,930.74,460.06,60.60,60.60,0.89,0
416,1,930.59,459.23,60.20,59.90,0.89,0
417,1,929.74,458.94,60.32,59.58,0.90,0
418,1,929.02,458.69,61.13,60.03,0.90,0
419,1,928.28,458.07,62.95,61.76,0.89,0
420,1,927.91,457.52,64.19,62.93,0.87,0
421,1,928.04,457.13,64.33,63.06,0.87,0
422,1,928.52,456.82,63.56,62.27,0.86,0
423,1,928.49,456.84,63.12,61.83,0.85,0
424,1,928.52,456.82,62.44,61.03,0.85,0
425,1,928.64,456.73,62.03,60.57,0.86,0
426,1,928.74,456.36,62.19,60.72,0.88,0
427,1,929.18,456.67,61.73,60.27,0.88,0
428,1,929.60,456.47,62.13,60.88,0.87,0
429,1,929.74,456.43,62.40,61.35,0.88,0
430,1,930.02,456.29,62.85,61.92,0.87,0
431,1,930.53,456.37,63.02,62.10,0.88,0
432,1,930.60,456.35,63.31,62.47,0.88,0
433,1,929.83,456.44,64.35,63.67,0.88,0
434,1,929.40,456.62,64.45,63.94,0.88,0
435,1,929.34,456.66,64.30,63.95,0.88,0
436,1,929.66,456.58,64.01,63.77,0.89,0
437,1,929.96,456.36,63.58,63.46,0.88,0
438,1,929.66,456.33,63.25,63.28,0.88,0
439,1,930.04,456.49,62.45,62.54,0.88,0
440,1,930.43,456.81,61.65,61.80,0.88,0
441,1,930.28,456.91,61.26,61.42,0.88,0
442,1,929.19,456.87,62.22,62.46,0.87,0
443,1,929.07,457.28,62.35,62.60,0.86,0
444,1,929.06,457.45,62.45,62.63,0.85,0
445,1,929.35,457.22,62.32,62.35,0.85,0
446,1,929.83,457.12,61.54,61.32,0.86,0
447,1,929.92,456.88,60.81,60.36,0.87,0
448,1,929.22,456.41,61.00,60.22,0.88,0
449,1,928.81,455.53,62.12,60.97,0.89,0
450,1,927.28,454.31,63.62,62.37,0.70,0
451,1,926.21,454.63,62.76,61.73,0.83,0
452,1,925.60,455.12,61.73,60.86,0.86,0
453,1,925.43,455.49,60.66,59.95,0.87,0
454,1,925.96,455.75,59.35,58.83,0.88,0
455,1,926.04,456.14,58.99,58.47,0.84,0
456,1,925.64,456.17,59.19,58.61,0.86,0
457,1,925.75,456.49,58.63,58.01,0.85,0
458,1,924.72,456.37,59.27,58.56,0.84,0
459,1,923.84,456.27,59.61,58.91,0.86,0
460,1,923.29,456.08,59.73,59.01,0.87,0
461,1,923.13,455.84,59.46,58.73,0.85,0
462,1,922.51,455.56,59.69,59.06,0.84,0
463,1,920.90,455.01,60.34,59.65,0.85,0
464,1,920.10,454.82,60.45,59.67,0.88,0
465,1,919.60,455.40,60.41,59.57,0.89,0
466,1,919.33,456.28,60.49,59.73,0.89,0
467,1,917.80,456.45,61.50,60.83,0.90,0
468,1,916.65,456.48,62.11,61.61,0.90,0
469,1,915.81,456.82,62.25,61.97,0.89,0
470,1,914.94,457.14,62.21,62.16,0.89,0
471,1,913.21,457.36,61.84,62.17,0.90,0
472,1,914.03,458.95,59.89,60.23,0.89,0
473,1,912.88,460.44,60.80,61.05,0.90,0
474,1,911.91,461.65,61.62,61.81,0.89,0
475,1,910.62,463.48,60.86,61.14,0.89,0
476,1,909.93,465.29,59.32,59.31,0.72,0
477,1,907.08,466.70,61.95,62.02,0.87,0
478,1,905.21,468.12,63.21,63.45,0.85,0
479,1,903.48,471.55,61.55,62.01,0.83,0
480,1,900.23,474.58,61.71,62.18,0.87,0
481,1,899.53,477.50,59.87,60.41,0.84,0
482,1,897.80,480.54,59.92,60.51,0.87,0
483,1,896.44,484.11,60.47,61.27,0.88,0
484,1,895.72,487.58,60.34,60.99,0.86,0
485,1,894.87,491.36,59.70,60.26,0.88,0
486,1,894.45,494.91,59.38,59.83,0.88,0
487,1,894.00,496.74,59.82,60.25,0.88,0
488,1,892.38,498.97,60.24,60.74,0.88,0
489,1,891.47,501.28,59.11,59.75,0.88,0
490,1,890.66,504.01,57.36,57.98,0.88,0
491,1,889.74,506.26,58.83,59.71,0.88,0
492,1,888.74,508.70,59.72,60.46,0.90,0
493,1,887.67,512.26,59.92,60.55,0.88,0
494,1,886.32,515.25,60.03,60.60,0.88,0
495,1,884.60,518.43,60.21,60.86,0.88,0
496,1,882.87,521.41,60.91,61.60,0.89,0
497,1,880.21,523.83,60.09,60.90,0.88,0
498,1,877.86,524.78,60.36,61.34,0.88,0
499,1,875.65,524.99,60.36,61.07,0.89,0
500,1,874.04,524.97,60.30,60.91,0.89,0
501,1,874.35,525.63,59.52,60.11,0.88,0
502,1,873.64,526.05,58.86,59.39,0.88,0
503,1,872.10,526.29,59.00,59.25,0.88,0
504,1,871.62,526.91,58.83,58.84,0.88,0
505,1,871.49,527.82,59.09,58.98,0.88,0
506,1,870.06,527.70,60.46,60.34,0.87,0
507,1,869.34,527.74,60.87,60.81,0.87,0
508,1,867.78,527.85,61.94,61.97,0.88,0
509,1,866.67,528.14,61.92,62.10,0.88,0
510,1,865.23,528.87,61.60,62.03,0.87,0
511,1,864.47,529.36,61.40,62.14,0.88,0
512,1,864.38,529.76,61.24,62.18,0.88,0
513,1,864.33,529.83,61.57,62.48,0.89,0
514,1,862.73,529.83,61.19,62.06,0.89,0
515,1,860.87,529.91,61.24,62.06,0.88,0
516,1,860.44,530.63,60.13,60.88,0.88,0
517,1,857.51,530.96,59.88,60.59,0.79,0
518,1,855.60,531.91,61.15,62.08,0.54,0
519,1,852.57,533.59,61.79,62.72,0.84,0
520,1,851.54,535.63,60.34,61.14,0.85,0
521,1,848.47,536.29,60.91,61.65,0.84,0
522,1,847.21,536.79,60.74,61.28,0.86,0
523,1,846.24,537.08,60.55,61.02,0.86,0
524,1,845.28,537.15,61.47,61.89,0.87,0
525,1,842.28,538.13,61.33,61.89,0.87,0
526,1,841.24,538.90,61.07,61.87,0.87,0
527,1,840.26,540.40,60.23,61.16,0.87,0
528,1,839.79,541.10,60.17,61.39,0.87,0
529,1,839.55,540.92,60.56,62.03,0.88,0
530,1,840.01,541.07,60.59,62.11,0.88,0
531,1,839.34,539.51,61.16,62.70,0.87,0
532,1,839.45,539.45,59.47,60.83,0.88,0
533,1,840.32,539.61,57.83,59.07,0.87,0
534,1,839.99,538.96,57.61,58.64,0.69,0
535,1,838.94,538.69,58.24,59.13,0.88,0
536,1,838.19,537.53,59.48,60.33,0.89,0
537,1,837.65,536.98,60.10,60.98,0.89,0
538,1,837.95,537.08,59.65,60.68,0.89,0
539,1,838.45,536.71,59.24,60.40,0.89,0
540,1,838.62,535.59,59.44,60.73,0.88,0
541,1,837.86,534.47,59.93,61.25,0.89,0
542,1,837.21,533.26,60.44,61.85,0.89,0
543,1,837.61,532.22,59.81,61.15,0.89,0
544,1,836.23,530.00,61.22,62.71,0.88,0
545,1,837.01,529.63,59.21,60.52,0.88,0
546,1,836.99,527.88,59.21,60.38,0.88,0
547,1,838.46,527.25,57.41,58.28,0.88,0
548,1,838.91,526.04,57.12,57.73,0.89,0
549,1,838.78,525.35,57.10,57.64,0.89,0
550,1,838.80,523.72,57.42,58.02,0.89,0
551,1,837.73,521.86,59.20,59.77,0.88,0
552,1,838.03,520.65,60.47,61.21,0.88,0
552,34,754.59,587.30,32.18,18.91,0.46,0
553,1,839.08,519.91,60.37,61.25,0.88,0
553,34,755.75,588.16,29.71,17.38,0.34,0
554,1,840.46,519.12,59.62,60.52,0.89,0
555,1,840.43,518.18,60.92,62.03,0.88,0
556,1,840.64,518.10,61.08,62.39,0.87,0
557,1,841.10,517.65,61.01,62.61,0.87,0
558,1,842.16,516.89,60.45,62.26,0.87,0
559,1,841.54,514.76,61.73,63.73,0.87,0
560,1,843.00,513.84,62.26,64.16,0.88,0
561,1,845.36,514.02,61.39,63.04,0.88,0
562,1,847.43,513.72,59.84,61.12,0.65,0
563,1,849.17,512.92,59.87,61.15,0.71,0
564,1,849.08,512.11,60.46,61.55,0.75,0
565,1,852.18,512.68,60.02,61.03,0.39,0
566,1,854.65,512.18,60.60,61.85,0.40,0
566,36,856.54,512.17,59.87,61.29,0.41,0
568,1,858.36,509.77,61.07,62.26,0.89,0
569,1,860.71,508.80,61.27,62.58,0.90,0
570,1,863.78,508.36,59.94,61.15,0.90,0
571,1,865.81,507.42,59.16,60.14,0.90,0
572,1,866.58,506.25,59.65,60.90,0.90,0
573,1,867.74,505.50,60.57,61.99,0.89,0
574,1,870.05,504.58,60.75,62.19,0.90,0
575,1,872.21,502.90,59.86,61.01,0.88,0
576,1,874.81,501.65,58.65,59.53,0.89,0
577,1,878.02,499.83,59.51,60.54,0.90,0
578,1,881.42,497.98,60.48,61.45,0.90,0
579,1,884.83,496.30,59.90,61.02,0.89,0
580,1,887.57,495.91,59.72,60.97,0.88,0
581,1,890.50,496.38,58.53,59.73,0.89,0
582,1,891.89,496.14,58.82,59.98,0.88,0
583,1,895.59,496.04,58.73,59.64,0.88,0
584,1,897.85,495.66,59.36,59.94,0.88,0
585,1,900.28,495.09,59.83,60.16,0.88,0
586,1,902.81,493.56,61.45,62.02,0.59,0
587,1,907.86,493.81,59.66,60.13,0.88,0
588,1,910.98,493.28,59.92,60.48,0.88,0
589,1,913.16,493.77,60.70,61.45,0.89,0
590,1,915.35,494.04,59.42,60.25,0.88,0
591,1,918.33,493.50,60.13,60.94,0.88,0
592,1,920.17,492.42,60.47,60.98,0.88,0
593,1,923.09,492.13,60.54,60.82,0.90,0
594,1,926.42,491.37,60.21,60.60,0.69,0
595,1,928.10,490.76,60.28,60.81,0.58,0
596,1,929.76,490.54,59.13,59.67,0.55,0
597,1,930.49,489.58,59.52,60.12,0.87,0
598,1,931.54,487.93,60.82,61.74,0.86,0
599,1,934.36,488.06,60.12,61.10,0.87,0
600,1,936.48,487.67,59.82,60.85,0.89,0
601,1,937.64,485.92,60.75,61.92,0.88,0
602,1,938.62,484.32,61.80,63.27,0.89,0
603,1,941.02,484.08,61.76,63.29,0.89,0
604,1,942.09,483.76,61.70,63.35,0.89,0
605,1,943.09,483.45,60.73,62.45,0.88,0
606,1,944.66,483.03,59.31,60.85,0.88,0
607,1,944.58,482.03,60.12,61.69,0.88,0
608,1,946.38,481.63,60.25,61.70,0.88,0
609,1,948.79,480.79,59.21,60.55,0.88,0
610,1,950.29,479.27,59.77,61.14,0.84,0
611,1,954.60,478.15,60.56,61.51,0.86,0
612,1,956.36,478.45,59.42,60.12,0.86,0
613,1,959.11,478.90,57.51,57.97,0.89,0
614,1,960.16,478.78,56.82,57.16,0.89,0
615,1,960.23,478.72,56.89,57.18,0.88,0
616,1,960.30,478.83,57.23,57.50,0.88,0
617,1,960.75,479.19,57.23,57.47,0.88,0
618,1,961.60,479.44,57.49,57.66,0.89,0
619,1,962.09,479.35,57.82,57.90,0.89,0
620,1,962.09,479.29,57.93,57.93,0.89,0
621,1,961.88,479.27,58.30,58.20,0.89,0
622,1,961.79,479.20,58.41,58.26,0.89,0
623,1,962.87,479.22,58.06,58.00,0.88,0
624,1,964.46,478.68,59.86,59.93,0.87,0
625,1,966.64,479.17,59.57,59.59,0.88,0
626,1,967.71,478.82,59.38,59.27,0.89,0
627,1,969.16,478.39,59.56,59.54,0.86,0
628,1,970.54,478.37,59.39,59.51,0.86,0
629,1,971.23,478.18,59.44,59.55,0.87,0
630,1,971.62,478.26,58.87,59.01,0.86,0
631,1,972.80,478.46,58.69,58.81,0.85,0
632,1,974.27,478.54,58.36,58.51,0.86,0
633,1,974.82,478.02,58.49,58.66,0.87,0
634,1,975.31,477.00,59.34,59.57,0.81,0
635,1,977.94,476.10,60.62,60.71,0.87,0
636,1,979.09,476.21,60.25,60.18,0.88,0
636,42,890.45,537.25,41.11,22.79,0.36,0
637,1,980.78,476.70,59.16,59.04,0.88,0
638,1,982.19,475.86,59.08,59.10,0.88,0
639,1,982.02,474.55,59.69,59.68,0.88,0
639,42,897.51,539.99,34.69,19.24,0.33,0
640,1,982.38,473.32,60.96,61.08,0.89,0
641,1,983.16,472.32,62.06,62.40,0.89,0
642,1,984.48,473.00,60.94,61.53,0.88,0
643,1,986.51,472.38,60.40,61.15,0.89,0
644,1,988.89,471.97,60.39,61.18,0.88,0
645,1,990.13,471.10,62.14,62.91,0.88,0
646,1,991.12,470.18,62.91,63.67,0.88,0
647,1,992.99,470.11,62.46,63.18,0.87,0
648,1,994.95,469.68,62.86,63.51,0.88,0
649,1,997.42,468.75,63.34,64.36,0.83,0
650,1,999.04,467.99,62.53,63.74,0.80,0
651,1,1000.39,467.53,62.02,63.08,0.73,0
652,1,1001.58,466.66,63.03,64.05,0.87,0
653,1,1002.18,466.71,63.41,64.46,0.87,0
654,1,1004.88,467.30,61.12,61.97,0.88,0
655,1,1006.15,466.65,60.71,61.54,0.87,0
656,1,1008.20,466.60,61.11,62.06,0.88,0
657,1,1009.29,467.08,59.67,60.70,0.87,0
658,1,1010.02,466.44,60.15,61.36,0.88,0
659,1,1011.34,466.12,60.91,62.19,0.87,0
660,1,1013.74,466.13,61.19,62.34,0.89,0
661,1,1015.43,466.59,60.74,61.71,0.89,0
662,1,1016.80,466.72,59.89,60.69,0.86,0
663,1,1017.19,466.42,59.23,59.90,0.65,0
664,1,1020.48,466.45,58.31,58.97,0.68,0
664,45,1020.56,466.99,59.18,58.56,0.40,0
665,1,1022.04,466.21,58.57,59.00,0.61,0
665,45,1021.41,466.47,60.14,59.50,0.39,0
666,1,1022.10,465.80,59.11,59.31,0.37,0
666,45,1021.14,465.89,61.08,60.40,0.58,0
667,1,1024.19,465.20,59.99,60.17,0.45,0
667,45,1022.16,464.73,62.35,61.73,0.28,0
668,1,1024.60,464.52,60.75,60.98,0.75,0
669,1,1025.80,463.82,60.58,60.76,0.54,0
670,1,1027.40,462.94,61.93,62.10,0.78,0
671,1,1028.14,463.54,62.26,62.59,0.60,0
672,1,1028.69,464.06,61.68,62.03,0.75,0
673,1,1029.93,464.33,60.75,61.10,0.89,0
674,1,1030.52,464.34,60.74,61.21,0.89,0
675,1,1030.58,464.40,60.57,61.13,0.89,0
676,1,1031.20,464.12,60.97,61.53,0.88,0
677,1,1032.44,463.90,61.46,61.99,0.87,0
678,1,1033.69,462.63,62.04,62.70,0.88,0
679,1,1034.47,461.66,62.38,63.32,0.89,0
680,1,1035.30,461.31,61.73,62.87,0.89,0
681,1,1036.37,461.19,61.62,62.79,0.89,0
682,1,1036.98,461.41,61.63,62.72,0.89,0
683,1,1037.47,461.24,62.10,63.07,0.89,0
684,1,1038.12,461.15,62.20,63.04,0.89,0
685,1,1039.33,461.74,61.41,62.18,0.89,0
686,1,1040.28,462.16,60.80,61.45,0.89,0
687,1,1041.23,462.71,59.95,60.40,0.89,0
688,1,1041.60,463.09,59.87,60.05,0.89,0
689,1,1043.00,463.05,61.24,61.20,0.90,0
690,1,1044.02,462.48,62.85,63.00,0.87,0
691,1,1045.12,461.47,63.90,64.37,0.73,0
692,1,1047.04,460.93,63.14,63.82,0.88,0
693,1,1049.80,460.83,62.31,63.00,0.89,0
694,1,1050.42,460.85,62.21,63.07,0.89,0
695,1,1051.57,460.82,62.12,63.00,0.89,0
696,1,1053.06,460.69,61.95,62.98,0.90,0
697,1,1054.61,460.68,60.94,62.01,0.90,0
698,1,1055.66,460.78,60.59,61.63,0.90,0
699,1,1056.61,460.51,60.51,61.46,0.90,0
700,1,1057.35,460.32,60.44,61.24,0.90,0
701,1,1058.07,459.97,59.61,60.40,0.89,0
702,1,1058.96,459.44,59.74,60.72,0.90,0
703,1,1059.34,459.02,59.24,60.28,0.90,0
704,1,1060.93,459.08,58.69,59.69,0.90,0
705,1,1062.13,459.01,58.59,59.42,0.89,0
706,1,1062.40,458.34,59.68,60.32,0.89,0
707,1,1062.26,457.70,60.70,61.26,0.90,0
708,1,1063.10,457.92,60.84,61.39,0.89,0
709,1,1063.42,457.90,61.36,61.99,0.89,0
710,1,1063.92,457.49,61.61,62.35,0.89,0
711,1,1065.42,457.22,61.04,61.75,0.88,0
712,1,1066.82,456.91,60.23,60.80,0.88,0
713,1,1068.18,457.02,59.13,59.45,0.87,0
714,1,1069.16,455.93,59.51,59.81,0.87,0
715,1,1070.45,455.21,59.86,60.17,0.85,0
716,1,1074.00,454.55,60.40,60.29,0.87,0
717,1,1076.11,453.87,59.35,59.10,0.89,0
718,1,1076.81,453.97,58.80,58.28,0.90,0
719,1,1078.07,453.64,58.38,57.75,0.90,0
720,1,1078.43,452.98,59.19,58.47,0.90,0
721,1,1079.85,453.12,59.21,58.37,0.89,0
722,1,1081.07,453.39,59.34,58.55,0.90,0
723,1,1081.99,453.60,59.02,58.45,0.88,0
724,1,1083.12,453.51,59.06,58.65,0.89,0
725,1,1084.90,453.02,60.04,59.61,0.89,0
726,1,1086.01,452.73,61.44,60.96,0.89,0
727,1,1086.72,453.03,61.36,60.91,0.89,0
727,53,348.40,545.92,61.98,34.00,0.43,0
728,1,1087.06,452.94,61.14,60.77,0.90,0
728,53,349.45,546.30,61.83,33.92,0.44,0
729,1,1087.60,452.61,60.72,60.33,0.90,0
729,53,349.25,545.88,62.37,34.19,0.49,0
730,1,1088.04,452.43,59.92,59.46,0.91,0
730,53,351.15,545.51,59.97,32.74,0.65,0
731,1,1089.82,451.91,60.89,60.18,0.91,0
731,53,352.61,545.02,58.92,31.96,0.65,0
732,1,1090.97,450.78,61.98,61.45,0.89,0
732,53,354.60,544.78,59.08,31.85,0.41,0
733,1,1093.53,450.29,62.03,61.57,0.86,0
733,53,356.19,544.68,60.60,32.54,0.29,0
734,1,1096.29,450.26,61.13,60.61,0.91,0
735,1,1097.56,449.80,61.83,61.26,0.90,0
736,1,1099.86,450.14,61.00,60.39,0.90,0
737,1,1100.89,449.94,61.15,60.45,0.90,0
738,1,1103.24,450.32,60.98,60.24,0.90,0
739,1,1105.47,450.51,61.12,60.70,0.90,0
740,1,1106.66,450.48,61.44,61.10,0.90,0
740,53,369.36,543.71,62.08,33.68,0.39,0
741,1,1108.76,450.51,61.71,61.29,0.90,0
741,53,371.52,543.30,63.31,34.50,0.62,0
742,1,1110.22,450.32,62.19,61.74,0.91,0
742,53,372.79,542.98,64.20,35.29,0.54,0
743,1,1111.21,450.35,62.32,61.85,0.91,0
743,53,375.77,543.41,61.39,33.47,0.55,0
744,1,1111.71,450.75,61.90,61.30,0.91,0
744,53,376.83,543.42,61.02,33.09,0.54,0
745,1,1111.62,451.15,61.21,60.52,0.90,0
745,53,377.29,543.12,61.42,33.22,0.54,0
746,1,1111.64,451.04,61.28,60.40,0.90,0
746,53,378.08,543.46,60.74,32.67,0.55,0
747,1,1112.02,450.69,62.11,60.94,0.90,0
747,53,378.84,544.08,60.01,32.05,0.52,0
748,1,1113.40,450.13,63.37,62.13,0.90,0
748,53,379.87,543.64,62.03,33.14,0.37,0
749,1,1116.26,449.64,63.25,62.39,0.91,0
750,1,1118.60,448.91,63.60,62.66,0.91,0
750,53,383.66,543.38,62.22,33.20,0.31,0
751,1,1120.95,448.76,62.85,62.16,0.91,0
752,1,1122.38,448.13,62.91,62.34,0.90,0
752,58,30.68,450.21,64.70,88.91,0.40,0
753,1,1124.10,448.15,62.14,61.79,0.90,0
754,1,1125.31,448.48,61.12,60.96,0.89,0
755,1,1126.02,448.48,61.39,61.35,0.89,0
756,1,1127.39,449.04,61.45,61.42,0.90,0
757,1,1129.59,449.66,60.97,61.26,0.89,0
758,1,1130.62,449.76,60.93,61.45,0.89,0
758,53,399.45,542.83,58.56,30.79,0.32,0
759,1,1131.26,449.82,61.03,61.73,0.89,0
759,53,399.92,542.76,58.25,30.33,0.38,0
760,1,1131.52,449.69,60.63,61.51,0.89,0
760,53,399.37,542.10,58.97,30.66,0.46,0
761,1,1131.72,449.18,59.59,60.53,0.88,0
761,53,398.85,541.49,59.82,31.10,0.30,0
762,1,1131.98,448.55,59.29,60.14,0.89,0
763,1,1132.01,447.97,59.97,60.67,0.89,0
764,1,1131.21,446.92,61.61,62.30,0.89,0
765,1,1132.01,446.82,61.65,62.36,0.88,0
766,1,1133.19,446.45,62.12,62.80,0.88,0
767,1,1134.26,446.50,61.54,62.15,0.88,0
768,1,1134.97,445.47,60.95,61.54,0.88,0
769,1,1135.49,445.03,60.62,61.14,0.88,0
769,53,399.53,536.03,61.66,31.92,0.35,0
770,1,1136.06,444.31,60.58,61.03,0.89,0
771,1,1136.19,443.47,60.84,61.21,0.90,0
772,1,1136.39,441.68,60.80,61.17,0.76,0
773,1,1136.21,440.26,61.52,61.81,0.84,0
774,1,1136.27,439.91,61.93,62.10,0.86,0
774,53,399.77,530.97,63.86,33.29,0.29,0
775,1,1136.90,439.24,62.59,62.67,0.87,0
776,1,1137.11,438.58,62.19,62.05,0.88,0
776,53,400.99,529.47,62.55,32.52,0.27,0
777,1,1137.78,438.41,61.77,61.50,0.88,0
777,53,401.67,529.22,62.09,32.10,0.49,0
778,1,1137.93,437.70,62.91,62.58,0.89,0
778,53,401.17,528.47,63.05,32.57,0.55,0
779,1,1138.18,437.35,63.62,63.29,0.89,0
779,53,400.75,527.14,64.34,33.42,0.28,0
780,1,1138.47,436.39,63.62,63.45,0.88,0
781,1,1139.74,435.85,61.11,60.82,0.89,0
781,53,402.32,526.10,63.87,33.12,0.31,0
782,1,1138.92,434.18,62.83,62.79,0.88,0
783,1,1138.17,432.35,63.26,63.26,0.86,0
784,1,1138.21,430.74,62.80,62.69,0.87,0
785,1,1138.46,429.48,61.59,61.57,0.87,0
786,1,1138.06,427.84,61.24,61.14,0.89,0
787,1,1137.64,427.49,61.88,61.63,0.90,0
788,1,1137.42,427.15,62.49,62.07,0.90,0
789,1,1137.71,426.54,62.86,62.21,0.90,0
790,1,1137.47,426.06,63.36,62.41,0.90,0
790,53,403.07,517.71,60.32,30.81,0.38,0
791,1,1136.03,424.69,64.49,63.52,0.89,0
792,1,1136.24,423.45,64.66,63.70,0.89,0
793,1,1136.25,422.96,63.80,62.79,0.88,0
794,1,1136.12,422.18,64.34,63.27,0.89,0
795,1,1135.82,421.78,64.78,63.71,0.88,0
796,1,1135.29,421.53,65.01,64.03,0.88,0
797,1,1134.73,421.03,64.77,63.97,0.88,0
798,1,1134.31,419.20,64.70,63.96,0.88,0
799,1,1134.79,417.91,63.42,62.80,0.89,0
800,1,1135.40,416.89,62.12,61.55,0.81,0
801,1,1135.43,416.86,61.11,60.47,0.85,0
802,1,1135.18,416.64,61.42,60.77,0.80,0
803,1,1134.93,415.92,62.13,61.56,0.85,0
804,1,1134.55,414.39,63.41,62.99,0.89,0
805,1,1133.58,412.99,63.79,63.33,0.90,0
806,1,1133.52,411.84,64.39,64.13,0.89,0
807,1,1133.41,410.94,63.56,63.45,0.89,0
808,1,1133.08,409.67,62.62,62.44,0.90,0
809,1,1132.12,408.46,63.74,63.70,0.90,0
810,1,1131.55,407.70,63.90,64.11,0.90,0
811,1,1131.11,407.33,62.01,62.34,0.90,0
812,1,1129.62,407.24,61.01,61.44,0.90,0
813,1,1128.80,407.23,60.40,60.92,0.90,0
814,1,1128.30,407.13,59.86,60.23,0.90,0
815,1,1127.40,406.33,59.71,59.94,0.90,0
816,1,1126.31,406.47,58.70,58.85,0.90,0
817,1,1125.86,406.02,58.50,58.24,0.90,0
818,1,1124.03,405.61,59.52,58.96,0.91,0
819,1,1123.12,404.80,60.87,59.83,0.90,0
820,1,1119.61,404.78,60.60,59.71,0.90,0
821,1,1116.17,404.74,60.53,59.46,0.90,0
822,1,1113.15,404.68,60.63,59.35,0.91,0
823,1,1111.49,405.16,60.71,59.37,0.92,0
824,1,1110.01,405.36,61.57,60.21,0.91,0
825,1,1107.77,405.34,60.49,59.19,0.91,0
826,1,1105.46,405.44,60.02,58.70,0.91,0
827,1,1102.43,405.12,59.52,58.18,0.90,0
828,1,1100.12,404.99,59.93,58.35,0.91,0
829,1,1095.80,403.77,61.24,59.90,0.75,0
830,1,1091.50,404.12,61.40,60.17,0.90,0
831,1,1088.25,405.19,60.55,59.33,0.91,0
832,1,1083.84,405.38,59.86,58.77,0.90,0
833,1,1079.28,404.86,60.18,58.88,0.90,0
834,1,1075.24,403.99,61.79,60.15,0.91,0
835,1,1069.90,405.14,61.07,59.45,0.90,0
836,1,1064.18,405.71,61.27,59.61,0.89,0
837,1,1060.59,406.77,62.56,60.87,0.91,0
838,1,1056.74,408.00,62.66,61.46,0.90,0
839,1,1054.51,409.80,62.42,61.26,0.89,0
840,1,1050.30,410.04,62.67,61.45,0.90,0
841,1,1048.60,411.05,61.70,60.52,0.90,0
842,1,1044.86,412.98,63.66,62.68,0.86,0
843,1,1041.35,414.40,62.64,61.61,0.89,0
844,1,1039.31,415.81,62.30,61.47,0.88,0
845,1,1037.27,415.97,63.06,62.32,0.83,0
846,1,1034.76,416.20,62.33,61.85,0.87,0
847,1,1032.66,417.42,61.66,61.60,0.90,0
848,1,1031.00,417.72,62.69,62.69,0.89,0
849,1,1028.69,418.03,62.80,62.81,0.87,0
850,1,1027.84,419.18,61.59,61.46,0.89,0
851,1,1026.42,420.57,61.77,61.88,0.89,0
852,1,1026.06,420.92,61.93,62.22,0.89,0
853,1,1025.45,420.98,62.57,63.18,0.88,0
854,1,1024.72,420.87,63.38,64.21,0.87,0
855,1,1024.60,421.39,63.01,63.86,0.88,0
856,1,1024.35,421.50,62.73,63.48,0.89,0
857,1,1023.71,420.90,63.11,63.75,0.89,0
858,1,1023.26,420.25,63.55,64.17,0.90,0
859,1,1021.83,420.25,62.98,63.85,0.89,0
860,1,1020.18,421.06,62.72,63.53,0.90,0
861,1,1017.94,421.50,62.67,63.32,0.90,0
862,1,1015.64,420.99,63.07,63.72,0.89,0
863,1,1013.89,421.17,63.89,64.68,0.89,0
864,1,1012.33,420.99,64.08,64.98,0.89,0
865,1,1011.67,420.85,63.72,64.75,0.89,0
866,1,1011.24,420.75,62.91,63.98,0.89,0
867,1,1011.69,420.68,61.35,62.32,0.88,0
868,1,1010.39,420.20,61.60,62.74,0.88,0
869,1,1008.60,419.58,61.85,63.20,0.88,0
870,1,1007.21,418.81,62.05,63.43,0.88,0
871,1,1006.72,418.57,61.49,62.68,0.88,0
872,1,1005.26,417.73,61.83,62.98,0.88,0
873,1,1004.74,418.13,61.13,62.22,0.88,0
874,1,1004.83,418.69,60.27,61.16,0.89,0
875,1,1004.80,418.91,60.10,60.72,0.88,0
876,1,1004.26,419.47,60.23,60.73,0.88,0
877,1,1002.21,419.92,61.81,62.26,0.88,0
878,1,1001.12,419.78,62.38,62.75,0.89,0
879,1,1000.53,418.57,63.00,63.17,0.89,0
880,1,1000.38,418.98,62.90,62.92,0.89,0
881,1,999.43,419.33,63.73,64.10,0.85,0
882,1,998.35,419.83,63.23,63.93,0.86,0
883,1,997.47,420.04,62.72,63.53,0.88,0
884,1,997.02,420.22,62.58,63.33,0.88,0
885,1,996.71,420.73,61.61,62.18,0.88,0
886,1,996.34,420.83,61.26,61.64,0.88,0
887,1,995.74,421.04,62.27,62.75,0.89,0
888,1,993.61,421.51,62.97,63.31,0.89,0
889,1,992.51,422.57,62.47,62.73,0.89,0
890,1,991.76,423.32,61.72,61.86,0.89,0
891,1,990.72,423.21,62.03,62.05,0.89,0
892,1,990.86,423.31,61.77,61.69,0.89,0
893,1,990.60,423.17,62.31,62.14,0.89,0
894,1,990.17,422.73,63.34,63.20,0.89,0
895,1,989.25,421.95,64.56,64.59,0.89,0
896,1,988.03,421.52,64.43,64.53,0.89,0
897,1,986.87,421.21,64.56,64.91,0.89,0
898,1,985.52,420.97,64.11,64.99,0.88,0
899,1,985.06,420.93,63.16,64.48,0.88,0
900,1,984.94,419.59,63.21,64.91,0.89,0
901,1,984.75,419.64,62.20,64.07,0.88,0
902,1,983.99,418.86,61.89,63.76,0.88,0
903,1,983.22,417.92,62.25,63.95,0.88,0
904,1,983.34,416.92,62.31,63.89,0.88,0
905,1,983.35,416.12,60.70,62.06,0.89,0
906,1,982.52,415.53,61.06,62.40,0.69,0
907,1,982.56,414.76,60.57,61.63,0.90,0
908,1,982.93,412.83,59.35,60.05,0.90,0
909,1,981.61,408.53,59.90,60.41,0.90,0
910,1,980.94,403.13,60.45,60.87,0.90,0
911,1,981.39,395.53,60.63,61.07,0.91,0
912,1,980.31,386.95,60.80,60.99,0.90,0
913,1,980.22,374.83,61.60,61.74,0.89,0
914,1,979.79,362.59,61.12,61.05,0.90,0
915,1,980.52,352.20,60.64,60.56,0.89,0
916,1,980.25,340.46,61.96,61.78,0.90,0
917,1,980.48,326.02,61.91,61.77,0.90,0
