0,1,770.25,506.04,30.10,29.65,0.35,0
0,2,38.88,450.97,50.63,46.24,0.27,0
1,1,770.49,505.20,30.14,29.71,0.36,0
1,2,37.79,449.85,52.57,48.02,0.37,0
2,2,35.65,447.80,56.10,51.29,0.47,0
3,2,35.46,446.31,57.79,52.89,0.57,0
4,2,36.67,446.52,57.42,52.66,0.43,0
5,2,38.42,446.24,57.19,52.57,0.30,0
6,2,39.36,444.79,58.03,53.53,0.57,0
7,2,40.67,444.21,57.48,53.20,0.74,0
8,2,43.82,443.68,57.32,52.94,0.64,0
9,2,46.30,444.02,56.54,52.09,0.83,0
10,2,48.20,444.36,55.66,51.14,0.85,0
10,5,649.97,447.05,28.42,40.71,0.48,0
11,2,53.91,445.04,55.44,50.80,0.83,0
11,5,654.25,446.52,29.18,41.75,0.37,0
12,2,56.95,444.98,55.15,50.39,0.69,0
13,2,59.55,444.48,55.30,50.25,0.56,0
13,5,660.08,448.28,28.70,41.15,0.28,0
14,2,61.70,443.54,54.81,49.96,0.40,0
15,2,63.84,442.57,55.38,50.74,0.48,0
16,2,69.06,441.96,54.84,49.98,0.68,0
17,2,72.52,442.18,55.16,50.12,0.61,0
17,5,669.36,445.56,29.34,42.21,0.31,0
18,2,76.14,441.30,55.68,50.38,0.60,0
19,2,79.80,440.62,55.36,50.15,0.70,0
19,5,674.49,442.10,29.87,43.07,0.43,0
20,2,84.24,440.23,53.27,48.20,0.61,0
20,5,676.62,439.35,31.13,44.88,0.63,0
21,2,87.82,440.06,52.57,47.86,0.74,0
21,5,679.34,438.70,31.40,45.34,0.61,0
22,2,92.26,439.06,53.69,49.03,0.44,0
22,5,683.05,437.82,32.19,46.97,0.33,0
23,2,97.91,439.24,53.38,48.44,0.57,0
23,5,686.86,439.56,29.68,43.01,0.36,0
24,2,102.18,439.20,53.86,48.54,0.76,0
25,2,107.83,438.68,51.37,45.96,0.74,0
25,17,693.23,482.60,31.36,39.99,0.50,0
25,5,696.62,441.47,26.59,38.08,0.40,0
26,2,110.89,438.88,52.04,46.64,0.81,0
26,17,698.07,482.14,29.34,37.31,0.46,0
26,5,699.80,438.13,29.50,41.97,0.62,0
27,2,114.08,436.82,55.34,50.22,0.45,0
27,17,702.24,482.79,28.05,35.51,0.39,0
27,5,702.33,437.22,31.36,44.62,0.54,0
28,2,120.86,437.33,54.39,49.33,0.69,0
28,17,706.51,481.49,30.71,38.94,0.32,0
28,5,706.98,435.00,31.46,45.18,0.34,0
29,2,126.53,436.64,53.87,48.84,0.71,0
29,17,710.37,478.63,31.63,40.14,0.50,0
29,5,711.17,434.33,30.87,44.37,0.26,0
30,2,132.80,436.14,52.61,47.74,0.69,0
30,17,715.34,477.50,33.26,42.42,0.52,0
31,2,141.03,435.98,53.26,47.89,0.62,0
31,17,720.53,478.07,32.77,41.74,0.68,0
31,5,720.98,434.55,30.08,42.99,0.44,0
32,2,150.11,436.01,53.40,47.82,0.65,0
32,17,728.43,478.41,32.64,41.56,0.41,0
32,5,729.80,434.45,29.65,42.26,0.44,0
33,2,156.60,434.66,54.07,48.60,0.80,0
33,17,733.93,477.75,31.08,39.45,0.51,0
33,5,735.04,435.16,28.82,40.79,0.71,0
33,22,58.00,411.53,47.38,64.45,0.50,0
34,2,163.00,434.74,52.64,47.40,0.83,0
34,17,740.51,476.42,30.63,38.79,0.48,0
34,5,741.25,435.54,28.38,40.10,0.44,0
35,2,168.76,433.97,53.04,47.44,0.67,0
35,17,744.43,476.25,31.55,40.02,0.48,0
35,5,745.70,435.57,28.32,39.85,0.36,0
36,2,172.68,433.73,52.90,47.24,0.54,0
36,17,747.67,475.72,31.91,40.22,0.72,0
36,5,749.35,434.83,28.59,39.68,0.64,0
37,2,176.31,432.42,53.81,47.75,0.78,0
37,17,749.51,476.60,31.72,39.87,0.60,0
37,5,751.77,434.31,28.85,39.55,0.61,0
38,2,181.72,432.44,52.99,46.93,0.82,0
38,5,755.13,433.67,29.78,40.57,0.38,0
39,2,186.34,432.69,52.40,46.61,0.83,0
39,5,758.84,434.12,29.50,40.25,0.51,0
40,2,191.78,433.00,52.72,46.38,0.77,0
40,5,761.58,433.64,29.83,40.67,0.63,0
40,17,760.83,474.89,30.88,38.60,0.32,0
41,2,194.56,432.65,53.22,46.37,0.69,0
41,5,765.63,433.32,29.37,40.13,0.56,0
41,17,765.26,474.21,30.54,38.36,0.36,0
42,2,196.34,432.82,54.42,47.21,0.64,0
42,5,767.80,433.98,28.95,39.60,0.59,0
42,17,767.40,474.14,31.21,39.45,0.40,0
43,2,198.99,432.73,53.74,46.58,0.65,0
43,5,769.77,434.18,28.60,39.09,0.36,0
43,17,769.24,473.32,32.47,41.18,0.41,0
44,2,200.60,432.01,53.92,46.92,0.67,0
44,5,772.91,434.24,28.17,38.26,0.72,0
44,17,771.32,473.69,32.05,40.50,0.67,0
45,2,203.88,432.22,52.54,45.59,0.71,0
45,5,774.19,433.76,28.81,38.91,0.70,0
45,17,772.40,474.37,31.87,40.01,0.71,0
45,25,106.72,409.14,42.30,64.72,0.51,0
46,2,207.23,433.10,52.25,45.44,0.77,0
46,5,775.47,433.40,28.88,38.66,0.64,0
46,17,773.19,475.08,31.87,39.71,0.55,0
47,2,210.39,432.98,52.09,45.36,0.77,0
47,5,776.47,432.83,30.20,40.15,0.51,0
48,2,214.91,433.36,52.82,45.55,0.69,0
48,5,779.27,432.65,31.36,41.77,0.52,0
49,2,218.13,432.92,53.77,46.01,0.48,0
49,5,782.01,432.83,31.02,41.36,0.58,0
50,2,219.48,433.38,54.47,46.52,0.33,0
50,5,784.81,432.38,31.06,41.52,0.49,0
51,2,222.73,432.95,53.51,45.93,0.62,0
51,5,788.30,432.58,30.56,40.95,0.47,0
51,17,788.55,474.55,31.98,40.29,0.26,0
52,2,224.72,432.35,52.94,45.67,0.73,0
52,17,791.36,473.99,32.37,41.12,0.27,0
53,2,228.81,432.76,51.79,44.70,0.62,0
53,17,793.69,473.47,32.37,41.30,0.26,0
53,5,794.49,433.06,29.46,39.50,0.35,0
54,2,232.34,433.70,51.65,44.93,0.66,0
54,17,795.34,472.87,32.41,41.12,0.47,0
54,5,796.19,431.40,30.29,40.36,0.61,0
55,2,235.66,433.30,51.94,45.55,0.70,0
55,5,798.41,431.69,29.91,39.47,0.54,0
56,2,239.23,433.00,52.75,46.09,0.57,0
56,5,799.96,431.16,30.82,40.42,0.32,0
57,2,242.28,432.47,52.89,46.25,0.67,0
58,2,245.28,431.01,53.56,47.01,0.80,0
58,17,808.07,470.07,32.41,41.65,0.36,0
58,5,807.86,429.48,30.63,40.18,0.31,0
59,2,248.06,430.80,52.48,46.28,0.75,0
59,26,154.82,408.88,42.42,63.00,0.44,0
59,17,812.43,471.17,30.75,39.58,0.54,0
59,5,812.01,429.53,30.57,40.27,0.44,0
60,2,254.23,432.28,50.29,44.36,0.65,0
60,17,815.00,472.23,31.10,40.53,0.28,0
60,5,814.60,430.45,31.30,41.64,0.36,0
61,2,258.94,432.49,50.72,44.72,0.62,0
61,17,817.95,471.01,31.85,41.46,0.42,0
61,5,818.46,429.96,30.29,39.99,0.60,0
62,2,264.68,432.56,50.72,44.35,0.55,0
62,5,822.05,430.32,29.23,38.42,0.41,0
63,2,268.11,432.09,51.05,44.72,0.63,0
64,2,272.38,431.01,51.08,45.06,0.78,0
65,2,280.32,432.62,47.93,42.28,0.65,0
65,28,930.79,511.86,43.81,47.91,0.51,0
66,2,286.16,431.38,51.38,45.21,0.63,0
67,2,291.78,430.22,53.33,47.10,0.79,0
68,2,303.56,432.17,49.25,43.52,0.64,0
69,2,314.59,431.99,49.97,44.40,0.55,0
70,2,327.33,433.08,47.01,41.68,0.67,0
71,2,337.93,432.21,49.67,44.00,0.59,0
71,34,977.80,507.37,57.08,50.01,0.56,0
72,2,347.73,432.41,47.93,42.63,0.64,0
73,2,359.35,432.19,50.64,44.55,0.42,0
73,34,996.19,509.01,55.34,48.66,0.55,0
74,2,366.41,431.83,51.35,45.47,0.58,0
74,34,1004.62,507.62,55.02,48.30,0.46,0
75,2,375.50,433.00,48.25,42.67,0.30,0
75,34,1011.02,507.79,55.85,49.23,0.27,0
76,2,381.16,432.76,48.47,43.04,0.75,0
76,34,1019.19,508.15,52.80,46.57,0.38,0
77,2,388.61,432.95,50.30,44.32,0.35,0
77,34,1023.30,508.60,54.56,48.47,0.60,0
78,2,392.54,433.10,51.11,45.41,0.38,0
78,34,1028.33,506.20,54.79,49.00,0.69,0
79,2,394.81,432.36,51.76,46.16,0.67,0
79,34,1031.89,506.87,53.86,48.09,0.34,0
80,2,399.95,433.46,49.05,43.76,0.41,0
81,2,404.62,434.31,47.49,42.36,0.49,0
81,34,1037.76,507.55,54.11,48.65,0.36,0
82,2,406.97,433.92,47.76,42.65,0.67,0
82,34,1042.93,507.03,51.01,45.94,0.33,0
83,2,410.29,433.24,49.78,44.29,0.38,0
83,34,1046.07,507.72,50.33,45.40,0.60,0
84,34,1047.54,507.89,54.20,49.25,0.50,0
85,34,1051.67,506.23,54.70,50.26,0.61,0
85,2,416.50,432.91,50.13,44.86,0.57,0
86,34,1056.90,507.00,51.71,47.26,0.34,0
86,2,421.05,432.85,48.51,43.80,0.54,0
87,34,1061.44,506.56,50.94,46.53,0.30,0
87,2,428.06,434.05,46.48,41.85,0.42,0
87,45,963.33,423.43,31.14,40.60,0.63,0
88,34,1068.35,506.17,49.54,45.38,0.30,0
88,2,430.48,433.71,48.18,43.49,0.38,0
88,45,965.57,421.82,32.04,41.77,0.43,0
89,34,1071.30,505.15,51.59,47.45,0.67,0
89,2,438.11,433.47,49.54,44.29,0.42,0
90,34,1073.45,505.27,53.26,49.47,0.53,0
90,2,441.22,433.03,49.26,44.31,0.73,0
91,34,1082.32,505.97,50.27,46.54,0.37,0
91,2,446.32,433.31,47.48,42.85,0.51,0
92,2,452.61,433.85,46.52,42.09,0.47,0
93,2,456.38,433.23,48.86,44.09,0.56,0
93,50,990.35,422.96,30.53,39.89,0.49,0
93,34,1091.11,505.88,48.06,44.63,0.41,0
94,2,462.62,433.49,49.65,44.43,0.34,0
94,50,990.66,421.58,32.42,42.37,0.37,0
94,34,1095.23,505.64,48.56,45.20,0.67,0
95,2,465.11,433.13,49.65,44.67,0.68,0
95,50,996.61,423.39,31.64,41.49,0.37,0
95,34,1096.83,505.35,51.65,48.65,0.71,0
96,2,468.62,432.95,48.39,43.81,0.72,0
96,34,1098.99,505.03,52.70,50.20,0.61,0
97,2,473.67,433.41,47.58,43.08,0.46,0
97,34,1106.61,505.96,48.94,46.17,0.48,0
97,50,1003.98,423.78,31.91,41.86,0.41,0
98,2,477.26,433.42,48.07,43.59,0.77,0
98,50,1008.26,421.39,32.34,42.45,0.60,0
99,2,481.66,432.91,49.59,44.67,0.44,0
99,50,1013.50,423.00,30.10,39.46,0.62,0
99,34,1107.80,504.37,50.52,47.29,0.39,0
100,2,486.01,433.09,50.83,45.43,0.39,0
100,50,1015.45,420.85,31.91,42.01,0.30,0
100,34,1115.41,505.09,47.81,45.01,0.34,0
101,2,488.28,432.37,51.38,46.11,0.68,0
101,34,1120.25,504.39,50.19,48.02,0.54,0
102,2,491.77,432.20,50.50,45.52,0.73,0
102,34,1123.38,504.70,50.88,49.03,0.72,0
103,2,497.74,433.23,49.50,44.40,0.71,0
103,34,1130.04,505.78,48.01,45.90,0.50,0
104,2,501.47,433.15,49.49,44.79,0.56,0
104,34,1130.29,505.87,49.87,47.17,0.35,0
104,50,1035.41,421.79,30.49,40.14,0.53,0
105,2,508.53,433.73,50.29,45.25,0.44,0
105,34,1138.08,505.50,48.53,45.86,0.50,0
105,50,1038.57,421.59,30.84,40.59,0.55,0
106,2,513.47,433.47,50.24,45.56,0.30,0
106,34,1144.53,504.39,49.02,46.70,0.52,0
107,2,518.67,433.96,48.71,44.41,0.58,0
107,34,1147.90,503.57,51.01,49.01,0.62,0
107,50,1047.81,424.17,29.80,39.22,0.28,0
108,2,523.92,433.46,48.71,44.71,0.76,0
108,50,1052.27,422.98,31.46,41.71,0.51,0
109,2,529.42,434.12,48.92,44.89,0.65,0
109,50,1059.01,423.01,30.22,39.70,0.61,0
109,60,1057.92,463.18,30.50,41.60,0.49,0
110,2,534.50,434.05,50.20,46.15,0.61,0
110,50,1061.94,419.55,32.42,42.66,0.66,0
110,60,1061.43,464.65,30.22,41.16,0.31,0
110,34,1166.68,503.55,46.65,44.89,0.37,0
111,2,539.70,433.93,49.17,45.47,0.37,0
111,50,1067.71,421.12,31.73,42.27,0.29,0
111,34,1170.77,504.56,47.64,46.37,0.44,0
112,2,545.94,434.20,49.18,45.48,0.74,0
112,34,1175.59,502.43,46.46,45.16,0.42,0
113,2,552.15,434.14,49.74,45.87,0.26,0
113,50,1077.76,423.44,31.14,41.74,0.29,0
114,2,557.90,434.21,50.28,46.19,0.60,0
114,50,1084.60,422.08,30.49,40.87,0.64,0
115,2,563.01,434.49,49.08,45.34,0.30,0
115,50,1087.15,418.20,32.99,44.40,0.50,0
115,34,1193.39,504.52,43.23,41.68,0.74,0
116,2,569.16,434.79,48.16,44.48,0.65,0
116,50,1094.23,421.74,30.72,41.66,0.36,0
116,34,1196.32,503.84,46.91,45.69,0.62,0
117,2,573.33,434.77,48.31,44.83,0.79,0
117,50,1099.08,421.96,31.60,43.14,0.32,0
117,34,1201.82,503.66,46.27,44.87,0.58,0
117,64,1100.18,463.03,29.40,39.47,0.48,0
118,2,578.93,434.78,48.99,45.29,0.54,0
118,50,1104.07,422.83,30.73,42.12,0.31,0
118,34,1204.25,503.72,48.06,46.33,0.54,0
118,64,1101.98,462.18,31.65,42.54,0.47,0
119,2,583.55,434.64,49.60,45.61,0.55,0
119,50,1108.03,418.59,32.09,43.89,0.76,0
119,34,1212.32,503.51,45.94,44.19,0.26,0
120,50,1111.35,416.07,33.31,45.80,0.36,0
120,34,1218.92,504.13,43.62,42.21,0.54,0
120,64,1111.47,463.64,30.02,40.28,0.35,0
121,50,1117.00,417.09,32.51,45.11,0.39,0
121,34,1219.57,501.52,48.22,46.99,0.54,0
121,64,1118.66,462.55,29.09,39.06,0.51,0
121,2,592.68,434.59,48.05,44.33,0.64,0
122,34,1223.53,501.27,47.64,46.40,0.27,0
122,2,596.89,434.00,48.36,44.85,0.70,0
123,34,1229.40,502.98,47.49,45.85,0.39,0
123,2,602.86,434.28,47.81,44.24,0.40,0
124,2,607.52,433.94,49.45,45.84,0.56,0
124,50,1132.24,417.04,31.80,43.97,0.72,0
125,2,611.48,433.15,49.56,45.91,0.54,0
125,50,1135.34,415.46,33.23,45.95,0.39,0
126,2,616.75,433.59,47.65,44.33,0.45,0
126,68,2.68,206.96,18.43,71.82,0.70,0
126,34,1243.00,501.74,49.80,48.07,0.38,0
127,2,621.42,433.76,46.83,43.58,0.64,0
127,68,7.28,208.77,17.82,68.07,0.80,0
128,2,627.27,433.79,46.76,42.99,0.53,0
128,68,9.95,210.51,17.74,65.48,0.79,0
128,50,1149.51,416.59,33.77,47.30,0.25,0
128,34,1252.36,503.26,46.96,44.73,0.38,0
129,2,632.88,433.30,48.06,43.99,0.52,0
129,68,12.53,210.94,19.16,67.17,0.79,0
129,50,1154.69,413.58,33.12,45.90,0.66,0
129,34,1261.19,502.06,44.56,42.80,0.32,0
130,2,637.40,432.88,47.11,43.26,0.72,0
130,68,14.76,210.32,21.57,70.84,0.61,0
130,50,1160.77,412.30,33.65,46.95,0.42,0
130,34,1266.63,500.86,44.07,42.97,0.39,0
131,68,17.43,210.47,22.97,68.86,0.87,0
131,34,1270.13,499.35,45.83,45.21,0.31,0
132,68,19.87,210.99,26.14,70.94,0.90,0
132,72,1170.62,458.18,33.93,41.30,0.49,0
133,68,21.91,211.43,29.46,71.76,0.89,0
133,72,1176.59,457.55,32.57,39.61,0.42,0
133,2,656.62,433.18,48.45,44.28,0.42,0
133,50,1178.36,411.71,32.26,44.51,0.49,0
133,34,1286.56,498.71,44.36,44.01,0.55,0
134,68,24.51,211.52,33.11,71.53,0.79,0
134,2,661.96,433.26,46.09,42.28,0.70,0
134,50,1184.73,410.95,33.12,45.91,0.40,0
134,34,1291.75,499.55,44.13,44.27,0.41,0
135,68,26.56,212.34,37.48,71.75,0.87,0
135,2,668.87,433.60,44.90,41.20,0.43,0
136,68,27.89,213.40,42.24,71.93,0.73,0
136,2,673.14,432.40,47.51,43.60,0.26,0
136,72,1196.92,453.71,34.32,41.92,0.60,0
137,68,29.01,214.99,46.83,71.05,0.87,0
137,2,679.52,433.17,47.84,43.68,0.36,0
137,72,1202.69,454.68,32.59,39.71,0.61,0
137,50,1203.63,410.51,31.26,42.83,0.67,0
137,34,1312.63,498.73,42.14,42.68,0.34,0
138,68,29.38,216.28,51.02,69.33,0.89,0
138,2,683.07,432.93,48.25,44.16,0.63,0
138,72,1205.70,454.52,32.64,39.71,0.44,0
138,50,1205.76,409.78,32.14,43.23,0.56,0
139,68,30.05,217.03,55.96,68.45,0.89,0
139,2,689.26,433.48,46.31,42.53,0.48,0
139,72,1210.92,454.58,32.54,39.51,0.30,0
139,50,1211.15,409.72,31.82,42.67,0.37,0
140,68,29.84,216.71,61.48,68.39,0.88,0
140,2,693.76,433.68,46.24,42.32,0.48,0
140,72,1217.46,453.64,32.41,39.27,0.40,0
140,50,1217.44,410.37,31.63,42.02,0.50,0
141,68,30.24,217.60,67.35,68.59,0.87,0
141,72,1222.34,453.80,32.07,38.97,0.35,0
141,50,1221.14,410.32,32.14,42.81,0.42,0
142,68,31.64,218.16,72.52,68.60,0.58,0
142,72,1227.02,452.88,32.11,38.80,0.45,0
142,50,1226.95,410.72,31.10,41.07,0.57,0
143,68,36.57,218.56,76.63,68.22,0.89,0
143,72,1229.82,453.23,31.70,38.04,0.44,0
143,50,1230.15,409.62,31.48,41.28,0.57,0
143,34,1337.87,487.47,52.42,53.78,0.53,0
143,2,706.45,432.80,46.68,42.93,0.77,0
144,68,41.93,219.28,80.17,67.98,0.82,0
144,50,1234.09,409.07,32.30,42.21,0.53,0
144,34,1339.78,487.16,52.38,54.01,0.28,0
144,2,712.08,433.44,44.82,41.46,0.66,0
145,68,46.03,220.34,83.36,67.41,0.87,0
145,50,1239.56,409.67,31.60,41.26,0.40,0
145,2,716.94,433.72,44.11,40.85,0.36,0
146,68,49.44,221.44,85.30,65.75,0.79,0
146,50,1244.72,409.91,30.65,40.11,0.44,0
146,2,719.53,433.38,45.21,42.04,0.61,0
146,72,1244.60,450.91,33.21,40.37,0.33,0
147,68,54.57,223.37,86.72,64.20,0.82,0
147,50,1249.71,410.45,30.28,39.79,0.36,0
147,72,1249.29,450.42,33.63,40.83,0.59,0
148,68,60.00,225.00,88.36,63.12,0.87,0
148,50,1253.38,410.36,29.95,39.01,0.67,0
148,72,1251.99,451.65,33.22,40.15,0.64,0
148,34,1360.57,485.85,52.31,54.17,0.67,0
148,2,728.32,432.68,47.22,43.80,0.66,0
149,68,63.90,225.41,91.01,63.02,0.88,0
149,50,1255.73,409.81,31.08,40.01,0.57,0
149,34,1363.88,487.19,51.23,52.78,0.75,0
149,2,732.63,432.51,45.98,42.81,0.76,0
150,68,67.40,225.23,94.99,63.83,0.81,0
150,50,1260.75,408.95,32.35,41.76,0.52,0
150,2,737.52,432.60,44.89,42.12,0.66,0
151,68,70.61,225.13,98.71,64.97,0.70,0
151,50,1266.71,408.25,31.66,41.24,0.48,0
151,2,741.80,433.31,44.99,42.10,0.66,0
151,72,1267.02,450.59,32.70,40.01,0.31,0
152,68,76.00,226.19,99.80,64.49,0.85,0
152,50,1270.42,409.55,32.39,42.44,0.33,0
152,34,1381.17,484.48,52.19,53.99,0.37,0
153,68,81.01,227.26,100.62,63.98,0.87,0
153,50,1275.35,408.74,31.55,41.08,0.58,0
153,34,1385.38,483.79,52.69,54.55,0.79,0
153,2,752.43,433.26,46.40,43.19,0.36,0
153,72,1274.19,449.99,34.30,41.80,0.58,0
154,68,85.74,227.67,104.50,65.73,0.77,0
154,50,1279.10,408.25,31.71,40.98,0.44,0
154,34,1387.87,485.00,52.64,54.63,0.66,0
154,2,756.27,433.18,45.23,42.27,0.72,0
155,68,93.06,228.44,104.46,65.02,0.87,0
155,50,1285.05,408.04,32.30,41.88,0.41,0
155,2,761.79,432.92,44.94,42.23,0.64,0
156,68,101.02,229.21,102.61,62.88,0.86,0
156,50,1290.33,407.77,32.06,41.63,0.41,0
156,2,765.92,432.99,45.60,42.86,0.79,0
157,68,106.38,228.83,104.19,63.13,0.86,0
157,34,1406.24,484.03,54.51,56.77,0.68,0
158,68,112.84,229.09,107.24,64.49,0.73,0
158,34,1411.13,484.88,54.08,56.38,0.76,0
158,50,1302.00,407.09,31.76,41.15,0.39,0
158,2,776.81,432.65,46.98,43.93,0.68,0
159,68,118.93,230.01,108.26,64.70,0.83,0
159,50,1308.54,407.33,32.52,42.19,0.55,0
159,2,783.80,433.48,44.94,42.09,0.54,0
160,68,124.91,229.96,109.48,65.00,0.85,0
160,50,1314.73,407.57,31.68,41.28,0.37,0
160,2,789.44,433.47,45.20,42.22,0.44,0
160,72,1315.79,449.90,32.36,40.00,0.48,0
161,68,132.21,230.81,111.07,65.65,0.72,0
161,50,1322.28,407.95,30.84,40.13,0.44,0
161,34,1431.88,483.35,53.02,55.22,0.76,0
162,68,139.38,231.74,112.13,65.92,0.85,0
162,50,1327.31,407.63,31.21,40.55,0.42,0
162,84,1430.51,459.23,67.39,27.39,0.46,0
162,34,1436.98,486.14,51.52,53.25,0.62,0
162,2,800.51,433.02,47.23,43.97,0.61,0
163,68,146.67,232.07,111.78,65.49,0.85,0
163,2,808.04,433.80,44.33,41.31,0.65,0
164,68,155.14,233.25,111.09,64.63,0.38,0
164,2,813.49,433.52,45.04,41.89,0.74,0
164,72,1341.43,448.88,33.40,41.85,0.58,0
164,50,1340.31,406.48,31.99,41.91,0.29,0
164,34,1455.54,486.31,46.67,46.83,0.36,0
165,68,161.80,233.23,113.63,65.98,0.77,0
165,72,1346.63,448.28,34.05,42.53,0.41,0
165,50,1347.63,406.69,30.63,39.84,0.72,0
165,34,1458.85,486.37,50.55,50.59,0.80,0
166,68,169.70,233.92,111.83,64.82,0.79,0
166,50,1352.18,405.27,31.36,40.84,0.38,0
166,34,1465.07,486.11,52.32,52.14,0.47,0
166,2,824.64,433.08,46.87,43.34,0.62,0
167,68,176.78,234.46,112.09,64.65,0.73,0
167,50,1358.81,404.21,31.96,41.53,0.33,0
167,2,831.21,433.56,44.52,41.41,0.72,0
167,72,1359.37,447.06,32.92,41.49,0.43,0
168,68,182.95,234.34,113.85,65.67,0.80,0
168,2,837.00,433.53,44.92,41.65,0.37,0
168,72,1365.61,447.98,33.20,42.31,0.27,0
168,34,1480.56,486.76,49.34,48.93,0.68,0
169,68,189.10,234.68,113.50,65.21,0.81,0
169,72,1371.40,447.29,33.57,43.03,0.26,0
169,34,1484.50,487.13,51.52,51.25,0.72,0
169,50,1372.44,405.74,30.06,38.83,0.26,0
170,68,195.65,235.84,112.10,64.33,0.75,0
170,87,0.83,383.68,45.31,68.59,0.51,0
171,68,199.34,235.77,115.99,66.48,0.70,0
171,87,1.27,378.77,50.31,76.08,0.70,0
171,2,851.72,433.48,45.08,41.88,0.67,0
172,68,206.26,236.82,113.79,65.07,0.87,0
172,87,4.01,377.53,52.12,78.37,0.69,0
172,2,858.17,434.28,42.77,39.82,0.54,0
172,72,1387.76,447.35,31.71,41.08,0.28,0
172,34,1503.50,483.94,48.55,47.68,0.42,0
173,68,213.80,237.48,113.04,64.62,0.86,0
173,87,6.82,380.72,51.77,76.93,0.89,0
173,2,862.51,433.92,43.41,40.23,0.58,0
173,72,1393.00,445.08,34.03,44.34,0.57,0
173,34,1507.08,484.46,51.93,51.21,0.82,0
174,68,219.65,238.22,110.65,63.28,0.87,0
174,87,9.07,380.83,53.98,78.94,0.90,0
174,2,866.26,432.97,45.36,41.94,0.40,0
174,34,1509.04,484.24,52.62,51.56,0.41,0
174,50,1397.97,405.62,29.17,36.84,0.67,0
175,68,222.41,239.61,112.44,64.20,0.84,0
175,87,11.10,381.33,56.32,80.70,0.89,0
175,2,871.21,433.46,47.36,43.76,0.34,0
175,72,1402.75,445.10,32.99,43.47,0.28,0
176,68,225.55,239.45,115.82,66.27,0.67,0
176,87,13.08,383.11,56.45,78.94,0.90,0
176,2,874.53,433.45,47.91,44.06,0.52,0
176,72,1406.81,445.17,32.36,42.86,0.28,0
177,68,231.72,240.38,113.17,64.71,0.87,0
177,87,15.97,383.58,57.80,78.53,0.90,0
177,2,877.96,433.65,45.87,42.35,0.69,0
177,72,1411.16,445.49,31.59,42.02,0.46,0
177,34,1523.71,482.68,51.22,49.20,0.28,0
178,68,238.23,241.22,109.52,62.47,0.88,0
178,87,19.93,384.81,57.89,76.15,0.90,0
178,2,881.75,434.17,43.87,40.54,0.54,0
178,34,1526.97,482.91,53.40,51.40,0.72,0
179,68,243.17,242.55,108.05,61.49,0.89,0
179,87,22.84,384.70,59.99,76.67,0.88,0
179,2,885.51,434.37,43.42,40.08,0.30,0
179,34,1530.43,484.15,53.26,51.28,0.80,0
179,72,1417.46,443.89,33.39,44.61,0.64,0
180,68,245.93,242.44,108.59,61.65,0.86,0
180,87,26.51,383.44,63.01,78.52,0.88,0
180,2,887.45,433.89,44.10,40.68,0.75,0
180,34,1534.49,485.50,51.34,49.25,0.77,0
180,72,1420.52,444.32,33.09,44.18,0.41,0
181,68,246.31,242.15,109.85,62.17,0.85,0
181,87,30.14,384.22,64.60,78.82,0.67,0
181,34,1538.81,484.89,50.45,47.75,0.52,0
181,72,1423.75,445.36,32.09,42.75,0.39,0
182,68,249.50,242.58,109.45,61.71,0.75,0
182,87,32.43,385.75,64.93,77.56,0.88,0
182,34,1542.31,483.61,50.69,47.50,0.31,0
182,72,1427.21,445.33,31.88,42.83,0.31,0
182,96,1527.40,455.82,80.96,26.05,0.42,0
183,68,250.73,242.18,113.63,64.12,0.47,0
183,87,35.51,386.74,64.96,76.00,0.90,0
183,72,1430.06,444.70,31.48,42.37,0.42,0
183,96,1527.90,456.11,83.40,26.85,0.26,0
184,68,253.71,242.11,114.37,64.71,0.87,0
184,87,38.22,386.77,65.96,75.52,0.90,0
184,72,1432.25,444.50,31.77,42.91,0.30,0
184,2,898.63,434.13,46.07,42.33,0.49,0
185,68,257.35,242.30,113.02,64.09,0.87,0
185,87,41.65,386.49,66.43,74.54,0.81,0
185,72,1434.52,444.37,32.29,43.73,0.31,0
185,2,899.59,433.84,46.10,42.39,0.67,0
185,34,1551.48,484.23,49.52,45.60,0.47,0
186,68,262.32,243.20,110.39,62.60,0.88,0
186,87,43.42,385.23,69.40,76.50,0.90,0
186,72,1436.84,444.98,31.80,43.38,0.37,0
186,2,902.05,433.91,44.78,41.45,0.65,0
186,34,1552.60,485.30,49.81,44.96,0.43,0
187,68,266.19,243.98,109.71,62.03,0.87,0
187,87,45.02,384.30,71.92,78.22,0.90,0
187,72,1439.47,444.00,32.93,45.25,0.48,0
187,2,904.41,434.01,43.63,40.64,0.71,0
187,34,1554.72,485.42,52.52,47.75,0.76,0
188,68,268.07,244.39,109.61,61.95,0.90,0
188,87,46.54,384.09,73.88,79.72,0.90,0
188,72,1442.57,443.99,32.19,44.01,0.71,0
188,2,907.35,434.21,43.32,40.51,0.50,0
188,34,1557.12,485.08,53.37,48.90,0.72,0
189,68,270.19,244.29,109.87,62.12,0.61,0
189,87,49.27,384.27,74.62,79.96,0.82,0
189,72,1444.61,444.15,32.32,44.08,0.61,0
189,2,909.83,433.64,43.56,40.56,0.55,0
189,34,1560.27,484.02,52.51,47.99,0.58,0
190,68,271.03,243.79,111.74,63.45,0.84,0
190,87,52.35,386.21,73.45,77.84,0.89,0
190,72,1446.35,444.37,32.45,44.11,0.53,0
190,2,911.14,433.54,44.43,41.33,0.78,0
190,34,1562.59,483.25,52.23,47.50,0.34,0
191,68,273.72,243.27,114.05,64.68,0.41,0
191,87,55.90,387.97,72.37,75.85,0.91,0
191,72,1450.16,443.06,32.61,44.65,0.36,0
191,2,914.19,433.46,44.93,41.68,0.39,0
191,34,1566.09,482.98,53.35,48.61,0.31,0
192,68,276.19,242.91,115.64,65.78,0.46,0
192,87,61.09,386.76,73.15,75.73,0.33,0
192,72,1454.01,442.63,32.58,44.71,0.34,0
192,2,918.74,433.86,46.48,42.71,0.33,0
192,34,1569.34,481.73,52.78,47.84,0.34,0
193,68,283.75,244.26,111.74,63.77,0.87,0
193,87,64.49,386.75,74.70,76.80,0.89,0
193,72,1457.48,442.37,32.23,44.42,0.45,0
193,2,921.77,434.07,46.79,42.73,0.59,0
193,34,1573.85,482.14,53.01,48.09,0.70,0
194,68,288.99,245.33,110.69,62.89,0.85,0
194,87,68.93,387.40,74.99,76.48,0.90,0
194,72,1462.88,441.52,32.88,45.50,0.44,0
194,2,924.99,433.87,45.21,41.51,0.69,0
194,34,1577.64,483.16,54.57,50.18,0.79,0
195,68,293.59,246.69,107.65,60.83,0.87,0
195,87,73.35,387.76,75.55,76.63,0.88,0
195,72,1467.26,441.96,32.76,45.22,0.55,0
195,2,929.28,434.20,44.31,40.86,0.64,0
195,111,1467.67,399.51,30.47,40.97,0.56,0
196,68,297.03,247.42,108.84,61.35,0.64,0
196,87,78.54,388.72,75.26,75.83,0.90,0
196,72,1470.70,442.10,33.27,46.06,0.34,0
196,2,933.02,433.92,44.51,41.01,0.44,0
196,111,1469.89,396.60,32.29,43.43,0.36,0
197,68,300.80,246.75,111.18,62.67,0.47,0
197,87,84.42,387.84,75.68,75.80,0.90,0
198,68,307.18,248.46,109.38,61.36,0.56,0
198,87,90.35,388.87,75.90,75.64,0.90,0
198,34,1597.59,482.10,54.04,49.95,0.77,0
198,72,1479.60,439.93,33.76,46.89,0.38,0
199,68,314.66,249.92,107.71,60.10,0.85,0
199,87,96.00,388.61,77.18,76.73,0.89,0
199,34,1603.55,482.41,53.91,50.07,0.79,0
199,72,1485.66,438.83,34.11,47.51,0.49,0
199,2,944.89,433.13,46.29,42.62,0.70,0
200,68,318.97,249.60,107.81,60.12,0.64,0
200,87,102.86,390.45,76.09,75.08,0.86,0
200,34,1608.98,482.33,53.27,48.97,0.47,0
200,72,1490.69,439.00,34.31,47.91,0.45,0
200,2,950.96,433.80,43.94,40.75,0.72,0
201,68,323.42,248.99,109.97,61.24,0.70,0
201,87,108.21,389.99,76.05,74.62,0.88,0
201,72,1498.02,438.97,32.90,46.08,0.43,0
201,2,956.45,433.40,44.29,40.89,0.66,0
202,68,330.10,249.46,108.70,60.69,0.46,0
202,87,114.35,390.67,76.38,74.63,0.88,0
202,72,1503.53,439.09,32.03,44.71,0.64,0
202,2,960.34,433.16,43.11,39.97,0.39,0
202,34,1621.50,481.25,52.71,48.55,0.74,0
203,68,336.42,250.16,106.61,59.57,0.86,0
203,87,120.26,389.45,78.06,76.23,0.87,0
203,72,1508.92,439.68,31.23,43.52,0.44,0
203,2,966.92,433.14,45.99,42.52,0.39,0
203,34,1626.56,480.79,53.99,50.37,0.83,0
204,68,342.36,250.13,105.85,59.14,0.57,0
204,87,127.43,390.67,76.65,74.34,0.58,0
204,72,1514.45,439.27,32.46,45.06,0.42,0
204,2,970.11,433.05,45.66,42.31,0.77,0
204,34,1632.18,480.83,53.13,49.51,0.59,0
204,116,1515.95,397.35,27.70,40.66,0.77,0
205,68,346.90,249.62,107.65,60.14,0.73,0
205,87,133.25,390.00,76.96,74.46,0.89,0
205,72,1519.64,439.10,32.83,45.39,0.31,0
205,2,975.99,433.39,43.94,41.08,0.67,0
205,116,1519.60,393.72,30.13,44.20,0.40,0
206,68,355.27,250.31,106.76,59.73,0.84,0
206,87,139.42,390.88,76.71,74.00,0.90,0
206,72,1527.62,439.57,30.30,41.47,0.36,0
206,2,981.42,433.80,43.82,40.94,0.44,0
206,116,1526.20,396.08,29.00,42.44,0.33,0
206,34,1643.47,478.24,56.76,53.35,0.73,0
207,68,362.20,251.96,104.27,58.26,0.86,0
207,87,145.36,390.17,78.17,75.54,0.88,0
207,34,1649.29,478.90,55.91,52.79,0.82,0
208,68,367.05,251.26,107.60,60.27,0.87,0
208,87,152.58,390.42,77.15,74.24,0.89,0
208,34,1652.24,480.96,51.86,50.28,0.32,0
208,2,991.85,433.08,44.55,41.67,0.69,0
208,116,1539.59,394.23,29.31,42.56,0.74,0
209,68,372.20,250.68,110.51,62.21,0.84,0
209,87,158.93,391.51,77.02,74.01,0.88,0
209,2,997.91,433.10,43.52,40.95,0.74,0
209,116,1543.54,391.67,31.45,45.54,0.47,0
209,72,1542.79,439.44,32.11,43.63,0.33,0
210,68,379.74,251.39,108.47,61.28,0.87,0
210,87,165.80,392.08,77.02,74.06,0.90,0
210,2,1003.33,433.62,42.62,40.51,0.62,0
210,122,3.37,329.66,40.23,456.34,0.35,0
210,72,1551.06,439.04,30.41,41.21,0.47,0
210,34,1669.25,479.02,54.24,53.28,0.73,0
211,68,385.46,252.40,107.24,60.79,0.88,0
211,87,170.93,391.44,78.77,75.74,0.86,0
211,2,1008.31,433.82,41.77,39.67,0.38,0
211,72,1556.90,439.08,30.33,41.02,0.28,0
211,34,1675.16,480.98,51.11,50.44,0.63,0
212,68,390.46,251.67,107.86,61.30,0.88,0
212,87,178.59,392.96,76.39,72.88,0.87,0
212,2,1014.53,433.42,44.02,41.72,0.38,0
212,72,1562.44,438.73,31.92,42.76,0.51,0
212,116,1563.11,392.67,31.19,44.78,0.57,0
213,68,394.61,251.13,109.58,62.43,0.84,0
213,87,183.42,393.10,76.71,73.09,0.88,0
213,2,1018.47,432.89,44.51,42.03,0.72,0
213,72,1567.42,438.76,32.24,42.67,0.41,0
213,116,1567.26,390.82,32.84,46.84,0.56,0
214,68,401.90,252.00,106.77,60.71,0.85,0
214,87,189.57,392.45,77.40,73.84,0.90,0
214,2,1023.27,432.97,43.39,41.14,0.76,0
214,34,1696.52,478.62,52.22,51.76,0.59,0
215,68,406.67,252.96,106.10,60.30,0.86,0
215,87,194.14,391.87,78.88,75.48,0.87,0
215,2,1028.28,433.54,41.31,39.38,0.47,0
215,34,1701.17,479.06,51.63,50.45,0.69,0
216,68,412.04,253.39,106.75,60.74,0.87,0
216,87,201.65,392.68,77.19,73.51,0.87,0
216,126,44.11,317.51,38.28,488.66,0.39,0
216,72,1584.98,437.07,33.34,43.59,0.65,0
216,116,1585.96,393.53,31.06,43.65,0.60,0
217,68,416.78,252.47,107.28,61.20,0.86,0
217,87,206.12,393.39,76.95,73.27,0.87,0
217,126,48.99,319.16,38.12,485.75,0.42,0
217,116,1590.17,392.29,32.44,45.23,0.64,0
217,2,1037.26,432.97,44.01,42.17,0.30,0
218,68,421.75,253.12,107.10,61.27,0.66,0
218,87,212.50,393.97,76.67,73.14,0.90,0
218,126,53.92,317.65,38.71,491.66,0.41,0
218,116,1594.18,390.25,34.28,47.93,0.30,0
218,2,1041.04,432.58,44.49,42.55,0.77,0
218,34,1718.40,476.67,53.40,52.47,0.43,0
218,72,1596.59,437.23,32.67,42.79,0.47,0
219,68,428.09,253.03,105.62,60.35,0.84,0
219,87,217.38,392.99,77.74,74.52,0.87,0
219,126,60.68,311.20,40.15,506.32,0.43,0
219,116,1600.31,392.69,32.47,45.22,0.51,0
219,2,1046.42,432.52,43.62,41.85,0.77,0
219,34,1724.79,478.83,50.36,49.69,0.78,0
219,72,1601.51,437.59,30.96,40.58,0.54,0
220,68,433.31,254.01,105.73,60.59,0.88,0
220,87,224.86,394.77,75.75,72.01,0.51,0
220,126,65.03,308.84,41.12,512.48,0.37,0
220,2,1051.77,432.97,41.51,40.02,0.62,0
220,72,1606.18,435.72,33.71,44.40,0.52,0
221,68,437.42,253.11,107.40,61.74,0.88,0
221,87,230.48,394.94,75.38,71.41,0.89,0
221,126,69.74,315.67,40.95,501.98,0.26,0
221,2,1055.91,433.37,41.27,39.84,0.40,0
221,72,1611.49,437.17,33.67,43.95,0.31,0
221,116,1611.59,390.64,33.47,46.28,0.67,0
222,68,442.05,253.32,107.41,61.88,0.83,0
222,87,235.59,395.90,75.62,71.97,0.91,0
222,2,1060.37,432.42,43.54,42.22,0.31,0
222,72,1618.10,437.09,32.94,43.19,0.38,0
222,116,1615.36,389.03,34.34,47.69,0.54,0
222,34,1745.31,478.15,47.40,46.83,0.53,0
223,68,446.95,253.77,107.56,61.97,0.81,0
223,87,241.22,396.01,76.42,72.89,0.92,0
223,2,1064.22,431.89,44.04,42.68,0.76,0
223,72,1624.21,437.74,30.84,40.35,0.48,0
223,116,1620.52,389.31,33.75,47.08,0.34,0
223,34,1749.68,479.50,47.06,46.30,0.77,0
224,68,453.56,254.78,103.60,59.51,0.86,0
224,87,244.96,395.82,76.43,73.20,0.88,0
224,2,1067.87,431.82,43.81,42.65,0.79,0
224,72,1628.48,437.91,30.44,40.03,0.33,0
224,34,1752.76,479.04,49.74,48.31,0.58,0
225,68,457.89,255.44,103.55,59.46,0.88,0
225,87,251.35,397.11,74.14,70.55,0.88,0
225,2,1072.87,432.42,42.12,41.27,0.71,0
225,72,1631.58,434.54,33.92,44.60,0.60,0
225,34,1756.86,478.64,50.48,48.53,0.36,0
225,116,1633.17,392.35,30.02,41.37,0.27,0
226,68,459.84,255.24,106.31,61.20,0.87,0
226,87,254.25,397.07,75.19,71.28,0.89,0
226,2,1076.57,432.50,40.87,40.25,0.53,0
226,72,1635.61,435.11,34.45,45.01,0.46,0
226,34,1762.40,477.69,51.60,49.60,0.26,0
226,116,1636.54,389.71,31.66,43.29,0.51,0
227,68,463.99,255.28,105.23,60.65,0.87,0
227,87,258.63,397.32,74.91,71.32,0.90,0
227,2,1078.93,432.64,41.17,40.56,0.45,0
227,72,1638.48,435.48,35.12,45.85,0.39,0
227,34,1767.30,477.09,50.61,49.18,0.65,0
227,116,1638.18,388.15,33.14,45.45,0.34,0
227,126,105.83,320.44,39.76,485.39,0.31,0
228,68,466.64,255.26,105.71,61.10,0.84,0
228,87,261.80,396.86,75.76,72.65,0.91,0
228,72,1643.41,435.06,34.32,44.89,0.57,0
228,34,1770.13,477.09,52.05,50.98,0.78,0
228,116,1642.03,387.82,33.61,46.06,0.39,0
228,126,111.24,315.16,39.84,490.52,0.26,0
229,68,469.70,255.84,105.59,61.14,0.82,0
229,87,264.84,396.47,75.92,72.95,0.90,0
229,72,1647.24,435.32,32.51,42.52,0.60,0
229,34,1772.42,477.38,51.50,50.87,0.79,0
229,116,1644.77,387.78,32.73,44.83,0.51,0
229,126,113.76,313.89,39.98,492.47,0.37,0
229,2,1083.98,430.86,44.17,43.73,0.34,0
230,68,470.71,256.34,106.30,61.80,0.82,0
230,87,268.08,396.42,75.94,73.11,0.88,0
230,72,1649.59,435.45,31.58,41.23,0.57,0
230,34,1773.69,477.71,50.99,50.64,0.73,0
230,116,1647.59,387.49,32.51,44.80,0.36,0
230,126,115.56,308.12,40.80,499.06,0.29,0
230,2,1087.21,430.44,45.68,45.13,0.44,0
231,68,473.12,256.35,106.97,62.39,0.79,0
231,87,269.47,396.74,77.24,74.46,0.89,0
231,72,1650.98,435.15,31.54,41.35,0.51,0
231,34,1774.62,478.46,49.94,50.28,0.57,0
231,2,1088.95,430.47,44.93,44.33,0.71,0
232,68,477.28,257.05,103.94,60.47,0.80,0
232,87,271.48,398.55,75.19,72.35,0.87,0
232,72,1653.62,434.94,31.80,41.75,0.57,0
232,34,1776.19,479.15,47.99,48.96,0.58,0
232,2,1090.48,431.85,43.73,43.00,0.79,0
233,68,480.21,257.65,101.97,59.02,0.82,0
233,87,272.70,398.65,75.09,72.46,0.87,0
233,72,1655.33,433.03,34.50,45.36,0.59,0
233,2,1092.34,432.41,42.72,42.19,0.78,0
234,68,481.20,258.48,103.38,59.65,0.75,0
234,87,277.65,399.49,72.31,69.25,0.87,0
234,72,1658.56,434.41,33.28,43.40,0.60,0
234,2,1095.52,432.68,41.83,41.42,0.73,0
234,116,1658.58,388.27,32.68,44.78,0.48,0
234,34,1787.43,477.50,47.60,48.89,0.31,0
235,68,483.89,259.21,103.48,59.54,0.86,0
235,87,280.15,399.53,74.19,70.93,0.90,0
235,72,1660.35,435.60,34.11,44.15,0.51,0
235,2,1098.48,433.12,40.55,40.30,0.73,0
235,116,1660.18,387.61,33.81,46.05,0.49,0
235,34,1792.71,477.50,45.73,47.40,0.37,0
236,68,486.61,258.94,104.68,60.14,0.85,0
236,87,283.03,400.83,74.44,71.19,0.93,0
236,72,1662.31,435.97,34.77,44.96,0.36,0
236,2,1101.14,433.43,39.89,39.71,0.49,0
236,116,1661.22,387.49,34.55,47.15,0.38,0
236,34,1794.66,478.10,47.33,49.10,0.58,0
237,68,489.14,258.97,102.48,58.68,0.82,0
237,87,285.44,401.10,74.10,71.06,0.93,0
237,72,1667.45,436.37,33.35,43.28,0.50,0
237,2,1102.85,433.43,40.50,40.18,0.50,0
237,116,1664.33,387.49,35.53,48.79,0.36,0
237,34,1796.64,478.33,48.24,49.88,0.82,0
238,68,491.11,259.67,103.26,59.15,0.53,0
238,87,289.58,401.66,73.07,70.28,0.90,0
238,72,1670.82,435.79,32.67,42.51,0.47,0
238,2,1105.06,433.76,40.58,40.12,0.60,0
238,116,1667.39,387.05,34.43,47.43,0.27,0
238,34,1797.98,478.37,48.34,49.93,0.77,0
239,68,492.70,259.92,104.31,59.80,0.71,0
239,87,292.13,400.55,74.66,72.08,0.89,0
239,72,1673.28,435.17,32.15,41.80,0.47,0
239,2,1106.73,431.76,44.35,43.88,0.38,0
239,34,1800.35,480.23,46.63,48.21,0.44,0
239,140,142.91,323.56,37.33,478.93,0.34,0
240,68,495.73,260.02,105.38,60.69,0.84,0
240,87,294.37,401.40,75.61,73.09,0.90,0
240,72,1674.76,434.98,31.98,41.68,0.30,0
240,2,1110.06,432.01,45.57,44.91,0.42,0
240,34,1804.01,479.26,46.71,47.87,0.44,0
240,140,146.62,320.35,37.55,482.37,0.33,0
241,68,498.45,260.38,104.73,60.32,0.72,0
241,87,296.51,403.21,73.80,70.95,0.89,0
241,72,1678.15,434.63,32.88,42.91,0.53,0
241,2,1113.18,432.62,44.84,43.99,0.52,0
241,34,1806.81,478.68,47.20,47.65,0.30,0
241,140,149.86,316.47,37.50,482.93,0.30,0
242,68,501.83,261.46,103.82,59.75,0.79,0
242,87,301.03,403.56,72.78,69.58,0.90,0
242,72,1680.17,434.05,34.20,44.49,0.62,0
242,2,1114.22,433.22,43.87,42.79,0.75,0
242,34,1810.76,478.27,47.03,47.51,0.39,0
242,140,153.11,316.69,37.26,481.63,0.27,0
243,68,506.21,262.72,101.51,58.19,0.83,0
243,87,303.15,403.20,73.37,69.87,0.90,0
243,72,1682.70,434.73,34.27,44.11,0.57,0
243,2,1114.80,432.92,43.97,42.82,0.79,0
243,34,1813.98,478.48,46.72,47.30,0.44,0
243,140,154.20,320.63,36.67,469.51,0.30,0
244,68,509.58,263.46,100.69,57.61,0.88,0
244,87,306.30,403.68,73.94,70.47,0.92,0
244,72,1684.97,435.76,34.29,43.92,0.27,0
244,2,1118.57,433.42,42.91,41.91,0.73,0
244,34,1817.08,478.57,48.67,49.39,0.68,0
244,140,159.49,316.62,37.18,479.45,0.29,0
244,116,1683.72,387.19,34.71,47.53,0.40,0
245,68,512.47,264.12,99.85,56.93,0.87,0
245,87,308.69,404.84,73.73,70.35,0.92,0
245,72,1690.22,436.64,33.19,42.54,0.59,0
245,2,1121.55,433.75,42.37,41.36,0.69,0
245,34,1820.66,479.81,46.95,47.40,0.79,0
245,140,161.35,312.59,38.15,491.66,0.37,0
245,116,1687.96,387.98,35.44,48.94,0.41,0
246,68,514.27,264.09,101.16,57.72,0.66,0
246,87,312.48,405.00,73.61,70.43,0.90,0
246,72,1694.53,436.91,31.73,40.74,0.61,0
246,2,1125.04,433.66,42.37,41.11,0.49,0
246,34,1822.72,480.87,45.50,45.92,0.74,0
246,140,163.48,310.40,39.27,498.35,0.36,0
246,116,1691.31,388.20,33.83,46.72,0.51,0
247,68,516.64,264.90,101.03,57.57,0.81,0
247,87,314.49,404.66,74.36,71.35,0.89,0
247,72,1696.64,436.43,31.50,40.65,0.43,0
247,2,1127.10,433.52,43.49,42.10,0.74,0
247,34,1825.72,479.67,46.70,46.81,0.66,0
248,68,518.84,265.22,101.94,58.09,0.72,0
248,87,316.07,403.84,76.95,73.84,0.89,0
248,72,1699.73,437.20,31.64,41.07,0.47,0
249,68,522.66,265.47,102.25,58.29,0.69,0
249,87,320.24,404.26,76.54,73.25,0.82,0
249,72,1702.36,434.93,34.73,45.11,0.71,0
249,116,1703.68,391.31,30.83,42.13,0.27,0
249,34,1833.87,478.30,47.19,47.07,0.33,0
250,68,526.61,266.34,101.03,57.54,0.78,0
250,87,325.18,405.36,73.77,70.39,0.89,0
250,72,1705.39,435.19,34.83,44.71,0.67,0
250,116,1706.94,390.31,31.90,43.25,0.59,0
250,34,1838.37,478.73,46.56,46.15,0.48,0
251,68,530.85,267.31,98.94,56.14,0.84,0
251,87,327.42,405.40,74.74,71.19,0.91,0
251,72,1707.84,436.80,34.76,44.34,0.41,0
251,116,1708.21,388.47,34.00,45.89,0.58,0
251,34,1842.20,479.39,47.91,47.45,0.65,0
251,2,1138.80,433.67,44.66,43.33,0.47,0
252,68,533.13,267.88,98.70,55.96,0.88,0
252,87,330.74,405.96,75.22,71.78,0.93,0
252,72,1710.76,437.29,34.12,43.58,0.45,0
252,116,1710.23,388.72,34.45,46.86,0.59,0
252,34,1844.76,480.34,46.93,46.23,0.72,0
252,2,1141.91,433.30,45.75,44.39,0.41,0
253,68,536.50,268.34,98.09,55.36,0.84,0
253,87,334.53,406.48,75.00,71.97,0.92,0
253,72,1716.37,437.46,32.94,42.19,0.57,0
253,116,1713.28,388.53,34.96,47.73,0.43,0
253,34,1847.24,481.69,45.59,44.98,0.56,0
253,2,1144.25,433.70,44.63,43.33,0.69,0
253,140,189.52,329.06,37.39,474.98,0.30,0
254,68,539.48,268.07,98.64,55.72,0.81,0
254,87,338.55,405.75,74.15,71.24,0.91,0
254,72,1719.83,437.51,31.59,40.57,0.64,0
254,116,1716.87,388.74,34.29,46.94,0.56,0
254,34,1850.62,478.59,51.70,50.21,0.58,0
254,140,193.33,327.41,36.82,471.13,0.27,0
255,68,542.25,268.47,98.91,55.82,0.41,0
255,87,339.69,405.56,75.62,72.74,0.90,0
255,72,1721.64,438.07,31.71,40.80,0.52,0
255,116,1719.80,390.69,33.68,46.47,0.33,0
255,2,1150.70,434.42,44.61,43.06,0.30,0
256,68,544.20,267.57,100.34,56.73,0.83,0
256,87,341.74,406.49,75.36,72.46,0.90,0
256,72,1725.99,436.41,34.14,44.01,0.71,0
256,116,1725.30,391.69,32.01,44.25,0.28,0
256,2,1153.65,434.27,45.16,43.54,0.42,0
257,68,547.10,267.29,100.51,56.82,0.84,0
257,87,345.44,406.55,75.16,72.21,0.87,0
257,72,1728.77,436.03,34.72,44.57,0.70,0
257,116,1729.34,391.02,31.90,43.83,0.56,0
257,2,1155.50,432.99,47.42,45.61,0.27,0
258,68,550.66,267.60,99.77,56.54,0.80,0
258,87,350.14,406.77,72.72,69.68,0.90,0
258,72,1731.03,436.64,35.43,45.40,0.46,0
258,116,1731.70,389.09,33.50,45.80,0.65,0
258,2,1159.92,434.18,46.49,44.16,0.26,0
258,34,1861.97,479.52,53.23,51.39,0.35,0
258,140,206.75,321.57,37.20,481.29,0.29,0
259,68,553.10,267.87,101.05,57.26,0.85,0
259,87,352.48,406.90,73.31,70.10,0.89,0
259,72,1733.81,437.14,34.90,44.59,0.43,0
259,116,1733.47,388.94,34.04,46.63,0.63,0
259,34,1866.23,481.18,50.15,48.42,0.65,0
259,140,209.14,321.70,37.45,483.91,0.33,0
260,68,555.65,268.72,101.30,57.28,0.88,0
260,87,356.24,407.05,73.92,70.90,0.92,0
260,72,1739.05,437.32,33.95,43.54,0.53,0
260,34,1869.85,484.15,46.41,44.96,0.47,0
260,140,212.59,321.23,38.50,485.19,0.30,0
260,2,1163.08,434.52,45.82,43.62,0.58,0
261,68,558.33,268.76,101.89,57.56,0.87,0
261,87,359.96,407.64,73.80,71.17,0.90,0
261,72,1743.01,437.77,32.22,41.32,0.68,0
261,2,1165.74,434.70,44.70,42.89,0.35,0
261,116,1739.48,388.72,35.03,48.16,0.43,0
262,68,559.96,268.05,103.30,58.55,0.85,0
262,87,362.04,406.83,74.67,72.07,0.89,0
262,72,1745.83,438.28,31.78,40.72,0.59,0
262,2,1168.82,434.74,44.07,42.45,0.52,0
262,116,1742.62,390.63,34.48,47.81,0.31,0
263,68,564.67,268.47,102.08,57.99,0.59,0
263,87,364.44,406.42,75.38,72.87,0.89,0
263,72,1750.26,436.65,33.96,43.61,0.65,0
264,68,567.33,267.80,103.61,59.27,0.87,0
264,87,366.08,405.63,76.84,74.37,0.90,0
264,72,1753.52,436.47,34.91,44.58,0.66,0
264,2,1174.19,434.59,44.81,43.29,0.69,0
264,116,1752.55,389.57,33.86,46.72,0.41,0
265,68,571.33,267.97,102.89,59.11,0.84,0
265,87,371.93,407.11,73.90,71.48,0.90,0
265,72,1756.30,437.13,35.15,44.59,0.31,0
265,116,1755.19,387.96,35.27,48.55,0.40,0
266,68,574.07,268.16,103.91,59.90,0.86,0
266,87,377.52,406.84,73.04,70.63,0.90,0
266,72,1763.15,436.78,34.23,43.67,0.51,0
266,116,1760.26,387.96,35.27,48.61,0.28,0
266,140,238.02,336.89,36.57,461.94,0.33,0
267,68,580.53,269.27,100.88,58.12,0.86,0
267,87,382.77,406.88,73.50,71.39,0.92,0
267,72,1768.02,435.12,33.61,43.05,0.48,0
267,140,242.46,333.57,36.21,461.61,0.33,0
267,2,1187.47,434.05,45.31,43.95,0.46,0
268,68,584.83,268.98,100.75,58.23,0.84,0
268,87,387.03,407.21,72.50,70.45,0.89,0
268,72,1773.48,433.29,35.83,46.07,0.70,0
268,2,1191.89,433.92,44.28,43.01,0.63,0
269,68,588.50,268.30,102.35,59.36,0.77,0
269,87,390.91,406.63,73.85,71.72,0.90,0
269,72,1777.64,433.95,36.76,47.22,0.42,0
269,2,1197.20,433.68,44.58,43.21,0.33,0
269,140,254.10,329.19,36.05,465.67,0.29,0
270,68,595.10,268.32,100.68,58.51,0.86,0
270,87,397.74,407.10,70.82,68.56,0.89,0
270,72,1784.17,434.82,35.28,45.42,0.55,0
270,2,1201.52,432.82,46.89,45.20,0.26,0
270,140,257.49,325.26,36.43,472.77,0.28,0
270,116,1780.83,387.17,34.41,47.70,0.35,0
271,68,598.98,268.30,100.75,58.68,0.84,0
271,87,402.35,406.87,70.72,68.42,0.90,0
271,72,1789.75,434.43,34.06,44.05,0.68,0
271,2,1204.91,433.00,46.79,44.84,0.33,0
271,140,261.08,324.36,37.62,476.36,0.29,0
271,116,1786.72,386.80,32.75,45.03,0.53,0
272,68,601.97,268.17,101.39,59.07,0.86,0
272,87,405.73,406.59,72.49,70.45,0.92,0
272,72,1793.78,433.50,34.17,44.23,0.67,0
272,2,1209.04,433.86,45.96,43.88,0.37,0
272,116,1792.00,386.45,32.04,44.12,0.51,0
273,68,607.17,268.80,98.58,57.21,0.85,0
273,87,409.88,406.92,71.46,69.59,0.90,0
273,72,1798.35,432.72,35.59,46.24,0.74,0
273,2,1210.84,433.48,46.11,44.22,0.71,0
273,116,1798.22,387.43,31.51,42.95,0.42,0
274,68,612.59,268.33,97.32,56.68,0.83,0
274,87,412.04,406.66,72.64,70.78,0.88,0
274,72,1802.49,433.59,35.06,44.99,0.62,0
274,2,1214.44,433.82,44.40,42.82,0.70,0
274,116,1802.69,387.04,32.69,44.15,0.58,0
275,68,615.39,267.92,97.88,57.03,0.62,0
275,87,414.16,405.38,75.02,73.15,0.90,0
275,72,1806.02,433.81,35.52,45.42,0.46,0
275,2,1219.63,433.96,42.88,41.29,0.49,0
275,116,1804.83,386.36,33.49,45.03,0.64,0
275,140,280.87,333.80,36.39,459.31,0.26,0
276,68,619.05,267.23,98.49,57.55,0.86,0
276,87,419.87,405.86,73.04,71.14,0.89,0
276,72,1810.92,433.34,35.89,46.06,0.56,0
276,2,1222.19,433.94,42.67,40.79,0.74,0
276,116,1809.19,385.66,33.73,44.96,0.54,0
277,68,622.78,267.09,98.08,57.35,0.82,0
277,87,424.28,406.27,71.46,69.45,0.90,0
277,72,1815.17,432.87,34.47,44.28,0.71,0
277,2,1225.76,432.58,44.53,42.43,0.41,0
277,116,1814.56,385.75,32.51,43.32,0.69,0
277,140,287.97,332.91,36.75,462.30,0.30,0
278,68,625.51,267.70,97.25,56.63,0.80,0
278,87,428.81,405.73,71.71,69.83,0.92,0
278,72,1820.37,431.72,35.46,45.51,0.78,0
278,2,1230.12,432.81,45.23,42.92,0.47,0
278,116,1819.40,385.34,32.04,42.57,0.63,0
278,140,291.94,330.30,36.29,459.45,0.25,0
279,68,629.83,267.75,96.13,55.79,0.87,0
279,87,433.71,406.30,70.25,68.64,0.92,0
279,72,1824.36,431.31,36.01,45.72,0.72,0
279,2,1233.04,433.24,44.08,41.92,0.77,0
279,116,1824.59,385.81,32.02,42.20,0.72,0
280,68,634.68,267.00,97.74,56.78,0.79,0
280,87,436.90,406.68,70.93,69.24,0.89,0
280,72,1827.58,431.44,36.37,46.11,0.49,0
280,2,1236.84,432.71,44.17,42.27,0.80,0
280,116,1827.45,384.23,33.17,43.55,0.67,0
281,68,638.35,267.63,96.07,55.52,0.78,0
281,87,439.88,406.12,72.01,70.15,0.90,0
281,72,1832.97,430.90,36.07,45.75,0.63,0
281,2,1241.50,433.02,42.46,40.85,0.71,0
281,116,1833.35,384.42,32.78,42.89,0.68,0
282,68,642.34,266.89,97.52,56.47,0.85,0
282,87,445.65,405.75,70.54,68.56,0.90,0
282,72,1838.09,430.50,35.58,45.10,0.73,0
282,2,1245.48,433.26,41.41,39.83,0.64,0
282,116,1837.70,383.42,33.20,43.21,0.65,0
283,68,646.58,266.45,98.74,57.18,0.78,0
283,87,449.72,406.04,69.55,67.33,0.90,0
283,72,1843.76,430.12,35.47,45.12,0.69,0
283,2,1249.03,431.46,44.34,42.72,0.39,0
283,116,1842.85,382.53,33.82,43.76,0.54,0
284,68,649.29,266.53,98.21,56.86,0.85,0
284,87,454.23,406.23,69.99,67.91,0.92,0
284,72,1848.74,429.87,35.22,44.40,0.64,0
284,2,1252.41,430.17,46.53,44.80,0.56,0
284,116,1847.98,382.84,34.25,44.14,0.45,0
285,68,652.87,266.57,98.73,57.23,0.87,0
285,87,457.29,405.90,71.05,69.20,0.91,0
285,72,1853.20,430.63,33.78,42.10,0.38,0
285,2,1255.98,430.90,45.10,43.63,0.74,0
285,116,1849.80,381.25,36.84,47.39,0.45,0
286,68,658.76,265.36,99.47,58.02,0.66,0
286,87,460.59,405.99,71.39,69.46,0.89,0
286,72,1858.77,430.59,34.88,43.62,0.47,0
286,2,1259.59,431.04,45.04,43.71,0.80,0
286,116,1856.35,381.96,35.57,45.60,0.60,0
287,68,663.68,266.83,95.59,55.65,0.75,0
287,87,464.66,404.57,72.89,70.89,0.90,0
287,72,1864.18,428.89,36.21,45.61,0.64,0
287,2,1265.46,431.74,42.93,41.92,0.53,0
287,116,1862.13,381.05,34.89,44.72,0.57,0
288,68,669.19,266.42,96.39,56.44,0.88,0
288,87,471.79,405.18,70.08,67.85,0.89,0
288,72,1870.60,428.16,37.30,46.92,0.71,0
288,2,1269.99,432.36,41.82,40.79,0.55,0
288,116,1869.21,383.01,33.32,42.71,0.60,0
288,140,337.67,329.19,36.55,448.55,0.26,0
289,68,673.13,266.24,96.54,56.73,0.86,0
289,87,477.98,405.92,69.38,67.32,0.91,0
289,72,1876.23,426.60,37.47,47.15,0.52,0
289,2,1274.55,430.32,44.29,43.21,0.45,0
289,116,1875.47,382.68,32.76,41.44,0.37,0
289,140,343.50,329.08,36.47,441.24,0.29,0
290,68,678.01,266.18,96.14,56.45,0.87,0
290,87,483.82,406.23,68.36,66.44,0.89,0
290,72,1882.01,426.08,37.99,48.54,0.75,0
290,2,1280.26,429.94,44.15,43.48,0.74,0
290,116,1881.66,378.97,36.00,45.63,0.32,0
291,68,683.81,265.41,96.08,56.52,0.59,0
291,87,488.49,405.92,69.89,67.90,0.89,0
291,72,1885.59,427.37,34.41,55.32,0.47,0
291,2,1287.56,430.15,42.72,42.20,0.75,0
291,116,1887.35,378.40,32.65,45.82,0.59,0
291,140,352.49,324.19,38.09,463.18,0.29,0
292,68,689.66,265.21,95.49,56.17,0.85,0
292,87,495.67,405.67,67.90,65.66,0.89,0
292,2,1294.28,431.26,40.31,39.81,0.27,0
293,68,695.98,265.54,96.15,56.66,0.81,0
293,87,502.15,406.54,68.25,66.10,0.90,0
293,2,1298.62,428.37,44.33,44.00,0.35,0
294,68,700.99,265.69,95.94,56.47,0.86,0
294,87,508.02,406.53,67.83,65.82,0.88,0
294,2,1303.65,427.93,44.30,44.36,0.72,0
295,68,709.06,265.55,95.46,56.35,0.55,0
295,87,513.47,405.87,69.52,67.43,0.88,0
295,2,1311.59,427.96,42.75,42.74,0.61,0
296,68,714.20,265.27,95.09,56.21,0.88,0
296,87,520.75,405.54,68.15,65.82,0.88,0
296,2,1318.29,428.79,41.00,40.83,0.31,0
297,68,720.92,265.29,95.49,56.49,0.82,0
297,87,527.46,405.22,68.91,66.74,0.91,0
297,2,1325.54,424.16,45.67,44.52,0.33,0
298,68,725.48,265.60,94.64,55.86,0.86,0
298,87,533.13,405.95,67.93,65.92,0.88,0
298,2,1329.97,423.95,46.50,45.42,0.61,0
299,68,732.76,265.27,94.95,56.00,0.75,0
299,87,538.98,405.83,68.94,66.76,0.90,0
299,2,1337.17,423.12,45.55,44.37,0.57,0
300,68,736.16,265.32,94.15,55.36,0.86,0
300,87,545.33,406.13,66.46,64.13,0.88,0
300,2,1340.98,423.60,45.16,44.05,0.46,0
301,68,742.50,265.48,95.26,56.25,0.86,0
301,87,551.51,406.31,66.57,64.18,0.89,0
302,68,745.93,264.75,96.45,56.93,0.84,0
302,87,556.79,406.36,66.38,64.18,0.89,0
302,2,1350.87,422.38,48.07,46.94,0.71,0
303,68,751.04,264.53,96.88,57.28,0.86,0
303,87,560.57,405.05,70.06,67.77,0.87,0
303,2,1358.16,420.95,48.03,46.87,0.55,0
304,68,756.47,264.66,95.86,56.60,0.83,0
304,87,567.23,405.30,67.61,65.19,0.90,0
305,68,761.15,264.46,95.33,56.28,0.86,0
305,87,572.56,405.54,67.49,64.95,0.90,0
306,68,766.30,263.98,97.21,57.69,0.81,0
306,87,578.04,405.12,67.93,65.60,0.92,0
307,68,770.90,264.11,96.71,57.42,0.82,0
307,87,582.65,405.94,67.19,65.05,0.88,0
307,2,1380.62,418.21,48.33,47.19,0.68,0
308,68,776.68,264.43,95.81,56.82,0.87,0
308,87,587.62,405.27,68.78,66.54,0.90,0
308,2,1385.73,418.13,47.43,46.37,0.57,0
309,68,779.28,263.81,96.61,57.21,0.64,0
309,87,592.82,405.02,66.81,64.29,0.89,0
309,2,1389.14,419.23,46.62,45.59,0.46,0
310,68,783.46,262.24,97.69,57.80,0.76,0
310,87,597.93,404.85,67.25,64.68,0.89,0
311,68,790.05,261.96,98.43,58.41,0.83,0
311,87,603.64,405.43,65.70,63.39,0.90,0
311,2,1400.14,418.68,47.13,46.11,0.53,0
312,68,793.77,261.39,99.43,59.13,0.86,0
312,87,608.76,405.00,65.51,63.25,0.84,0
312,2,1407.26,416.97,46.54,45.61,0.49,0
313,68,799.90,261.54,98.12,58.41,0.86,0
313,87,612.91,404.20,67.06,64.68,0.86,0
313,2,1410.93,416.47,46.87,46.14,0.65,0
314,68,803.37,261.22,98.91,59.09,0.86,0
314,87,617.52,404.25,65.97,63.38,0.85,0
314,2,1414.60,415.94,46.70,45.95,0.63,0
315,68,808.59,260.86,97.95,58.65,0.84,0
315,87,623.65,402.86,66.33,63.72,0.91,0
316,68,814.49,260.44,97.23,58.54,0.84,0
316,87,627.92,403.38,65.51,63.15,0.90,0
316,2,1426.66,415.17,47.98,46.70,0.50,0
317,68,817.90,260.39,98.20,59.32,0.84,0
317,87,632.37,403.49,65.52,63.33,0.86,0
317,2,1432.94,414.24,47.33,45.77,0.68,0
318,68,822.02,259.34,98.08,59.33,0.83,0
318,87,635.34,401.96,68.90,66.62,0.88,0
318,2,1436.90,414.10,46.32,44.96,0.79,0
319,68,827.53,258.90,97.63,58.99,0.43,0
319,87,641.00,402.78,67.35,64.82,0.87,0
319,2,1442.10,412.75,48.86,47.01,0.59,0
320,68,829.71,257.98,99.79,60.59,0.76,0
320,87,646.98,401.72,67.22,64.74,0.91,0
320,2,1446.90,411.84,48.61,46.24,0.72,0
321,68,835.70,258.06,98.88,60.07,0.81,0
321,87,650.99,402.31,66.44,64.20,0.90,0
321,2,1450.64,412.40,48.47,45.86,0.82,0
322,68,840.92,257.31,98.08,59.57,0.80,0
322,87,655.46,402.60,66.14,64.04,0.86,0
322,2,1456.14,411.66,48.12,44.96,0.75,0
323,68,845.67,257.73,96.98,58.73,0.83,0
323,87,658.49,400.65,69.43,67.32,0.86,0
323,2,1460.61,411.24,47.69,44.60,0.82,0
324,68,850.78,257.84,96.20,58.46,0.83,0
324,87,665.24,402.55,65.93,63.80,0.87,0
324,2,1468.88,410.48,48.73,44.77,0.26,0
325,68,853.91,256.92,97.78,59.81,0.82,0
325,87,670.96,402.26,65.67,63.51,0.90,0
325,2,1472.71,409.75,49.92,45.71,0.52,0
326,68,858.32,256.01,98.39,60.47,0.86,0
326,87,674.60,401.26,66.25,64.29,0.91,0
326,2,1475.72,408.69,50.04,45.81,0.73,0
327,68,863.27,255.68,99.14,61.12,0.84,0
327,87,678.51,400.94,66.25,64.52,0.87,0
327,2,1481.18,408.53,49.86,45.76,0.78,0
328,68,867.84,255.61,98.31,60.77,0.85,0
328,87,682.37,400.26,67.67,65.98,0.87,0
328,2,1485.88,408.18,50.10,45.83,0.85,0
329,68,872.97,254.92,97.21,60.18,0.84,0
329,87,688.86,401.70,64.83,63.14,0.86,0
329,2,1490.79,408.37,49.48,45.16,0.76,0
330,68,877.64,254.63,96.75,60.15,0.83,0
330,87,695.27,400.65,64.96,63.40,0.89,0
330,2,1495.22,407.18,50.49,46.14,0.85,0
331,68,884.02,253.96,96.40,60.01,0.81,0
331,87,699.96,401.33,64.56,63.24,0.88,0
331,2,1501.71,407.21,48.29,44.18,0.81,0
332,68,890.01,254.01,95.22,59.26,0.80,0
332,87,703.91,400.42,66.43,65.11,0.86,0
332,2,1507.64,407.30,48.21,44.08,0.75,0
333,68,896.14,254.73,93.09,57.82,0.76,0
333,87,710.07,401.27,65.36,63.61,0.87,0
333,2,1512.88,405.24,50.62,46.46,0.79,0
334,68,901.71,254.25,93.65,58.26,0.73,0
334,87,717.24,401.39,65.20,63.42,0.89,0
334,2,1519.56,404.12,51.13,47.13,0.84,0
335,68,907.43,253.74,95.45,59.56,0.73,0
335,87,721.98,400.57,66.25,64.74,0.91,0
335,2,1527.71,404.84,48.61,44.94,0.64,0
336,68,913.71,253.87,94.53,58.81,0.82,0
336,87,726.97,400.02,67.32,65.82,0.88,0
336,2,1535.86,401.99,50.90,46.67,0.29,0
337,68,919.26,253.90,93.25,57.90,0.82,0
337,87,733.24,400.32,66.57,64.76,0.87,0
337,2,1540.39,401.34,51.70,47.73,0.81,0
338,68,925.62,253.21,93.51,58.22,0.74,0
338,87,741.22,400.43,66.13,64.52,0.88,0
338,2,1548.56,401.01,50.54,46.76,0.38,0
339,68,933.18,252.68,93.38,58.28,0.81,0
339,87,747.14,400.07,65.83,64.58,0.88,0
339,2,1556.00,400.74,49.25,45.38,0.30,0
340,68,939.99,252.76,92.93,57.90,0.84,0
340,87,752.78,399.71,67.15,65.84,0.86,0
340,2,1564.31,399.01,51.29,47.27,0.26,0
341,68,947.15,252.99,92.90,57.98,0.81,0
341,87,761.41,399.94,65.66,64.30,0.86,0
341,2,1572.55,397.48,52.04,48.13,0.65,0
342,68,954.56,252.25,92.06,57.56,0.65,0
342,87,767.85,398.24,67.48,66.51,0.91,0
342,2,1581.91,394.79,53.81,49.28,0.31,0
343,68,963.06,251.93,92.22,57.54,0.83,0
343,87,774.68,397.53,68.58,67.75,0.87,0
343,2,1590.31,394.84,53.24,48.95,0.60,0
344,68,969.53,251.26,92.69,58.06,0.83,0
344,87,782.41,398.28,66.11,65.16,0.84,0
344,2,1599.08,394.99,50.01,46.01,0.31,0
345,68,976.24,250.17,94.07,59.18,0.83,0
345,87,791.20,398.97,65.30,64.47,0.90,0
345,2,1606.75,392.95,51.15,47.08,0.30,0
346,68,982.58,249.18,94.75,59.94,0.72,0
346,87,796.74,397.87,66.51,65.84,0.86,0
346,2,1615.04,391.23,53.09,48.81,0.71,0
347,68,989.10,249.18,94.84,60.13,0.84,0
347,87,803.05,397.43,67.13,66.33,0.34,0
347,2,1622.52,390.52,51.28,47.18,0.70,0
348,68,996.45,249.53,93.15,59.08,0.81,0
348,87,811.22,397.60,66.12,65.52,0.86,0
348,2,1630.78,387.67,55.42,50.96,0.37,0
349,68,1004.07,249.41,91.30,57.73,0.58,0
349,87,817.00,395.96,67.57,67.39,0.90,0
349,2,1638.99,388.56,51.69,47.41,0.56,0
350,68,1008.44,247.97,94.21,59.80,0.82,0
350,87,823.11,395.99,67.21,67.21,0.86,0
350,2,1645.41,387.03,52.10,47.56,0.70,0
351,68,1013.43,247.38,94.81,60.19,0.79,0
351,87,829.11,393.92,66.59,66.60,0.87,0
351,2,1652.23,386.16,52.18,47.80,0.56,0
352,68,1019.98,247.79,92.35,58.52,0.73,0
352,87,834.81,394.35,66.04,66.11,0.86,0
352,2,1658.54,384.89,52.51,47.86,0.37,0
353,68,1025.60,247.85,91.74,57.97,0.83,0
353,87,839.74,394.11,67.29,67.60,0.91,0
353,2,1664.42,383.78,52.02,47.42,0.70,0
354,68,1029.40,246.61,92.84,58.66,0.87,0
354,87,843.38,393.50,67.00,67.42,0.90,0
354,2,1670.21,383.63,51.92,47.44,0.76,0
355,68,1035.09,246.88,92.11,58.01,0.83,0
355,87,846.99,392.95,67.79,68.20,0.88,0
355,2,1676.44,383.27,51.83,47.48,0.62,0
356,68,1037.67,246.23,94.16,59.34,0.80,0
356,87,850.67,392.70,68.03,68.46,0.81,0
356,2,1680.21,381.74,52.45,48.01,0.77,0
357,68,1039.81,245.45,95.33,59.79,0.73,0
357,87,856.63,392.52,65.49,65.80,0.74,0
357,2,1683.55,380.28,54.14,49.59,0.72,0
358,68,1041.78,243.84,95.27,59.16,0.55,0
358,87,860.23,393.78,64.17,64.33,0.85,0
358,2,1687.16,379.27,53.94,49.58,0.80,0
359,68,1045.88,243.09,96.18,59.71,0.38,0
359,87,863.02,393.49,65.53,65.91,0.89,0
359,2,1690.93,379.55,52.30,48.22,0.78,0
360,68,1050.36,243.30,94.22,58.48,0.53,0
360,87,865.92,392.71,66.14,66.66,0.92,0
360,2,1695.30,380.32,50.30,46.31,0.62,0
361,68,1053.86,243.21,91.66,56.71,0.76,0
361,87,868.03,389.98,67.93,68.61,0.90,0
361,2,1699.72,381.12,48.77,44.89,0.62,0
362,68,1057.62,242.98,90.55,55.96,0.86,0
362,87,870.23,391.85,66.40,67.03,0.88,0
362,2,1702.31,380.57,48.51,44.58,0.64,0
363,68,1058.39,242.05,94.52,58.42,0.81,0
363,87,871.83,390.14,67.88,68.33,0.49,0
363,2,1704.39,377.23,52.58,48.33,0.30,0
364,68,1058.89,242.07,95.93,59.10,0.74,0
364,87,874.29,389.36,67.86,67.89,0.88,0
364,2,1706.11,375.79,54.07,49.78,0.45,0
365,68,1060.05,242.55,94.39,57.75,0.69,0
365,87,875.98,389.54,67.99,67.56,0.57,0
365,2,1707.88,375.16,54.33,50.11,0.70,0
366,68,1062.41,242.24,94.06,57.30,0.84,0
366,87,879.07,389.71,66.85,66.22,0.92,0
366,2,1710.76,374.72,54.37,50.43,0.44,0
367,68,1065.07,241.50,93.84,56.99,0.79,0
367,87,882.16,391.07,66.14,65.49,0.91,0
367,2,1714.31,374.23,53.71,49.92,0.48,0
368,68,1067.59,240.65,94.73,57.40,0.77,0
368,87,885.55,391.12,63.76,62.80,0.87,0
369,68,1071.73,240.30,94.55,57.44,0.74,0
369,87,887.48,391.46,65.16,64.12,0.91,0
369,2,1719.97,372.57,53.78,50.18,0.28,0
370,68,1073.06,240.71,92.65,55.95,0.80,0
370,87,889.02,390.39,67.45,66.54,0.91,0
371,68,1076.45,240.48,91.72,55.44,0.88,0
371,87,891.08,389.44,67.41,66.73,0.88,0
372,68,1079.00,239.47,93.92,56.88,0.84,0
372,87,893.83,388.01,67.28,66.73,0.88,0
372,2,1728.45,371.51,51.86,48.38,0.51,0
373,68,1082.08,238.97,94.52,57.20,0.70,0
373,87,896.53,387.18,66.92,66.23,0.88,0
373,2,1732.18,371.46,51.76,48.21,0.51,0
374,68,1082.35,237.86,97.38,58.98,0.80,0
374,87,898.42,387.48,67.03,66.17,0.88,0
374,2,1735.45,369.70,53.53,49.94,0.32,0
375,68,1085.96,238.00,97.08,58.66,0.83,0
375,87,901.58,389.18,65.30,64.15,0.61,0
375,2,1738.53,368.23,53.75,50.19,0.54,0
376,68,1090.47,238.84,95.44,57.59,0.76,0
376,87,905.38,388.36,65.46,64.31,0.87,0
376,2,1741.91,368.25,52.09,48.52,0.58,0
377,68,1092.34,238.80,95.81,57.71,0.55,0
377,87,909.36,389.12,65.98,65.01,0.90,0
377,2,1746.23,368.62,51.53,48.14,0.37,0
378,68,1097.18,238.55,95.17,57.51,0.75,0
378,87,913.70,388.46,66.38,65.63,0.90,0
379,68,1099.67,235.54,98.08,59.11,0.43,0
379,87,917.59,385.85,67.44,66.87,0.87,0
379,2,1758.65,364.94,54.86,51.15,0.71,0
380,68,1103.55,233.93,100.55,60.93,0.84,0
380,87,920.62,385.79,67.45,66.86,0.89,0
380,2,1763.64,364.19,54.13,50.56,0.69,0
381,68,1106.82,231.91,102.15,62.29,0.85,0
381,87,924.11,385.81,66.46,65.63,0.88,0
381,2,1769.38,364.55,53.44,50.00,0.69,0
382,68,1110.38,231.07,100.76,61.60,0.82,0
382,87,928.11,385.14,65.40,64.28,0.90,0
382,2,1773.72,363.93,51.97,48.45,0.43,0
383,68,1113.42,229.27,101.21,62.15,0.83,0
383,87,931.50,385.15,64.93,63.56,0.88,0
383,2,1777.64,360.78,55.32,50.99,0.37,0
384,68,1117.08,229.50,98.09,60.24,0.80,0
384,87,933.72,384.95,65.89,64.48,0.88,0
384,2,1779.27,359.38,56.32,51.48,0.54,0
385,68,1120.38,229.46,98.05,60.32,0.83,0
385,87,937.11,383.71,66.44,65.26,0.89,0
385,2,1782.21,359.64,55.84,51.13,0.61,0
386,68,1125.39,229.04,98.55,60.57,0.86,0
386,87,939.75,383.50,66.80,65.86,0.89,0
386,2,1786.88,359.84,54.88,49.88,0.62,0
387,68,1129.85,229.02,97.53,59.71,0.85,0
387,87,944.29,383.56,65.84,65.11,0.85,0
387,2,1793.42,359.55,54.54,49.69,0.56,0
388,68,1135.26,228.33,97.36,59.68,0.85,0
388,87,948.18,383.56,65.87,64.95,0.89,0
388,2,1798.33,358.89,54.80,50.02,0.28,0
389,68,1138.44,227.62,98.89,60.84,0.76,0
389,87,953.61,383.13,64.04,62.83,0.87,0
389,2,1803.13,357.52,54.92,50.20,0.63,0
390,87,958.01,382.96,65.29,64.22,0.87,0
390,2,1807.83,356.01,54.84,50.25,0.52,0
391,87,962.71,382.24,64.95,63.99,0.91,0
392,87,965.80,381.18,65.24,64.34,0.87,0
392,68,1153.36,226.94,96.16,59.02,0.78,0
392,2,1820.09,354.76,55.07,50.35,0.50,0
393,87,970.79,382.02,64.88,64.03,0.85,0
393,68,1158.45,226.90,95.36,58.56,0.83,0
393,2,1825.81,354.43,55.98,51.14,0.44,0
394,87,975.85,381.32,64.32,63.20,0.90,0
394,68,1163.06,226.30,96.37,59.32,0.79,0
394,2,1831.69,353.71,55.77,51.03,0.47,0
395,87,983.33,381.93,62.21,60.74,0.87,0
395,2,1841.73,354.69,53.15,48.51,0.55,0
396,87,989.36,381.82,63.03,61.50,0.86,0
396,2,1848.56,352.61,57.23,52.40,0.66,0
396,68,1176.33,224.59,97.56,60.19,0.79,0
397,87,996.31,382.21,63.73,62.21,0.86,0
397,2,1856.90,352.10,57.22,52.70,0.46,0
397,68,1183.83,224.08,97.90,60.54,0.84,0
398,87,1004.66,382.87,62.45,60.81,0.86,0
398,68,1191.62,224.26,97.63,60.57,0.52,0
399,87,1011.58,380.93,63.79,62.34,0.89,0
399,68,1200.54,223.86,96.86,60.17,0.87,0
399,2,1872.52,351.14,47.48,51.53,0.59,0
400,87,1019.55,379.95,65.20,63.72,0.87,0
400,68,1209.84,223.89,96.03,59.76,0.78,0
401,87,1028.59,380.28,63.67,62.11,0.85,0
401,68,1217.99,224.05,94.46,58.41,0.28,0
402,87,1035.07,379.31,63.65,62.23,0.87,0
402,68,1225.92,222.13,96.58,59.72,0.88,0
403,87,1041.58,379.31,64.47,63.37,0.84,0
403,68,1233.29,222.09,96.93,59.86,0.89,0
404,87,1049.27,380.05,62.73,61.48,0.87,0
404,68,1239.28,221.50,96.80,59.66,0.71,0
405,87,1056.49,378.73,63.22,62.15,0.88,0
405,68,1246.82,220.18,96.39,58.94,0.81,0
406,87,1061.50,377.03,65.15,64.45,0.85,0
406,68,1253.07,220.07,95.84,58.19,0.86,0
407,87,1067.25,376.40,66.48,65.82,0.88,0
407,68,1259.72,218.41,94.64,56.54,0.67,0
408,87,1075.99,375.74,66.16,65.58,0.88,0
408,68,1269.09,217.06,95.62,56.80,0.65,0
409,87,1083.89,373.59,67.31,66.99,0.86,0
409,68,1276.39,216.69,98.21,58.09,0.83,0
410,87,1095.00,373.90,64.84,64.36,0.87,0
410,68,1286.30,215.55,97.67,57.52,0.55,0
411,87,1104.01,373.05,65.49,65.22,0.91,0
411,68,1296.94,214.19,98.83,58.28,0.76,0
412,87,1111.64,372.54,66.08,66.12,0.87,0
413,87,1119.08,370.62,65.80,65.80,0.88,0
413,68,1314.01,212.14,99.96,59.03,0.83,0
414,87,1126.35,371.24,66.03,66.21,0.89,0
414,68,1320.91,211.01,98.95,58.24,0.57,0
415,87,1131.33,369.72,66.31,66.73,0.90,0
415,68,1326.22,211.41,99.32,58.31,0.83,0
416,87,1136.32,369.71,66.27,66.80,0.86,0
416,68,1330.84,209.94,101.81,59.97,0.31,0
417,87,1140.31,368.10,67.28,67.94,0.71,0
417,68,1334.28,207.92,104.28,61.41,0.64,0
418,87,1145.34,368.04,65.17,65.70,0.56,0
418,68,1338.61,206.77,106.18,62.77,0.85,0
419,87,1150.41,369.60,65.41,66.15,0.88,0
419,68,1343.26,206.12,104.81,62.03,0.83,0
420,87,1154.27,368.79,65.98,66.86,0.92,0
420,68,1345.99,205.74,104.62,61.77,0.82,0
421,87,1158.73,368.38,65.66,66.55,0.83,0
421,68,1352.36,205.30,104.25,61.52,0.85,0
422,87,1162.38,367.46,65.94,66.82,0.54,0
422,68,1357.68,204.71,103.61,60.93,0.38,0
423,87,1168.94,366.55,64.38,64.72,0.90,0
423,68,1362.68,204.26,104.31,61.24,0.86,0
424,87,1174.23,367.42,64.16,64.44,0.89,0
424,68,1368.82,203.98,104.14,61.16,0.84,0
425,87,1178.95,366.99,64.56,64.82,0.90,0
425,68,1373.34,203.07,103.14,60.27,0.75,0
426,87,1184.77,365.27,63.46,63.28,0.87,0
426,68,1379.95,201.45,102.62,59.95,0.68,0
427,87,1187.37,364.87,66.07,65.67,0.88,0
427,68,1382.84,198.55,107.52,62.83,0.59,0
428,87,1192.60,364.95,65.66,65.18,0.88,0
429,87,1197.59,365.07,64.87,64.38,0.89,0
429,68,1392.26,198.75,107.09,62.60,0.45,0
430,87,1201.82,364.23,64.87,64.57,0.90,0
430,68,1398.33,199.11,104.08,60.66,0.72,0
431,87,1205.09,363.63,65.45,65.38,0.88,0
431,68,1403.56,198.57,103.23,60.30,0.81,0
432,87,1209.07,363.74,65.30,65.14,0.88,0
432,68,1407.67,197.57,102.83,59.74,0.73,0
433,87,1211.91,363.77,64.99,64.61,0.88,0
433,68,1411.30,197.21,104.34,60.62,0.84,0
434,87,1215.10,362.46,66.09,65.60,0.89,0
434,68,1415.23,196.39,106.54,62.17,0.88,0
435,87,1220.22,362.14,65.27,64.56,0.89,0
435,68,1420.36,197.24,105.00,61.15,0.83,0
436,87,1222.58,361.65,66.14,65.54,0.89,0
436,68,1421.84,195.11,108.93,63.73,0.75,0
437,87,1225.82,360.42,67.27,67.03,0.90,0
437,68,1425.31,194.62,108.01,63.36,0.77,0
438,87,1228.60,359.69,66.24,66.25,0.88,0
438,68,1427.97,193.89,107.00,62.60,0.45,0
439,87,1232.08,360.36,65.82,65.80,0.87,0
439,68,1432.01,193.25,106.65,62.17,0.54,0
440,87,1234.23,359.93,66.96,66.97,0.88,0
440,68,1435.57,192.79,108.11,63.23,0.79,0
441,87,1238.36,359.58,65.48,65.27,0.89,0
441,68,1438.79,192.60,108.58,63.84,0.76,0
442,87,1241.33,358.74,65.20,64.82,0.88,0
442,68,1442.32,192.61,108.08,63.69,0.83,0
443,87,1243.42,358.73,65.28,64.72,0.86,0
443,68,1444.80,191.73,110.07,65.01,0.80,0
444,87,1245.64,358.03,66.88,66.31,0.88,0
444,68,1448.79,192.29,106.86,63.09,0.64,0
445,87,1248.83,357.44,66.78,66.30,0.91,0
445,68,1452.28,191.88,104.94,61.88,0.40,0
446,87,1250.11,356.47,67.86,67.55,0.90,0
446,68,1455.65,191.67,104.21,61.38,0.79,0
447,87,1252.23,356.67,67.45,67.37,0.87,0
447,68,1457.86,190.39,104.89,61.66,0.54,0
448,87,1255.03,357.26,66.37,66.42,0.84,0
448,68,1458.60,189.15,109.84,64.84,0.46,0
449,87,1257.93,357.59,66.39,66.56,0.85,0
449,68,1461.79,189.01,109.43,64.61,0.56,0
450,87,1260.74,358.46,65.49,65.56,0.88,0
450,68,1465.59,190.08,107.30,63.33,0.83,0
451,87,1263.04,358.21,64.37,64.08,0.84,0
451,68,1467.63,190.16,108.63,64.27,0.83,0
452,87,1264.49,357.02,64.47,63.89,0.88,0
452,68,1468.86,189.40,110.56,65.52,0.52,0
453,87,1267.35,357.55,62.58,61.74,0.84,0
453,68,1469.63,188.64,109.46,64.87,0.71,0
454,87,1268.36,357.85,62.80,61.74,0.86,0
454,68,1469.53,187.67,111.26,66.14,0.85,0
455,87,1268.64,357.81,64.46,63.34,0.87,0
455,68,1471.69,187.90,109.53,64.97,0.75,0
456,87,1271.09,357.16,64.24,62.97,0.87,0
456,68,1475.30,188.07,107.49,63.59,0.71,0
457,87,1273.24,356.61,64.45,63.29,0.88,0
457,68,1475.81,187.95,107.46,63.34,0.52,0
458,87,1274.78,356.41,64.35,63.29,0.89,0
458,68,1478.32,187.79,107.60,63.26,0.75,0
459,87,1275.71,356.19,64.78,64.02,0.88,0
459,68,1480.77,187.29,107.05,62.98,0.63,0
460,87,1277.09,355.34,64.59,64.03,0.85,0
461,87,1277.28,353.79,65.90,65.66,0.84,0
461,68,1480.36,185.23,111.64,65.66,0.36,0
462,87,1279.59,354.25,65.40,65.22,0.85,0
462,68,1484.20,184.20,111.46,65.99,0.74,0
463,87,1281.40,353.74,65.90,65.68,0.85,0
463,68,1486.95,183.23,112.22,66.91,0.78,0
464,87,1283.42,353.51,67.29,67.15,0.87,0
464,68,1491.12,183.05,110.73,66.30,0.81,0
465,87,1287.28,355.30,63.48,63.07,0.79,0
465,68,1494.14,182.40,110.12,66.18,0.64,0
466,87,1290.15,355.66,62.55,62.11,0.86,0
466,68,1496.88,181.64,110.38,66.55,0.84,0
467,87,1290.55,353.47,65.05,64.56,0.88,0
467,68,1499.46,181.48,109.09,65.90,0.83,0
468,87,1293.48,353.29,65.06,64.72,0.89,0
468,68,1501.88,181.05,109.23,65.99,0.85,0
469,87,1295.64,351.84,65.75,65.72,0.89,0
469,68,1503.96,181.00,107.97,65.14,0.57,0
470,87,1297.95,351.10,65.25,65.50,0.90,0
470,68,1505.07,180.76,108.55,65.39,0.66,0
471,87,1298.74,350.74,65.83,66.41,0.90,0
471,68,1507.64,180.69,109.79,66.37,0.88,0
472,87,1300.43,350.80,65.70,66.51,0.89,0
472,68,1510.16,180.74,109.16,66.20,0.88,0
473,87,1301.89,349.45,67.96,69.03,0.88,0
473,68,1513.02,180.46,109.37,66.57,0.87,0
474,87,1302.37,348.26,69.56,70.94,0.88,0
474,68,1514.93,180.10,109.71,66.93,0.87,0
475,87,1305.15,348.75,68.05,69.68,0.87,0
475,68,1515.56,179.59,110.34,67.42,0.87,0
476,87,1306.97,348.45,68.62,70.40,0.88,0
476,68,1516.76,179.16,110.78,67.72,0.86,0
477,87,1308.36,347.84,67.99,69.92,0.84,0
477,68,1518.00,178.70,109.90,66.90,0.84,0
478,87,1310.56,347.83,66.86,68.58,0.88,0
478,68,1519.42,178.47,109.96,67.06,0.86,0
479,87,1313.87,347.79,64.56,66.19,0.85,0
479,68,1521.84,178.18,108.96,66.38,0.82,0
480,87,1315.45,347.14,65.96,67.68,0.86,0
480,68,1524.94,178.36,107.70,65.44,0.80,0
481,87,1317.16,347.81,65.54,67.17,0.87,0
481,68,1527.19,178.92,106.97,64.82,0.44,0
482,87,1318.89,348.19,65.43,67.11,0.88,0
482,68,1528.46,178.47,107.30,64.77,0.50,0
483,87,1319.64,347.67,65.55,67.28,0.89,0
483,68,1530.36,178.21,107.49,64.66,0.63,0
484,87,1320.23,346.94,66.37,68.11,0.90,0
484,68,1532.06,177.68,107.53,64.40,0.79,0
485,87,1322.45,346.68,64.72,66.34,0.89,0
485,68,1532.90,176.66,108.36,64.78,0.51,0
486,87,1323.05,345.87,65.64,67.35,0.88,0
486,68,1533.04,176.27,109.23,65.21,0.75,0
487,87,1324.52,344.81,66.54,68.16,0.87,0
487,68,1534.57,175.21,109.53,65.06,0.62,0
488,87,1326.40,345.41,66.51,67.99,0.86,0
488,68,1537.19,175.21,109.76,65.25,0.89,0
489,87,1328.23,345.52,67.24,68.62,0.86,0
489,68,1540.26,174.74,111.00,66.19,0.89,0
490,87,1329.77,344.92,67.80,69.12,0.87,0
491,87,1333.40,344.51,65.54,66.65,0.87,0
491,68,1543.47,173.58,110.99,66.35,0.75,0
492,87,1334.07,342.49,66.95,68.13,0.69,0
492,68,1547.77,173.82,107.82,64.38,0.81,0
493,87,1337.67,343.23,65.31,66.14,0.66,0
494,87,1339.49,344.21,65.69,66.65,0.86,0
494,68,1550.83,171.59,110.94,66.17,0.66,0
495,87,1340.84,344.17,66.65,67.70,0.89,0
495,68,1552.77,171.25,111.82,66.82,0.85,0
496,87,1342.97,343.71,66.42,67.38,0.90,0
496,68,1555.30,170.85,111.85,66.97,0.90,0
497,87,1344.17,343.37,66.63,67.51,0.92,0
497,68,1558.51,170.30,112.03,67.46,0.91,0
498,87,1347.34,342.66,66.44,67.23,0.88,0
498,68,1562.39,169.72,111.40,67.18,0.87,0
499,87,1350.01,341.59,65.71,66.13,0.89,0
499,68,1563.19,168.01,112.81,68.24,0.76,0
500,87,1352.08,341.86,66.15,66.37,0.83,0
500,68,1564.68,167.19,114.86,69.77,0.81,0
501,87,1353.55,341.70,66.18,66.31,0.87,0
501,68,1565.73,167.14,113.80,69.16,0.78,0
502,87,1354.61,340.68,67.98,67.98,0.67,0
502,68,1568.10,167.08,113.58,69.21,0.88,0
503,87,1358.69,340.96,65.89,65.76,0.89,0
503,68,1572.69,167.48,111.23,67.71,0.87,0
504,87,1360.09,340.52,67.04,66.90,0.88,0
504,68,1574.91,167.25,111.82,68.05,0.87,0
505,87,1362.55,340.45,67.06,66.85,0.88,0
505,68,1577.86,168.03,107.97,65.21,0.84,0
506,87,1364.89,339.79,67.82,67.74,0.89,0
506,68,1581.32,167.08,106.12,63.90,0.46,0
507,87,1367.35,339.25,68.75,69.04,0.89,0
507,68,1585.65,166.71,103.86,62.11,0.74,0
508,87,1370.97,339.48,66.32,66.81,0.87,0
508,68,1588.10,166.43,105.90,63.23,0.86,0
509,87,1372.94,339.21,67.44,67.99,0.88,0
509,68,1589.31,164.32,109.43,65.47,0.84,0
510,87,1375.17,338.06,67.86,68.42,0.87,0
510,68,1590.12,162.80,113.03,67.84,0.84,0
511,87,1376.44,338.53,67.40,67.88,0.87,0
511,68,1592.04,162.92,111.83,67.04,0.75,0
512,87,1379.53,337.87,67.17,67.66,0.39,0
512,68,1595.12,163.02,110.06,65.66,0.85,0
513,87,1381.50,337.55,67.25,67.60,0.90,0
513,68,1597.03,162.68,108.64,64.34,0.74,0
514,87,1383.53,337.35,66.62,66.83,0.88,0
514,68,1600.55,162.23,107.99,63.74,0.83,0
515,87,1386.61,337.08,66.73,66.86,0.88,0
515,68,1602.63,161.35,109.43,64.58,0.86,0
516,87,1388.66,335.97,67.54,67.72,0.89,0
516,68,1605.13,160.39,109.84,64.83,0.86,0
517,87,1390.25,335.30,68.25,68.52,0.91,0
517,68,1606.62,159.20,113.01,66.76,0.77,0
518,87,1391.81,334.80,69.48,69.98,0.90,0
518,68,1610.22,158.89,112.56,66.63,0.84,0
519,87,1394.13,333.52,69.19,70.00,0.87,0
519,68,1612.65,158.25,112.81,66.75,0.84,0
520,87,1396.39,333.43,69.04,70.00,0.86,0
520,68,1615.06,157.69,113.42,67.29,0.87,0
521,87,1398.92,333.25,69.24,70.26,0.86,0
521,68,1617.77,157.24,114.53,67.97,0.81,0
522,87,1401.58,332.93,69.85,70.70,0.89,0
522,68,1620.04,156.93,113.85,67.46,0.79,0
523,87,1404.59,333.60,67.95,68.41,0.80,0
523,68,1622.74,156.02,113.06,66.93,0.69,0
524,87,1406.52,332.71,68.18,68.43,0.89,0
524,68,1624.58,155.65,112.47,66.39,0.74,0
525,87,1409.19,333.52,67.02,67.12,0.88,0
525,68,1626.93,155.58,110.16,64.66,0.67,0
526,87,1411.18,333.24,67.62,67.59,0.89,0
526,68,1631.45,155.40,109.92,64.28,0.86,0
527,87,1413.20,333.11,68.20,68.08,0.91,0
527,68,1633.40,154.47,113.05,66.21,0.88,0
528,87,1416.05,332.34,67.74,67.72,0.89,0
528,68,1635.09,154.42,113.27,66.39,0.88,0
529,87,1418.17,331.21,68.40,68.57,0.89,0
529,68,1637.18,154.12,114.65,67.27,0.81,0
530,87,1420.29,330.20,68.46,68.82,0.83,0
530,68,1641.57,153.52,115.07,67.59,0.89,0
531,87,1421.69,329.54,70.18,70.61,0.85,0
531,68,1645.36,153.62,112.43,65.73,0.79,0
532,87,1423.99,328.50,70.05,70.22,0.85,0
532,68,1649.64,154.60,108.87,63.22,0.72,0
533,87,1428.64,329.99,68.00,68.04,0.90,0
533,68,1651.05,153.54,110.06,63.68,0.85,0
534,87,1432.36,330.85,65.19,65.18,0.88,0
534,68,1651.78,151.05,113.42,65.44,0.68,0
535,87,1434.21,329.05,66.71,66.56,0.88,0
535,68,1653.27,149.99,115.31,66.43,0.80,0
536,87,1436.26,327.54,67.77,67.67,0.88,0
536,68,1655.95,150.34,115.42,66.36,0.86,0
537,87,1438.72,326.86,67.83,67.93,0.89,0
537,68,1657.77,150.33,116.83,67.12,0.84,0
538,87,1441.56,327.30,67.42,67.79,0.89,0
538,68,1660.52,150.33,116.32,66.64,0.69,0
539,87,1442.87,326.41,68.58,69.25,0.89,0
539,68,1663.39,150.34,117.30,67.14,0.82,0
540,87,1444.77,326.05,69.18,69.91,0.89,0
540,68,1667.61,149.04,117.37,67.11,0.54,0
541,87,1446.14,325.78,70.42,71.13,0.87,0
541,68,1672.31,150.33,113.29,64.33,0.34,0
542,87,1448.73,326.33,70.48,71.14,0.87,0
542,68,1673.05,149.50,114.48,64.89,0.53,0
543,68,1673.12,147.41,117.28,66.40,0.79,0
544,68,1673.30,145.78,119.66,67.61,0.63,0
544,87,1455.90,328.98,66.28,66.66,0.89,0
545,68,1670.47,146.57,123.12,68.28,0.33,0
545,87,1458.32,327.41,67.11,67.35,0.88,0
546,68,1675.36,147.04,122.83,68.23,0.76,0
546,87,1459.13,326.59,67.79,67.95,0.88,0
547,68,1680.23,147.61,120.37,66.97,0.26,0
547,87,1461.86,326.49,67.50,67.76,0.89,0
548,68,1683.30,148.02,121.46,67.78,0.84,0
548,87,1464.55,326.26,66.69,67.20,0.89,0
549,68,1684.85,148.40,119.85,66.97,0.52,0
549,87,1465.74,327.27,65.53,66.15,0.89,0
550,68,1687.59,147.58,119.63,66.56,0.68,0
550,87,1467.61,327.01,66.57,67.43,0.88,0
551,68,1691.28,147.68,119.65,66.58,0.45,0
551,87,1468.90,325.77,68.07,69.00,0.88,0
552,68,1695.06,148.80,118.47,65.89,0.48,0
552,87,1469.22,324.81,70.07,71.15,0.88,0
553,68,1696.62,147.34,120.93,67.49,0.84,0
553,87,1471.45,324.86,71.46,72.57,0.88,0
554,68,1698.84,146.24,122.22,68.48,0.85,0
554,87,1476.48,327.27,67.32,68.13,0.71,0
555,68,1696.82,145.61,124.00,69.08,0.43,0
555,87,1480.17,329.42,65.09,65.72,0.88,0
556,68,1700.76,146.77,123.85,69.13,0.34,0
556,87,1482.92,327.81,66.26,66.85,0.88,0
557,87,1484.29,327.03,67.18,67.73,0.87,0
558,87,1486.48,326.21,68.28,69.00,0.90,0
558,68,1708.79,148.23,121.99,67.94,0.77,0
559,87,1488.56,325.89,67.63,68.54,0.90,0
559,68,1710.10,149.04,121.50,67.04,0.61,0
560,87,1491.09,325.57,68.70,69.89,0.89,0
560,68,1712.85,149.51,118.16,64.24,0.58,0
561,87,1492.50,324.17,70.05,71.49,0.89,0
561,68,1715.21,147.00,122.51,66.73,0.84,0
562,87,1493.99,323.43,71.60,73.17,0.88,0
562,68,1717.50,145.26,124.03,67.61,0.83,0
563,87,1495.67,322.40,73.15,74.67,0.88,0
563,68,1720.10,143.87,126.10,68.96,0.53,0
564,87,1499.64,322.92,70.65,71.91,0.90,0
564,68,1722.50,142.99,127.14,69.85,0.39,0
565,87,1503.98,323.70,69.22,70.21,0.87,0
565,68,1725.68,142.82,127.35,70.18,0.55,0
566,87,1507.95,324.26,68.27,69.26,0.89,0
566,68,1729.75,142.84,125.18,68.98,0.62,0
567,87,1509.70,323.68,68.42,69.27,0.91,0
567,68,1735.27,143.40,124.37,68.83,0.78,0
568,87,1511.72,322.97,69.03,69.93,0.91,0
568,68,1740.05,143.26,122.83,68.24,0.71,0
569,87,1514.26,322.52,69.82,70.81,0.90,0
569,68,1742.99,142.91,124.92,69.70,0.87,0
570,87,1516.57,321.98,71.29,72.42,0.87,0
570,68,1747.52,142.27,124.42,69.85,0.68,0
571,87,1518.19,321.54,72.74,73.92,0.87,0
571,68,1750.75,142.25,123.45,69.70,0.81,0
572,87,1521.65,320.80,72.44,73.53,0.88,0
572,68,1753.71,141.89,123.46,69.91,0.82,0
573,87,1524.99,320.83,71.53,72.59,0.87,0
573,68,1754.49,141.45,124.96,71.00,0.84,0
574,87,1529.30,321.74,70.03,71.08,0.87,0
574,68,1757.47,141.42,123.95,70.35,0.83,0
575,87,1533.17,322.69,68.76,69.91,0.89,0
575,68,1760.82,141.54,123.14,69.86,0.84,0
576,87,1534.90,321.86,69.62,70.74,0.92,0
576,68,1764.59,139.92,125.32,71.44,0.83,0
577,87,1536.38,320.39,71.05,72.27,0.91,0
577,68,1770.04,138.96,124.25,71.17,0.73,0
578,87,1539.06,320.06,73.02,74.28,0.88,0
578,68,1773.30,136.84,126.71,73.25,0.67,0
579,87,1542.01,319.46,73.39,74.62,0.88,0
579,68,1778.20,137.60,123.59,71.55,0.85,0
580,87,1544.86,318.75,73.21,74.31,0.53,0
580,68,1780.57,137.70,124.99,72.55,0.89,0
581,87,1550.79,319.97,70.11,71.09,0.87,0
581,68,1783.57,137.21,126.56,73.71,0.87,0
582,87,1554.40,321.38,69.62,70.52,0.88,0
582,68,1788.77,136.65,125.22,72.97,0.85,0
583,87,1557.56,321.80,69.30,70.23,0.90,0
583,68,1792.33,136.58,124.69,72.89,0.84,0
584,87,1558.95,321.47,70.34,71.23,0.91,0
584,68,1795.14,135.72,124.86,73.64,0.51,0
585,87,1561.31,320.40,70.94,71.75,0.88,0
585,68,1800.14,137.10,119.86,70.93,0.58,0
586,87,1563.59,319.92,73.08,73.87,0.88,0
586,68,1802.92,139.24,117.08,69.09,0.83,0
587,87,1566.15,319.41,73.47,74.26,0.87,0
587,68,1803.79,140.11,116.21,69.00,0.82,0
588,87,1569.12,318.48,73.97,74.76,0.89,0
588,68,1805.67,140.91,114.33,68.52,0.78,0
589,87,1573.93,319.71,70.98,71.68,0.86,0
589,68,1808.77,143.24,111.05,64.98,0.59,0
590,87,1577.73,321.00,70.42,71.14,0.87,0
590,68,1811.75,143.73,108.25,64.57,0.76,0
591,87,1581.72,321.90,69.52,70.21,0.91,0
591,68,1813.38,143.13,106.62,65.52,0.78,0
592,87,1583.33,321.60,70.42,71.13,0.92,0
592,68,1816.21,141.87,103.79,66.87,0.77,0
593,87,1585.45,320.30,71.30,71.97,0.89,0
593,68,1819.56,141.74,100.44,66.49,0.86,0
594,87,1587.33,319.44,74.06,74.86,0.88,0
594,68,1821.13,143.05,98.87,66.42,0.83,0
595,87,1590.65,319.35,74.09,74.85,0.89,0
595,68,1824.32,145.29,95.68,64.71,0.75,0
596,87,1593.44,318.63,74.13,74.86,0.90,0
596,68,1826.11,145.20,93.89,64.85,0.71,0
596,266,1180.36,471.65,28.23,24.48,0.50,0
597,87,1598.63,319.41,71.50,72.15,0.87,0
597,68,1828.18,143.70,91.82,66.26,0.79,0
598,87,1601.88,320.38,70.95,71.61,0.88,0
598,68,1830.14,142.89,89.86,66.64,0.69,0
599,87,1605.11,321.11,70.07,70.65,0.91,0
599,68,1833.22,142.89,86.78,66.62,0.75,0
600,87,1606.95,321.15,70.61,71.14,0.92,0
600,68,1836.84,143.06,83.16,66.09,0.85,0
601,87,1609.46,320.30,71.65,72.12,0.89,0
601,68,1838.89,143.10,81.11,67.00,0.86,0
602,87,1612.03,318.96,74.09,74.53,0.88,0
602,68,1843.91,145.40,76.09,64.79,0.63,0
603,87,1616.54,318.95,73.63,74.09,0.87,0
604,87,1621.73,319.11,72.26,72.86,0.87,0
605,87,1626.52,320.49,71.52,72.14,0.89,0
606,87,1630.36,320.67,71.76,72.51,0.92,0
607,87,1633.31,319.96,73.35,74.06,0.89,0
608,87,1637.07,319.11,74.18,74.84,0.88,0
609,87,1642.34,319.10,73.80,74.35,0.89,0
610,87,1651.08,320.17,72.06,72.57,0.91,0
611,87,1655.97,319.56,71.95,72.27,0.89,0
612,87,1660.68,318.87,72.86,72.94,0.88,0
613,87,1666.75,318.68,73.19,73.29,0.89,0
614,87,1673.10,319.87,72.34,72.42,0.89,0
615,87,1679.01,320.19,72.07,72.25,0.91,0
616,87,1683.29,318.48,74.30,74.50,0.89,0
617,87,1689.64,317.88,73.94,74.17,0.90,0
618,87,1695.93,317.87,73.47,73.73,0.89,0
619,87,1701.51,318.52,72.65,72.93,0.91,0
620,87,1705.76,317.12,73.72,73.83,0.89,0
621,87,1711.64,315.63,74.70,74.97,0.90,0
622,87,1718.25,316.08,73.98,74.33,0.89,0
623,87,1724.49,316.10,73.40,73.77,0.92,0
624,87,1729.75,315.10,73.79,74.23,0.91,0
625,87,1736.81,314.59,73.05,73.23,0.67,0
626,87,1742.44,315.28,73.16,73.32,0.90,0
627,87,1746.03,314.43,73.73,73.91,0.72,0
628,87,1749.53,313.17,75.15,75.50,0.89,0
629,87,1754.92,313.37,74.12,74.42,0.50,0
630,87,1757.87,313.49,74.34,74.66,0.86,0
631,87,1761.95,312.96,75.02,75.28,0.89,0
631,279,1320.68,463.26,35.70,27.86,0.45,0
632,87,1766.01,312.77,74.24,74.49,0.90,0
632,279,1322.90,467.07,31.42,24.54,0.32,0
633,87,1769.67,312.72,74.22,74.44,0.91,0
634,87,1772.19,311.59,74.68,75.10,0.91,0
635,87,1774.51,310.84,76.97,77.67,0.91,0
636,87,1777.87,310.57,75.84,76.47,0.90,0
637,87,1781.19,311.14,75.50,76.03,0.91,0
638,87,1783.76,311.53,74.51,74.91,0.73,0
639,87,1786.00,311.21,74.37,74.66,0.91,0
639,282,1382.82,426.23,29.72,27.18,0.37,0
640,87,1786.62,310.16,76.85,77.03,0.90,0
641,87,1788.67,309.57,77.73,77.77,0.91,0
642,87,1790.13,308.79,77.94,77.77,0.92,0
643,87,1793.57,308.79,77.36,77.07,0.92,0
644,87,1795.57,307.61,78.49,78.22,0.92,0
645,87,1797.34,307.24,79.25,78.85,0.92,0
646,87,1800.82,307.54,79.24,78.81,0.91,0
647,87,1803.22,307.93,78.86,78.32,0.90,0
648,87,1807.70,309.46,77.13,76.36,0.92,0
649,87,1809.05,308.25,78.60,77.69,0.92,0
650,87,1810.76,308.07,79.22,78.26,0.91,0
651,87,1812.79,307.79,79.38,78.39,0.93,0
652,87,1815.48,307.66,77.97,76.96,0.93,0
653,87,1817.42,306.91,78.73,77.67,0.94,0
654,87,1820.90,306.61,78.46,77.36,0.93,0
655,87,1823.54,305.29,77.99,76.68,0.91,0
656,87,1823.99,303.09,80.50,79.26,0.91,0
657,87,1826.16,302.06,81.07,79.88,0.92,0
658,87,1827.19,300.91,81.40,80.25,0.92,0
659,87,1830.80,301.94,78.40,77.07,0.80,0
660,87,1833.46,301.20,78.34,77.01,0.90,0
661,87,1835.90,300.83,77.33,76.03,0.89,0
662,87,1838.36,301.05,76.73,75.39,0.91,0
663,87,1839.72,300.36,76.84,75.69,0.91,0
664,87,1841.46,299.71,76.73,75.90,0.91,0
665,87,1843.06,299.49,76.94,76.68,0.92,0
666,87,1843.87,299.33,76.13,77.32,0.92,0
667,87,1844.74,298.81,75.26,77.47,0.91,0
668,87,1846.38,298.59,73.62,76.93,0.90,0
669,87,1847.68,298.65,72.32,76.97,0.89,0
670,87,1848.50,298.11,71.50,76.94,0.89,0
671,87,1849.75,298.18,70.25,76.71,0.88,0
672,87,1851.17,297.91,68.83,76.24,0.88,0
673,87,1852.18,297.40,67.82,76.07,0.87,0
674,87,1853.49,296.82,66.51,75.87,0.77,0
675,87,1855.54,295.66,64.46,75.97,0.87,0
676,87,1857.58,295.37,62.42,74.99,0.87,0
677,87,1860.00,293.51,60.00,75.20,0.88,0
678,87,1862.27,292.47,57.73,75.48,0.85,0
679,87,1865.77,292.26,54.23,73.76,0.87,0
680,87,1871.14,293.00,48.86,68.79,0.67,0
702,317,1658.60,401.87,28.43,26.09,0.49,0
702,318,1607.83,442.26,35.75,26.88,0.64,0
703,317,1661.05,401.88,29.15,26.77,0.32,0
703,318,1612.91,444.97,32.59,24.55,0.47,0
704,318,1617.57,443.52,33.87,25.54,0.49,0
705,318,1624.21,441.67,34.47,25.93,0.52,0
706,318,1628.41,441.67,33.68,25.34,0.46,0
707,318,1631.59,441.76,35.22,26.36,0.54,0
708,318,1633.31,442.26,35.83,26.79,0.49,0
708,324,1682.41,401.71,27.59,26.42,0.47,0
710,325,1464.56,238.50,28.80,60.47,0.34,0
710,324,1685.26,401.71,28.79,27.54,0.28,0
712,318,1641.70,445.55,35.55,26.93,0.46,0
713,318,1645.80,443.98,37.75,28.93,0.49,0
714,318,1650.22,443.53,37.13,28.56,0.43,0
715,318,1653.86,443.50,38.02,29.14,0.46,0
723,336,1727.34,403.05,28.13,27.43,0.46,0
724,336,1732.18,404.40,25.83,25.17,0.34,0
726,336,1734.71,402.97,28.20,27.38,0.30,0
727,336,1740.53,402.59,28.26,27.48,0.40,0
728,336,1744.82,403.23,28.14,27.39,0.26,0
729,336,1748.30,402.60,28.65,27.94,0.51,0
730,336,1751.32,403.12,28.58,27.79,0.41,0
843,362,857.77,455.07,42.52,48.37,0.45,0
