9,1,781.64,513.02,45.33,42.74,0.56,0
10,1,779.70,512.03,45.29,42.85,0.56,0
11,1,778.00,511.96,44.36,42.17,0.48,0
13,1,772.03,507.13,45.82,43.99,0.52,0
14,1,769.18,504.38,44.87,43.58,0.42,0
15,1,768.02,500.92,43.91,43.11,0.41,0
31,8,689.10,438.40,37.21,43.57,0.71,0
32,8,677.06,435.52,38.82,45.45,0.49,0
33,8,666.84,432.58,40.08,46.88,0.51,0
35,8,644.66,430.22,41.21,48.23,0.53,0
37,8,624.16,429.55,39.91,46.67,0.40,0
38,8,611.73,426.68,41.37,48.30,0.61,0
39,8,600.66,426.50,40.88,47.66,0.68,0
40,8,591.88,426.00,41.19,47.79,0.59,0
41,8,582.06,427.35,38.96,44.97,0.45,0
42,8,570.51,426.44,40.58,46.72,0.50,0
43,8,560.79,425.89,41.04,47.06,0.45,0
44,8,550.93,426.53,41.46,47.40,0.71,0
45,8,544.13,425.86,41.55,47.36,0.71,0
46,8,537.66,425.83,41.84,47.60,0.77,0
47,8,532.52,426.43,40.97,46.66,0.62,0
48,8,526.49,426.48,40.86,46.42,0.76,0
49,8,522.71,425.71,40.74,46.27,0.70,0
50,8,519.94,425.23,40.86,46.19,0.68,0
51,8,516.23,425.92,43.03,48.60,0.39,0
52,8,512.38,426.71,42.97,48.50,0.56,0
53,8,510.59,426.89,42.98,48.51,0.63,0
54,8,510.14,428.41,41.95,47.35,0.34,0
55,8,506.27,429.68,41.20,46.51,0.34,0
56,8,502.09,430.48,41.93,47.03,0.54,0
58,8,497.15,433.58,42.23,47.26,0.50,0
59,8,493.98,435.12,43.26,48.07,0.46,0
61,8,487.76,438.21,42.63,47.18,0.52,0
62,8,485.08,440.77,42.76,47.44,0.48,0
63,8,481.95,441.81,42.70,47.40,0.38,0
64,8,480.19,442.36,42.31,46.87,0.30,0
65,8,479.37,445.35,40.01,44.04,0.49,0
66,8,475.53,446.32,40.93,45.10,0.49,0
67,8,470.65,445.75,43.36,47.33,0.76,0
68,8,468.74,446.60,43.01,46.49,0.75,0
69,8,465.00,448.54,42.48,45.87,0.28,0
70,8,462.14,449.18,41.28,44.54,0.27,0
71,8,458.91,449.90,41.61,44.68,0.59,0
72,8,455.06,451.34,41.19,44.14,0.76,0
73,8,452.69,451.97,42.28,45.28,0.78,0
74,8,450.90,452.74,43.25,46.50,0.71,0
75,8,444.59,453.78,44.79,48.35,0.74,0
76,8,443.12,455.45,45.72,49.50,0.65,0
76,12,548.71,364.58,35.78,45.67,0.40,0
77,8,442.89,458.82,45.11,48.76,0.62,0
78,8,440.14,461.15,45.10,48.82,0.59,0
79,8,437.89,463.57,45.04,48.72,0.40,0
80,8,437.68,468.01,42.92,46.16,0.43,0
82,8,435.45,475.04,43.77,47.30,0.58,0
83,8,436.02,479.96,44.03,47.10,0.69,0
84,8,437.36,483.51,43.52,46.31,0.28,0
86,8,446.78,485.33,44.84,47.91,0.58,0
87,8,454.31,487.59,45.70,49.29,0.46,0
88,8,464.98,490.79,44.68,47.62,0.71,0
91,8,486.52,497.85,46.41,49.84,0.75,0
92,8,494.12,500.08,45.84,49.40,0.80,0
93,8,502.72,501.95,45.17,48.29,0.68,0
94,8,513.80,501.81,45.94,49.01,0.78,0
95,8,524.30,503.75,44.42,47.33,0.60,0
96,8,535.36,503.27,45.41,48.33,0.74,0
97,8,545.35,503.40,45.52,48.57,0.64,0
98,8,552.81,503.99,45.47,48.21,0.65,0
99,8,557.93,504.71,44.76,47.53,0.63,0
100,8,561.21,504.14,45.14,47.88,0.39,0
101,8,563.40,503.65,44.85,47.58,0.74,0
102,8,564.33,503.48,45.07,47.80,0.79,0
103,8,563.73,503.07,44.97,47.67,0.77,0
104,8,563.05,502.68,45.34,48.09,0.80,0
105,8,562.61,502.52,45.10,47.80,0.77,0
106,8,561.79,502.69,44.85,47.50,0.70,0
107,8,560.68,502.85,45.18,47.90,0.60,0
108,8,559.06,502.76,44.88,47.89,0.47,0
109,8,559.08,503.08,44.68,47.79,0.52,0
110,8,558.41,504.17,44.83,48.12,0.31,0
111,8,554.75,504.11,46.58,49.94,0.59,0
112,8,554.70,504.65,46.04,49.45,0.48,0
113,8,554.93,505.21,46.16,49.66,0.49,0
114,8,553.81,505.18,47.03,50.65,0.54,0
119,8,549.11,508.31,45.03,48.75,0.36,0
120,8,548.50,508.91,43.78,47.44,0.50,0
121,8,547.75,508.60,44.19,47.99,0.73,0
122,8,546.05,508.36,43.49,47.10,0.70,0
123,8,544.99,507.93,43.49,46.96,0.78,0
124,8,543.31,507.09,43.66,47.28,0.80,0
125,8,541.45,505.36,45.55,49.52,0.85,0
126,8,540.66,503.30,46.32,50.47,0.83,0
127,8,540.22,501.86,46.31,50.53,0.82,0
128,8,538.69,502.13,45.23,49.29,0.71,0
128,20,643.12,409.63,39.39,44.61,0.60,0
132,8,532.65,503.69,45.75,49.80,0.27,0
133,8,532.82,503.24,45.62,49.17,0.32,0
134,8,532.25,503.50,43.72,47.19,0.50,0
147,8,527.90,488.54,44.52,48.23,0.51,0
148,8,528.54,487.60,45.79,49.60,0.27,0
150,8,527.20,485.63,46.67,51.16,0.43,0
151,8,526.79,485.64,46.05,50.86,0.61,0
152,8,526.08,485.18,45.69,50.90,0.58,0
160,8,516.81,474.03,47.11,52.05,0.78,0
161,24,624.57,379.21,41.26,48.87,0.58,0
161,8,517.01,473.75,46.96,51.76,0.41,0
162,8,517.03,473.05,47.39,52.42,0.38,0
163,8,513.77,472.16,47.99,52.64,0.45,0
164,8,512.68,471.56,48.06,52.57,0.44,0
164,24,621.74,378.47,39.89,47.14,0.31,0
170,8,510.88,461.97,46.27,50.38,0.62,0
171,8,511.01,460.88,47.20,51.05,0.32,0
171,24,620.36,365.91,40.56,47.80,0.45,0
172,24,619.90,364.20,40.79,47.74,0.58,0
173,24,619.15,362.37,41.44,48.17,0.66,0
174,24,618.87,362.21,40.56,46.68,0.57,0
175,24,616.27,357.67,42.63,49.24,0.73,0
175,8,507.96,453.82,47.34,51.01,0.55,0
176,24,615.25,354.81,43.12,50.02,0.73,0
176,8,505.91,451.03,47.99,51.46,0.74,0
177,24,614.34,352.77,41.98,48.87,0.73,0
177,8,504.46,449.26,47.98,51.07,0.75,0
178,24,613.92,350.59,41.03,47.81,0.44,0
178,8,503.44,448.84,46.55,49.48,0.69,0
179,24,613.83,347.96,40.37,46.85,0.38,0
180,24,613.23,342.88,42.29,49.22,0.42,0
181,24,613.36,341.02,43.28,50.49,0.33,0
182,8,493.88,436.70,50.17,52.93,0.72,0
183,8,495.14,435.39,50.05,52.79,0.64,0
184,8,495.22,435.04,49.54,51.94,0.78,0
185,8,492.02,433.98,50.06,52.17,0.72,0
186,8,488.33,433.17,49.35,51.25,0.53,0
187,24,598.52,333.09,43.58,50.66,0.46,0
188,24,594.46,330.67,44.41,51.44,0.76,0
188,8,481.20,430.33,51.11,52.92,0.62,0
189,24,593.24,330.44,43.69,50.58,0.80,0
189,8,478.64,428.82,50.73,52.68,0.58,0
190,24,590.06,329.17,44.33,51.53,0.76,0
190,8,477.59,427.97,49.32,51.18,0.37,0
191,24,588.60,329.11,43.07,50.20,0.74,0
191,8,475.03,426.84,48.70,50.75,0.81,0
192,24,587.58,327.98,41.49,48.73,0.56,0
192,8,472.57,425.51,48.32,50.59,0.79,0
193,24,586.17,327.15,40.70,47.41,0.28,0
193,8,470.28,424.14,48.51,51.04,0.82,0
194,8,467.02,423.05,48.03,50.67,0.73,0
195,8,463.31,420.84,48.52,51.16,0.85,0
196,8,462.20,419.51,48.74,51.28,0.81,0
197,8,459.25,419.23,48.78,51.17,0.78,0
198,8,455.50,417.18,49.46,51.89,0.63,0
198,24,571.87,319.56,41.42,48.14,0.60,0
199,8,454.11,417.22,49.42,51.66,0.38,0
199,24,571.01,320.48,40.37,46.64,0.71,0
200,8,450.67,416.76,48.26,50.61,0.66,0
200,24,567.63,319.08,41.90,47.79,0.70,0
201,8,446.01,414.16,49.43,51.79,0.82,0
201,24,562.73,316.94,43.37,49.13,0.66,0
202,8,443.90,413.15,50.13,52.38,0.86,0
202,24,560.58,316.74,42.81,48.14,0.62,0
203,8,441.62,411.76,50.60,52.67,0.88,0
203,24,557.28,315.86,42.24,46.88,0.54,0
204,8,437.78,410.73,50.84,52.83,0.87,0
204,24,553.80,313.68,43.69,48.10,0.36,0
205,8,434.84,410.79,50.27,52.30,0.81,0
206,8,431.41,410.31,51.28,53.25,0.66,0
206,24,547.72,309.46,48.34,53.34,0.44,0
207,8,428.81,409.20,50.74,52.87,0.80,0
207,24,543.95,308.08,48.16,53.18,0.65,0
208,8,427.02,407.85,51.27,53.49,0.81,0
208,24,541.70,307.12,48.01,53.22,0.70,0
209,8,424.86,406.74,51.28,53.74,0.81,0
209,24,538.93,306.33,47.42,52.50,0.83,0
210,8,421.92,404.45,52.17,55.02,0.82,0
210,24,537.94,306.01,46.36,51.20,0.83,0
211,8,421.05,402.35,50.97,54.02,0.82,0
211,24,537.58,305.57,44.86,49.31,0.75,0
212,8,419.32,400.68,51.35,54.59,0.82,0
212,24,535.71,303.62,44.32,48.01,0.34,0
213,8,416.29,397.70,51.42,54.53,0.65,0
213,24,531.50,298.79,46.35,49.53,0.50,0
214,8,414.47,395.92,51.39,54.31,0.81,0
215,8,408.58,394.85,51.78,54.64,0.82,0
216,8,403.69,392.22,52.24,54.88,0.78,0
217,8,402.73,392.31,51.17,53.54,0.67,0
217,24,521.23,290.83,48.45,52.09,0.33,0
218,8,392.72,389.90,54.53,56.69,0.80,0
219,8,386.43,392.33,52.87,54.91,0.43,0
220,8,380.52,394.03,51.92,53.85,0.52,0
221,8,376.38,396.02,51.69,53.73,0.48,0
223,8,371.24,398.36,50.64,52.86,0.61,0
224,32,486.87,293.20,48.56,51.56,0.53,0
224,8,367.50,398.29,50.81,53.30,0.81,0
225,32,483.86,293.17,49.24,52.27,0.59,0
225,8,365.99,398.23,50.76,53.24,0.64,0
226,8,361.57,397.52,52.69,54.85,0.40,0
227,32,480.79,297.37,46.48,49.31,0.40,0
228,32,477.42,294.48,49.19,52.37,0.50,0
228,8,359.48,399.05,51.77,53.57,0.49,0
229,8,356.91,399.36,51.93,53.47,0.45,0
230,8,354.60,400.67,50.75,52.45,0.76,0
231,8,350.70,400.40,51.41,53.47,0.69,0
232,8,347.43,400.53,50.98,53.17,0.81,0
232,32,468.44,296.11,46.48,49.53,0.53,0
233,8,346.42,400.76,50.29,52.53,0.81,0
233,32,467.18,296.05,45.97,49.04,0.58,0
234,8,345.36,400.60,50.06,52.28,0.81,0
234,32,466.20,295.79,45.98,49.11,0.65,0
235,8,343.36,400.72,49.56,51.92,0.74,0
235,32,463.91,295.64,46.09,49.40,0.39,0
236,8,342.66,400.74,49.31,51.64,0.80,0
236,32,462.81,295.79,45.78,49.22,0.60,0
237,8,340.53,400.07,49.78,52.12,0.69,0
237,32,461.26,296.29,44.94,48.35,0.53,0
238,8,338.42,400.33,49.94,52.14,0.47,0
238,32,458.85,296.22,44.88,48.40,0.61,0
239,32,455.78,293.91,47.68,51.54,0.43,0
240,32,454.42,293.04,48.11,52.22,0.66,0
240,8,333.90,398.65,52.25,54.14,0.40,0
241,32,454.20,292.64,47.80,52.09,0.67,0
241,8,332.63,397.77,52.36,53.99,0.51,0
242,32,454.06,292.45,47.46,51.82,0.62,0
242,8,331.23,396.85,52.20,53.92,0.56,0
243,32,453.37,291.78,46.70,51.27,0.36,0
243,8,330.68,396.74,50.23,51.97,0.61,0
244,8,330.12,396.66,49.71,51.62,0.48,0
245,8,328.58,396.15,49.23,51.13,0.49,0
245,32,451.19,289.59,45.16,49.65,0.35,0
246,8,324.95,393.31,51.67,53.89,0.58,0
246,32,449.21,287.80,45.09,49.56,0.58,0
247,8,322.93,391.03,52.58,54.88,0.64,0
247,32,447.08,285.24,45.73,50.54,0.70,0
248,8,320.91,388.96,53.11,55.22,0.80,0
248,32,446.31,284.28,45.16,50.12,0.78,0
249,8,317.52,387.20,53.80,55.52,0.73,0
249,32,443.04,283.30,44.81,49.67,0.82,0
250,8,314.79,385.74,54.26,55.71,0.68,0
250,32,440.41,282.21,44.71,49.75,0.79,0
251,8,315.40,386.27,52.98,54.08,0.78,0
251,32,440.13,281.76,44.78,49.85,0.80,0
252,8,313.06,386.18,53.74,54.66,0.53,0
252,32,439.50,281.76,44.88,50.08,0.81,0
253,8,311.45,386.32,54.10,54.91,0.37,0
253,32,438.67,281.41,44.74,50.23,0.80,0
254,8,310.14,386.68,53.64,54.30,0.52,0
254,32,437.65,282.16,44.09,49.39,0.78,0
255,8,307.50,386.16,54.05,54.78,0.74,0
255,32,433.93,281.71,44.28,49.36,0.75,0
256,8,305.19,385.50,54.22,55.06,0.56,0
256,32,430.92,279.39,45.85,51.22,0.68,0
257,8,304.30,385.13,54.41,55.40,0.38,0
257,32,429.73,278.60,46.22,51.70,0.73,0
258,32,429.49,278.70,45.49,50.94,0.69,0
259,8,301.75,384.02,54.54,55.57,0.31,0
260,8,300.93,383.43,54.48,55.57,0.47,0
261,8,300.21,382.81,54.39,55.53,0.32,0
262,8,300.16,380.71,54.39,55.43,0.39,0
263,32,431.40,275.12,45.18,50.36,0.36,0
264,32,434.04,273.28,46.22,51.07,0.69,0
265,32,439.26,271.70,49.67,54.90,0.79,0
265,8,315.53,379.94,54.43,55.33,0.77,0
266,32,445.84,272.58,47.98,52.92,0.48,0
266,8,319.88,379.25,55.26,56.36,0.80,0
267,32,451.72,271.83,48.67,53.54,0.43,0
267,8,326.04,378.71,56.11,57.37,0.78,0
268,32,455.67,272.35,47.89,52.27,0.74,0
268,8,330.72,378.08,56.34,57.58,0.68,0
269,32,461.00,272.45,47.01,50.73,0.83,0
269,8,335.26,377.41,55.42,56.46,0.80,0
270,32,465.70,271.55,47.06,50.60,0.82,0
270,8,340.56,377.46,55.00,55.98,0.84,0
271,32,472.23,270.92,47.17,50.66,0.73,0
271,8,345.84,375.98,55.35,56.23,0.72,0
272,32,478.42,270.13,48.82,52.30,0.67,0
272,8,355.35,376.50,54.03,54.84,0.48,0
273,32,487.11,269.00,48.34,51.68,0.85,0
273,8,363.33,375.55,54.98,56.06,0.79,0
274,32,496.46,268.22,48.72,52.11,0.71,0
274,8,373.66,375.39,53.13,54.25,0.79,0
275,32,503.54,266.89,49.75,53.30,0.75,0
275,8,382.80,375.14,53.01,53.98,0.64,0
276,32,511.37,266.07,48.67,52.13,0.84,0
276,8,389.34,373.25,53.64,54.69,0.78,0
277,8,395.98,372.86,53.36,54.43,0.70,0
278,8,402.56,371.80,53.79,54.88,0.72,0
278,32,523.94,264.26,49.21,52.74,0.59,0
279,8,407.29,371.88,53.46,54.43,0.82,0
279,32,528.29,263.88,49.09,52.26,0.86,0
280,8,410.18,370.44,52.82,53.84,0.77,0
280,32,531.78,262.98,48.11,51.14,0.84,0
281,8,411.37,366.47,55.24,56.20,0.83,0
281,32,534.96,260.73,48.57,51.38,0.84,0
282,8,413.81,365.10,54.98,55.66,0.87,0
282,32,537.29,259.39,47.94,50.70,0.87,0
283,8,415.97,363.47,55.06,55.53,0.86,0
283,32,539.33,258.59,47.71,50.61,0.86,0
284,8,416.04,362.51,54.60,54.87,0.86,0
284,32,539.52,257.32,47.86,50.73,0.86,0
285,8,415.58,361.60,54.79,54.87,0.87,0
285,32,539.28,255.67,48.40,51.45,0.81,0
286,8,414.72,361.12,54.88,54.84,0.85,0
286,32,539.57,254.73,48.32,51.45,0.74,0
287,8,414.53,360.89,55.09,54.84,0.83,0
287,32,539.52,254.73,47.88,51.13,0.77,0
288,8,413.04,360.73,55.37,54.91,0.86,0
288,32,538.41,254.31,48.07,51.39,0.65,0
289,8,409.00,360.08,56.57,56.04,0.67,0
289,32,536.10,253.37,47.35,50.61,0.69,0
290,8,406.96,359.88,56.88,56.29,0.63,0
290,32,534.24,253.12,46.50,49.74,0.69,0
291,8,405.94,359.44,56.15,55.50,0.76,0
291,32,533.03,252.50,46.39,49.67,0.60,0
292,8,404.92,357.77,56.34,55.59,0.69,0
292,32,531.55,251.33,46.61,49.95,0.68,0
293,8,404.73,355.60,57.41,56.55,0.48,0
293,32,530.43,249.75,47.23,50.72,0.49,0
294,8,404.82,354.74,57.91,56.95,0.51,0
294,32,530.11,248.77,47.13,50.75,0.53,0
295,8,403.87,353.45,58.93,57.96,0.56,0
295,32,529.39,247.48,47.89,51.72,0.51,0
296,8,402.99,352.51,59.63,58.77,0.73,0
296,32,528.77,246.56,48.44,52.44,0.53,0
297,8,402.98,352.17,59.67,58.96,0.67,0
297,32,528.98,245.26,49.10,53.25,0.62,0
298,8,403.14,352.47,58.26,57.47,0.72,0
298,32,528.95,243.78,50.47,54.76,0.76,0
299,8,403.95,352.15,56.80,55.95,0.74,0
300,8,404.44,351.63,56.67,55.87,0.54,0
301,8,403.04,350.69,57.50,56.64,0.63,0
302,8,401.55,351.28,55.85,55.45,0.80,0
307,32,525.55,240.73,49.70,54.03,0.67,0
308,32,525.53,240.50,49.94,54.48,0.58,0
309,32,525.59,240.29,48.97,53.43,0.76,0
310,32,524.83,239.09,48.94,53.45,0.79,0
311,32,523.84,237.32,50.10,54.85,0.81,0
311,8,395.09,348.55,54.11,54.00,0.77,0
312,32,523.03,235.71,50.71,55.77,0.79,0
312,8,392.82,346.12,55.69,55.76,0.75,0
313,32,522.66,234.46,50.15,55.25,0.79,0
313,8,391.30,343.35,57.00,57.34,0.84,0
314,32,522.09,233.55,48.82,53.91,0.76,0
314,8,389.67,340.60,57.99,58.58,0.88,0
315,32,521.18,232.92,47.80,52.83,0.70,0
315,8,388.21,339.10,57.93,58.51,0.87,0
316,32,521.41,232.61,47.93,53.18,0.74,0
316,8,388.32,338.64,57.96,58.61,0.88,0
317,32,519.65,231.60,48.63,54.00,0.67,0
317,8,385.62,338.43,58.29,58.66,0.86,0
318,8,381.08,338.08,58.76,59.01,0.74,0
319,8,381.70,339.20,57.74,58.13,0.78,0
319,32,517.92,232.41,47.94,53.02,0.74,0
320,8,380.70,340.03,56.98,57.37,0.78,0
320,32,515.65,231.85,48.28,53.12,0.68,0
321,8,378.98,340.37,56.06,56.38,0.37,0
321,32,513.33,231.33,48.45,53.15,0.67,0
322,8,377.27,340.60,56.32,56.89,0.80,0
322,32,511.72,232.10,48.43,52.92,0.71,0
323,8,375.58,340.85,56.57,57.47,0.73,0
323,32,510.18,232.83,48.80,52.91,0.53,0
324,8,374.68,340.69,57.27,58.56,0.63,0
324,32,508.88,233.05,49.21,52.82,0.53,0
325,8,373.77,340.61,57.68,59.33,0.27,0
325,32,508.09,233.41,49.61,52.77,0.50,0
326,32,507.16,233.53,49.93,52.75,0.27,0
330,32,505.12,233.67,49.60,52.14,0.41,0
331,32,507.68,234.40,48.96,51.44,0.52,0
332,32,510.02,234.51,49.88,52.51,0.73,0
333,32,512.45,234.45,50.29,53.08,0.60,0
334,32,513.61,234.76,50.76,53.74,0.46,0
335,32,514.14,235.19,51.99,55.29,0.62,0
336,32,516.14,235.32,52.27,55.81,0.85,0
336,8,385.10,347.21,57.49,58.73,0.82,0
337,32,519.55,235.40,52.53,56.33,0.85,0
337,8,386.89,348.09,56.79,57.78,0.78,0
338,32,523.25,236.22,52.72,56.69,0.74,0
338,8,390.23,349.46,55.48,56.50,0.86,0
339,32,527.60,236.78,52.23,55.78,0.80,0
339,8,395.36,349.83,55.29,56.62,0.78,0
340,32,532.71,237.35,50.48,53.99,0.74,0
340,8,401.28,349.80,54.83,55.85,0.64,0
341,32,537.70,237.65,50.93,54.52,0.75,0
341,8,405.86,349.81,55.02,55.76,0.77,0
342,32,541.39,236.56,51.92,55.80,0.67,0
342,8,409.79,349.86,54.87,55.43,0.85,0
343,32,545.65,236.93,52.03,56.08,0.76,0
343,8,413.77,350.24,54.71,55.33,0.87,0
344,32,548.55,236.90,52.36,56.38,0.55,0
344,8,416.36,351.05,53.69,54.32,0.87,0
345,32,550.56,236.99,52.19,55.93,0.32,0
345,8,417.69,351.00,53.22,53.82,0.53,0
346,32,551.53,236.71,52.53,55.92,0.63,0
346,8,418.08,350.34,53.90,54.49,0.69,0
347,32,552.11,236.41,52.57,55.66,0.75,0
347,8,419.09,349.08,55.80,56.54,0.82,0
348,32,552.38,236.39,52.41,55.40,0.70,0
348,8,421.23,349.30,55.65,56.53,0.79,0
349,32,553.46,236.57,52.43,55.35,0.65,0
349,8,422.50,348.98,55.70,56.87,0.79,0
350,32,551.47,235.48,54.02,56.83,0.75,0
350,8,419.80,348.39,56.70,57.75,0.55,0
351,32,550.16,234.14,55.05,57.73,0.69,0
351,8,417.39,347.91,56.73,57.69,0.83,0
352,32,550.03,234.49,55.17,57.80,0.76,0
352,8,417.23,348.31,56.32,57.18,0.81,0
353,32,550.61,234.71,55.19,57.74,0.71,0
353,8,417.56,348.28,56.29,57.06,0.81,0
354,32,549.78,234.38,55.58,58.08,0.71,0
354,8,415.92,348.09,56.63,57.38,0.58,0
355,32,547.71,233.89,56.08,58.79,0.76,0
355,8,413.66,349.36,55.42,55.98,0.88,0
356,32,546.65,234.71,55.11,58.00,0.79,0
356,8,411.16,349.78,55.62,56.05,0.86,0
357,32,544.28,234.89,54.66,57.62,0.75,0
357,8,408.85,350.53,55.42,55.75,0.80,0
358,32,542.89,235.04,54.16,57.24,0.76,0
358,8,407.81,350.77,55.26,55.44,0.77,0
359,32,542.14,235.21,53.67,56.85,0.74,0
359,8,406.87,350.52,55.64,55.51,0.76,0
360,32,541.14,234.59,54.12,57.49,0.80,0
360,8,405.47,349.86,56.13,55.70,0.78,0
361,32,539.60,233.26,55.16,58.77,0.84,0
361,8,403.44,348.61,57.41,56.56,0.65,0
362,32,538.89,232.45,55.15,58.87,0.81,0
362,8,402.01,347.66,59.39,58.35,0.72,0
363,32,539.22,232.46,54.62,58.53,0.83,0
363,8,401.85,347.63,59.57,58.47,0.77,0
364,32,539.68,232.41,54.38,58.52,0.85,0
364,8,401.88,346.86,59.70,58.59,0.79,0
365,32,539.96,232.15,54.58,58.92,0.86,0
365,8,403.59,347.02,59.05,57.37,0.83,0
366,32,538.91,232.75,54.26,58.71,0.87,0
366,8,401.73,346.66,60.79,58.99,0.73,0
367,8,398.69,345.98,62.11,60.23,0.77,0
368,8,398.24,346.01,61.89,60.00,0.65,0
369,8,397.70,346.09,62.26,60.32,0.54,0
371,8,397.38,347.42,61.33,59.62,0.60,0
382,32,535.97,228.43,51.12,55.96,0.37,0
383,32,528.33,222.08,56.80,61.55,0.80,0
384,32,526.96,220.20,57.94,62.14,0.67,0
385,32,528.86,221.93,56.51,59.58,0.46,0
386,32,529.71,222.10,56.62,59.17,0.61,0
387,32,530.69,222.11,56.09,58.29,0.36,0
387,8,388.93,338.14,61.92,60.24,0.84,0
388,32,531.40,221.35,57.18,59.33,0.29,0
388,8,389.51,338.13,61.86,60.80,0.86,0
389,32,533.44,221.19,57.72,59.94,0.67,0
389,8,391.19,338.79,61.77,61.21,0.86,0
390,8,393.19,338.88,61.98,61.56,0.80,0
391,8,397.10,339.66,61.21,61.03,0.79,0
391,32,540.66,223.94,56.64,59.06,0.61,0
392,8,399.91,340.00,60.88,61.03,0.82,0
393,8,405.35,339.12,60.43,60.69,0.74,0
394,8,410.50,339.02,60.16,60.58,0.87,0
395,8,415.99,338.97,60.28,60.56,0.79,0
395,32,558.08,221.63,56.91,59.51,0.59,0
396,8,422.41,339.57,59.62,59.80,0.73,0
396,32,564.71,222.22,55.43,58.05,0.64,0
397,8,427.79,338.59,60.52,60.83,0.84,0
398,8,433.08,338.44,59.76,59.89,0.87,0
398,32,572.06,220.94,58.20,60.85,0.38,0
399,8,436.22,338.16,59.01,59.02,0.87,0
399,32,575.06,219.15,58.83,61.10,0.81,0
400,8,440.38,339.00,61.21,61.20,0.74,0
400,32,580.66,219.89,58.24,60.46,0.77,0
401,8,446.75,339.16,62.11,62.42,0.87,0
401,32,587.99,220.24,58.05,60.59,0.59,0
402,8,451.19,338.34,62.39,62.80,0.85,0
402,32,591.43,219.73,59.71,62.55,0.73,0
403,8,455.40,337.44,60.94,61.07,0.79,0
403,32,594.36,219.79,59.07,62.25,0.54,0
404,8,458.71,337.21,59.04,58.98,0.57,0
405,8,460.57,336.01,58.97,58.86,0.79,0
405,32,598.95,217.16,57.62,60.65,0.63,0
406,8,462.61,335.04,58.73,58.59,0.62,0
406,32,602.23,216.76,54.76,57.66,0.72,0
407,8,462.23,332.72,60.37,60.20,0.28,0
407,32,603.05,215.29,54.48,57.41,0.66,0
408,8,462.43,329.68,62.33,62.40,0.29,0
408,32,604.04,213.98,53.73,56.59,0.66,0
409,8,462.64,328.13,62.98,63.34,0.52,0
409,32,605.28,212.34,53.63,56.65,0.66,0
410,8,462.67,327.97,61.78,62.23,0.73,0
410,32,604.50,210.86,54.24,57.42,0.76,0
411,8,462.91,327.51,60.72,61.18,0.81,0
411,32,604.57,210.83,53.35,56.49,0.81,0
412,8,462.76,326.62,59.81,60.41,0.73,0
412,32,603.91,209.48,53.34,56.50,0.80,0
413,8,462.42,325.89,60.60,61.27,0.72,0
413,32,604.65,209.24,53.05,56.38,0.75,0
414,8,462.05,324.99,60.72,61.47,0.76,0
414,32,604.13,206.27,54.94,58.71,0.73,0
415,8,462.81,324.22,59.74,60.52,0.62,0
415,32,605.15,204.06,55.89,59.81,0.74,0
416,8,466.32,323.95,59.64,60.55,0.57,0
416,32,606.78,204.71,54.48,58.45,0.81,0
417,8,467.51,322.01,60.97,61.48,0.64,0
418,8,466.69,320.66,62.85,62.78,0.72,0
419,8,466.00,321.41,61.61,61.04,0.68,0
420,8,468.54,322.75,58.74,59.06,0.73,0
424,32,634.22,203.09,54.95,59.35,0.66,0
425,32,641.24,202.38,56.06,60.47,0.64,0
426,32,648.51,202.54,55.38,60.01,0.73,0
427,32,657.24,203.47,54.11,58.92,0.27,0
427,53,519.24,324.60,54.04,58.72,0.72,0
428,32,666.20,205.34,53.17,57.70,0.29,0
428,53,526.20,324.09,54.89,59.57,0.64,0
429,32,671.89,205.19,53.78,58.40,0.68,0
429,53,532.95,325.30,54.75,59.37,0.83,0
430,32,678.60,207.18,53.52,57.63,0.77,0
430,53,538.57,326.02,55.89,60.49,0.53,0
431,32,686.22,208.17,54.47,58.92,0.80,0
431,53,545.64,325.86,57.34,61.84,0.73,0
432,32,692.32,209.43,55.48,59.86,0.54,0
432,53,554.37,327.15,56.77,60.97,0.70,0
433,32,699.60,210.86,53.88,58.03,0.80,0
433,53,559.39,328.38,57.81,61.81,0.82,0
434,32,703.29,210.75,54.81,59.01,0.68,0
434,53,561.55,328.71,58.40,62.19,0.75,0
435,32,704.76,210.71,55.12,59.13,0.80,0
435,53,562.10,328.42,59.34,62.95,0.73,0
436,32,705.67,210.39,55.51,59.39,0.70,0
436,53,563.50,328.25,59.91,63.40,0.67,0
437,32,706.06,210.42,55.47,59.29,0.71,0
437,53,563.55,328.39,60.36,63.64,0.79,0
438,32,705.78,210.56,55.36,59.09,0.74,0
438,53,562.93,329.09,60.09,63.09,0.80,0
439,32,705.36,210.72,54.88,58.56,0.76,0
439,53,561.67,329.19,60.01,62.77,0.71,0
440,32,704.83,210.86,54.72,58.41,0.78,0
440,53,560.93,329.80,59.65,62.12,0.82,0
441,32,703.43,211.21,53.93,57.51,0.82,0
441,53,559.69,329.51,60.13,62.33,0.83,0
442,32,702.49,211.77,53.12,56.59,0.83,0
442,53,558.84,329.07,60.47,62.52,0.83,0
443,32,701.92,211.86,52.95,56.39,0.81,0
443,53,557.99,329.00,60.49,62.31,0.78,0
444,32,701.13,211.80,52.86,56.32,0.82,0
444,53,556.94,329.28,60.77,62.33,0.69,0
445,32,699.86,211.86,53.40,56.70,0.83,0
445,53,555.67,329.57,60.90,62.11,0.83,0
446,32,695.49,209.17,56.87,60.20,0.83,0
446,53,550.40,328.41,62.79,63.71,0.86,0
447,32,693.34,209.97,56.91,60.11,0.78,0
447,53,548.60,329.39,62.67,63.28,0.78,0
448,32,692.28,210.57,56.62,59.56,0.77,0
448,53,546.77,329.71,62.62,62.86,0.83,0
449,32,691.26,210.27,56.91,59.67,0.76,0
449,53,546.25,330.79,62.12,61.77,0.83,0
450,32,689.42,210.63,56.73,59.65,0.81,0
450,53,542.69,331.52,62.74,62.00,0.83,0
451,32,685.61,210.72,56.76,59.60,0.85,0
451,53,539.04,332.19,63.26,62.35,0.79,0
452,32,682.63,211.42,56.82,59.51,0.85,0
452,53,537.63,333.74,61.99,61.03,0.87,0
453,32,680.19,211.78,56.86,59.31,0.83,0
453,53,535.44,334.30,61.76,60.75,0.88,0
454,32,678.23,210.98,57.83,60.14,0.81,0
454,53,534.15,334.91,60.54,59.50,0.88,0
455,32,677.13,211.55,57.41,59.39,0.85,0
455,53,531.28,335.18,60.74,59.55,0.89,0
456,32,674.89,211.22,57.85,59.69,0.86,0
456,53,528.95,335.01,61.38,60.03,0.88,0
457,32,672.27,210.01,58.65,60.38,0.87,0
457,53,525.83,334.82,61.61,60.06,0.89,0
458,32,670.48,210.30,58.64,59.99,0.76,0
458,53,523.53,334.41,61.39,59.68,0.86,0
459,32,667.94,210.26,58.40,59.52,0.84,0
459,53,520.25,332.34,62.61,60.60,0.86,0
460,32,666.97,209.82,58.41,59.40,0.85,0
460,53,516.96,329.67,64.78,63.01,0.53,0
461,32,665.79,209.10,59.32,60.14,0.80,0
461,53,515.15,328.58,65.63,63.98,0.81,0
462,32,661.12,208.60,59.55,60.15,0.86,0
462,53,511.09,329.06,65.60,63.99,0.83,0
463,32,656.05,207.40,60.57,61.13,0.82,0
463,53,506.24,328.86,66.20,64.55,0.85,0
464,32,654.15,208.14,59.84,60.29,0.88,0
464,53,504.82,330.47,64.08,62.47,0.86,0
465,32,652.87,208.57,60.07,60.49,0.80,0
465,53,503.01,332.68,62.76,60.96,0.79,0
466,32,648.71,209.06,60.48,60.99,0.82,0
466,53,500.12,333.89,62.61,60.57,0.76,0
467,32,645.67,209.95,60.98,61.38,0.84,0
467,53,496.81,335.56,62.83,60.41,0.84,0
468,32,643.17,210.50,61.73,61.81,0.86,0
468,53,492.81,336.09,63.34,60.88,0.82,0
469,32,640.83,210.95,61.66,61.44,0.61,0
469,53,490.43,336.54,62.49,60.29,0.31,0
470,32,637.31,209.94,62.14,61.86,0.90,0
470,53,488.75,335.99,62.09,59.85,0.71,0
471,32,634.13,208.57,63.05,62.88,0.89,0
471,53,486.94,335.27,61.89,59.53,0.79,0
472,32,631.65,208.56,61.21,61.10,0.87,0
472,53,483.01,334.31,61.96,59.51,0.87,0
473,32,628.20,208.06,61.09,61.01,0.88,0
473,53,478.58,331.33,63.62,61.17,0.85,0
474,32,624.53,207.66,61.27,61.29,0.87,0
474,53,474.02,330.26,64.54,62.18,0.84,0
475,32,621.13,207.30,61.34,61.41,0.87,0
475,53,470.16,329.68,64.19,61.94,0.81,0
476,32,617.54,205.09,61.75,61.86,0.78,0
476,53,465.33,329.92,64.23,62.01,0.79,0
477,32,614.47,204.26,60.79,61.02,0.87,0
477,53,461.13,327.86,65.11,63.25,0.85,0
478,32,611.42,205.28,59.33,59.85,0.86,0
478,53,457.62,327.64,65.50,63.79,0.89,0
479,32,604.89,202.84,61.56,62.18,0.87,0
479,53,450.26,326.87,66.94,65.10,0.87,0
480,32,600.57,202.48,62.39,63.28,0.85,0
480,53,447.17,326.74,65.98,64.26,0.54,0
481,32,598.26,204.57,60.43,61.48,0.85,0
481,53,444.63,327.91,65.50,63.82,0.26,0
482,32,595.01,205.76,61.06,62.26,0.83,0
482,53,440.98,329.58,64.59,62.97,0.38,0
483,32,591.20,206.46,60.82,61.96,0.86,0
483,53,435.05,330.70,63.90,62.20,0.89,0
484,32,583.60,207.16,60.97,62.03,0.89,0
484,53,427.98,331.61,64.31,62.24,0.84,0
485,32,578.47,208.07,60.43,61.43,0.89,0
485,53,421.10,332.15,65.49,63.21,0.51,0
486,32,574.80,209.55,58.95,59.82,0.89,0
486,53,416.43,334.32,64.47,62.04,0.43,0
487,32,571.01,209.94,59.00,59.84,0.86,0
487,53,413.16,335.26,63.63,61.04,0.85,0
488,32,567.48,209.26,59.51,60.50,0.89,0
488,53,409.48,334.77,62.61,59.92,0.80,0
489,32,564.91,208.52,59.40,60.65,0.87,0
489,53,406.45,333.00,63.59,60.91,0.65,0
490,32,560.90,208.06,59.03,60.34,0.88,0
490,53,403.24,331.19,64.15,61.37,0.59,0
491,32,556.96,205.17,60.10,61.60,0.81,0
491,53,398.45,328.72,66.15,63.08,0.41,0
492,32,554.58,203.96,59.74,61.46,0.83,0
492,53,395.48,327.05,67.05,63.96,0.48,0
493,32,552.03,202.58,59.09,61.03,0.81,0
493,53,390.86,327.20,66.66,63.77,0.63,0
494,32,549.45,201.60,58.78,60.81,0.44,0
494,53,387.77,326.12,66.64,64.07,0.82,0
495,32,546.95,202.72,57.71,59.63,0.83,0
495,53,385.37,326.90,65.69,63.31,0.88,0
496,32,540.65,199.40,60.76,63.03,0.80,0
496,53,380.42,326.28,65.82,63.28,0.82,0
497,32,536.25,197.45,62.95,65.23,0.66,0
497,53,376.98,325.97,65.79,63.29,0.73,0
498,32,533.78,196.95,63.68,65.74,0.64,0
498,53,375.14,325.34,66.22,63.75,0.45,0
499,32,530.84,197.70,63.26,65.06,0.51,0
499,53,372.22,325.10,66.49,64.00,0.46,0
500,32,528.07,195.12,64.27,66.19,0.75,0
500,53,368.21,325.42,66.56,63.91,0.39,0
501,32,525.79,193.44,66.02,68.06,0.73,0
501,53,364.18,324.77,65.73,63.53,0.86,0
502,32,524.14,193.15,66.36,68.55,0.80,0
502,53,360.73,323.08,66.95,64.84,0.63,0
503,32,523.52,192.90,66.38,68.51,0.85,0
503,53,358.43,321.72,66.61,64.82,0.82,0
504,32,521.92,192.16,65.52,67.58,0.86,0
505,32,520.95,191.43,64.89,66.93,0.86,0
505,53,356.43,318.56,66.26,64.48,0.42,0
506,32,521.14,190.94,63.87,65.32,0.80,0
506,53,353.69,315.89,67.44,65.68,0.85,0
507,32,519.61,189.55,63.03,64.10,0.37,0
507,53,351.79,314.53,67.03,65.14,0.74,0
508,32,517.94,188.91,62.01,63.03,0.55,0
508,53,349.43,313.92,67.07,65.65,0.78,0
509,53,346.58,312.89,66.68,65.47,0.72,0
510,53,343.68,311.39,65.93,64.62,0.74,0
510,32,510.64,186.39,62.69,63.70,0.37,0
511,53,343.29,311.56,64.39,62.54,0.56,0
511,32,508.17,186.19,61.88,62.88,0.30,0
512,53,339.52,310.12,66.09,64.00,0.89,0
512,32,506.47,185.68,61.42,62.42,0.42,0
513,53,335.11,309.09,66.68,64.29,0.88,0
513,32,503.61,184.63,62.19,62.99,0.53,0
514,53,335.63,310.72,65.80,63.43,0.86,0
514,32,503.33,185.60,61.60,62.23,0.67,0
515,53,334.51,311.20,66.25,64.01,0.89,0
515,32,503.71,186.76,61.51,61.99,0.54,0
516,53,331.43,311.83,68.73,66.37,0.41,0
516,32,502.58,186.57,63.11,63.43,0.34,0
517,53,335.01,314.60,66.22,64.13,0.62,0
518,53,332.52,314.47,67.94,65.85,0.65,0
518,32,501.44,188.07,63.27,63.31,0.36,0
519,53,330.60,314.42,69.19,67.32,0.53,0
519,32,500.79,188.78,63.50,63.42,0.59,0
520,53,331.55,314.55,69.65,68.04,0.57,0
520,32,500.93,189.40,64.00,63.81,0.27,0
521,53,335.06,315.82,67.82,66.12,0.59,0
521,32,503.19,190.82,63.45,63.44,0.75,0
522,53,339.83,317.60,67.47,65.84,0.61,0
522,32,508.81,193.76,62.11,62.43,0.79,0
523,53,345.70,319.64,67.08,65.27,0.75,0
523,32,514.63,194.40,62.77,63.49,0.66,0
524,53,350.86,322.57,66.98,65.14,0.85,0
524,32,519.54,194.34,66.10,66.93,0.87,0
525,53,355.43,325.93,65.91,63.68,0.80,0
525,32,524.61,198.71,62.70,63.55,0.76,0
526,53,360.86,328.86,65.63,63.09,0.86,0
526,32,530.31,204.82,59.59,60.20,0.87,0
527,53,365.00,330.70,66.54,63.53,0.87,0
527,32,533.80,207.47,60.49,61.18,0.87,0
528,53,371.15,333.66,66.31,63.22,0.84,0
528,32,539.91,209.68,61.35,62.21,0.78,0
529,53,374.90,335.93,69.51,66.25,0.87,0
529,32,545.93,213.06,61.66,61.98,0.78,0
530,53,381.55,345.00,67.03,64.04,0.89,0
530,32,550.03,219.09,63.39,63.73,0.52,0
531,53,387.16,349.79,66.83,64.17,0.77,0
531,32,555.56,224.11,61.18,61.76,0.77,0
532,53,392.56,350.44,67.63,65.11,0.75,0
532,32,560.72,226.04,61.41,62.04,0.85,0
533,53,395.93,350.30,68.04,65.63,0.82,0
533,32,564.72,226.49,61.12,61.55,0.83,0
534,53,399.84,350.47,67.28,64.94,0.85,0
534,32,567.38,224.53,63.14,63.44,0.78,0
535,53,402.96,351.03,66.05,63.70,0.86,0
535,32,568.80,224.73,62.51,62.81,0.56,0
536,53,404.82,350.97,65.46,63.06,0.86,0
537,53,404.94,350.39,65.76,63.35,0.86,0
538,53,404.55,349.62,66.14,63.71,0.87,0
539,53,403.57,348.48,66.92,64.45,0.88,0
540,53,400.45,348.04,62.81,61.42,0.66,0
544,75,560.29,210.44,63.62,62.71,0.87,0
544,76,1203.62,311.73,38.77,46.61,0.42,0
545,75,558.99,208.69,62.53,61.67,0.82,0
546,75,556.52,205.84,63.22,62.42,0.82,0
546,77,1360.54,332.58,37.29,48.47,0.55,0
546,53,396.90,331.23,64.24,64.27,0.76,0
547,75,550.98,198.47,67.73,66.95,0.35,0
547,77,1361.35,330.26,38.76,50.44,0.32,0
547,53,388.67,327.28,66.64,66.19,0.80,0
548,75,548.02,194.12,70.39,69.59,0.56,0
548,53,385.80,326.05,66.77,66.04,0.80,0
549,75,546.95,193.40,70.38,69.44,0.65,0
549,53,381.88,325.05,67.19,66.14,0.79,0
550,75,546.26,195.02,69.09,67.97,0.42,0
550,53,378.73,324.32,68.38,66.77,0.79,0
551,75,544.19,195.99,67.82,66.63,0.68,0
551,53,374.19,324.52,69.18,67.23,0.49,0
552,75,541.75,199.23,64.70,63.67,0.53,0
552,53,370.42,327.00,68.27,65.93,0.69,0
553,75,535.62,199.26,64.08,63.16,0.77,0
553,53,365.33,326.88,69.12,66.65,0.85,0
554,75,530.46,199.70,66.53,66.00,0.71,0
554,53,363.22,329.85,67.86,64.86,0.75,0
555,75,528.62,203.12,64.75,64.29,0.86,0
555,53,359.84,332.67,67.46,64.41,0.85,0
556,75,526.02,204.40,64.86,64.31,0.88,0
556,53,356.53,333.39,69.18,66.20,0.89,0
556,80,1347.13,317.62,34.37,47.16,0.37,0
557,75,523.10,204.25,65.35,64.70,0.87,0
557,53,353.78,333.91,70.38,67.28,0.88,0
558,75,520.23,203.25,66.16,65.42,0.86,0
558,53,350.23,334.34,70.56,67.45,0.88,0
559,75,518.00,203.24,66.16,65.37,0.81,0
559,53,346.77,334.69,71.37,68.28,0.85,0
560,75,515.99,202.51,66.73,66.05,0.72,0
560,53,343.26,335.49,70.63,67.60,0.84,0
561,75,512.95,203.54,65.85,65.23,0.80,0
561,53,343.33,337.04,68.18,65.04,0.84,0
561,80,1338.70,313.76,33.38,45.66,0.53,0
562,75,511.25,205.97,63.74,63.21,0.75,0
562,53,341.23,336.90,68.67,65.37,0.87,0
563,75,508.80,207.39,62.74,62.29,0.87,0
563,53,336.93,337.32,69.56,66.43,0.86,0
564,75,504.35,207.35,63.88,63.32,0.84,0
564,53,332.96,337.77,70.78,67.46,0.87,0
565,75,502.84,209.04,63.42,62.88,0.77,0
565,53,331.25,338.79,70.50,67.27,0.83,0
566,75,502.42,208.19,65.40,64.99,0.83,0
566,53,330.63,338.54,72.36,69.25,0.70,0
567,75,503.47,208.10,65.79,65.57,0.86,0
567,53,331.09,337.46,73.55,70.67,0.77,0
568,75,504.67,208.94,65.58,65.42,0.80,0
568,53,333.09,336.98,74.26,71.47,0.79,0
569,75,505.11,209.17,64.73,64.60,0.85,0
569,53,334.05,337.16,73.79,71.15,0.81,0
570,75,506.08,208.72,64.59,64.38,0.84,0
570,53,335.72,337.69,72.25,69.69,0.85,0
571,75,507.63,208.57,63.75,63.61,0.87,0
571,53,336.54,337.86,71.68,69.15,0.86,0
572,75,509.27,208.44,63.20,63.16,0.89,0
572,53,338.19,338.28,71.07,68.64,0.86,0
573,75,510.28,208.05,63.54,63.71,0.86,0
573,53,339.43,338.54,71.94,69.33,0.83,0
574,75,510.95,207.05,63.83,64.24,0.85,0
574,53,341.15,338.35,71.66,68.76,0.88,0
574,91,1344.75,317.30,40.65,53.70,0.62,0
575,75,512.06,206.76,63.74,64.38,0.87,0
575,53,341.80,338.42,71.39,68.29,0.85,0
575,91,1345.10,316.75,41.13,54.29,0.60,0
576,75,512.19,205.88,63.72,64.59,0.86,0
576,53,341.24,336.96,71.35,68.19,0.87,0
577,75,510.51,202.71,65.42,66.71,0.88,0
577,53,339.39,334.57,71.43,68.06,0.87,0
578,75,511.20,199.45,63.99,65.53,0.40,0
578,53,339.60,331.50,70.81,67.19,0.81,0
579,75,509.27,195.30,64.06,65.72,0.89,0
579,53,337.67,328.87,70.89,67.19,0.89,0
579,93,1192.14,287.74,33.57,43.87,0.53,0
580,75,505.99,190.78,65.27,67.08,0.89,0
580,53,333.72,325.89,70.83,66.81,0.89,0
580,93,1193.61,285.47,31.85,41.58,0.32,0
581,75,506.24,189.50,63.99,65.71,0.88,0
581,53,332.97,324.97,70.15,66.16,0.85,0
581,91,1347.12,304.29,38.95,51.06,0.45,0
582,75,505.16,187.89,63.53,65.16,0.78,0
582,53,330.79,322.26,71.82,67.71,0.87,0
583,75,503.33,185.34,63.46,64.95,0.80,0
583,53,326.29,318.52,73.55,69.52,0.86,0
584,75,500.19,181.77,64.41,65.83,0.79,0
584,53,322.57,315.20,75.05,70.87,0.52,0
584,91,1346.50,299.84,39.74,52.08,0.28,0
585,75,498.89,180.47,64.31,65.66,0.85,0
585,53,322.15,314.71,74.61,70.54,0.86,0
585,91,1345.36,296.73,41.39,54.34,0.51,0
586,75,496.66,170.74,66.16,67.66,0.88,0
586,53,321.09,306.31,72.48,68.14,0.77,0
586,91,1346.27,288.09,38.86,50.26,0.68,0
587,75,495.46,166.39,67.33,68.82,0.89,0
587,53,320.15,303.08,70.87,66.47,0.85,0
587,91,1346.13,282.75,39.52,50.73,0.58,0
588,75,494.65,164.01,67.43,68.83,0.85,0
588,53,319.19,301.58,70.98,66.61,0.73,0
589,75,494.02,163.43,67.06,68.40,0.86,0
589,53,318.02,301.32,71.20,66.89,0.86,0
590,75,494.17,164.10,67.16,68.52,0.87,0
590,53,318.65,301.71,70.82,66.37,0.87,0
591,75,493.93,165.38,66.41,67.91,0.88,0
591,53,319.30,302.37,71.26,66.50,0.85,0
592,75,494.92,166.39,65.73,67.33,0.87,0
592,53,318.69,302.78,72.40,67.61,0.89,0
593,75,496.27,167.76,65.23,67.00,0.88,0
593,53,320.68,303.54,71.84,67.04,0.78,0
594,75,497.60,170.23,64.69,66.53,0.87,0
594,53,322.91,306.78,71.44,66.50,0.82,0
595,75,496.54,170.01,66.20,68.15,0.89,0
595,53,320.43,308.48,73.27,68.22,0.87,0
595,93,1195.10,262.09,35.27,46.11,0.36,0
596,75,495.90,170.39,66.75,68.86,0.88,0
596,53,318.48,308.51,75.07,70.14,0.87,0
596,93,1195.40,262.51,35.21,45.80,0.42,0
597,75,498.14,174.21,63.74,65.76,0.78,0
597,53,322.94,311.69,73.08,68.22,0.87,0
597,93,1196.38,262.99,34.34,44.38,0.66,0
598,75,500.21,176.27,63.02,64.96,0.77,0
598,53,324.56,312.75,72.79,68.07,0.87,0
598,93,1198.26,263.14,35.01,44.87,0.35,0
599,75,501.27,177.25,63.50,65.27,0.78,0
599,53,325.88,314.04,72.58,67.93,0.88,0
600,75,501.68,178.38,63.95,65.51,0.82,0
600,53,326.39,314.16,73.65,68.99,0.89,0
600,93,1202.87,263.63,34.80,43.68,0.62,0
601,75,502.99,179.33,64.01,65.43,0.82,0
601,53,328.24,314.60,72.92,68.47,0.89,0
602,75,504.65,180.27,63.38,64.67,0.79,0
602,53,328.52,314.66,73.24,69.07,0.87,0
602,107,1365.10,286.49,41.87,50.28,0.44,0
602,93,1205.29,264.06,35.89,44.26,0.29,0
603,75,505.13,181.46,62.65,63.76,0.83,0
603,53,328.80,315.14,72.41,68.47,0.88,0
603,93,1206.70,264.01,37.30,45.71,0.35,0
604,75,503.93,180.49,63.93,64.83,0.85,0
604,53,328.15,315.00,72.36,68.57,0.90,0
604,93,1208.34,265.27,35.57,43.10,0.65,0
604,107,1366.59,288.41,41.06,49.29,0.30,0
605,75,501.41,179.04,65.59,66.16,0.87,0
605,53,326.24,315.17,72.33,68.67,0.90,0
605,93,1208.19,266.17,36.70,44.32,0.58,0
605,107,1364.93,286.71,42.90,51.59,0.36,0
606,75,498.96,177.36,66.43,66.95,0.87,0
606,53,322.92,314.92,73.33,69.83,0.88,0
606,93,1205.80,265.10,38.07,46.36,0.30,0
606,107,1362.47,285.63,43.08,51.88,0.41,0
607,75,497.35,176.66,66.65,67.20,0.85,0
607,53,321.51,316.28,69.63,66.25,0.89,0
607,93,1203.01,264.64,37.78,46.08,0.58,0
607,107,1361.96,286.54,42.64,51.38,0.54,0
608,75,494.91,175.11,68.39,68.95,0.85,0
608,53,318.54,315.33,70.19,67.12,0.87,0
608,107,1360.04,285.78,43.46,52.51,0.40,0
609,75,491.88,176.25,66.60,67.08,0.88,0
609,53,314.95,314.10,69.77,66.80,0.89,0
609,107,1357.86,285.93,43.11,52.06,0.67,0
610,75,488.62,175.50,66.62,66.95,0.88,0
610,53,311.89,313.03,69.15,66.36,0.90,0
610,107,1355.15,285.25,43.78,52.69,0.73,0
610,93,1198.78,265.38,33.55,40.90,0.39,0
611,75,482.61,172.81,69.68,70.24,0.86,0
611,53,307.29,312.20,69.89,67.00,0.89,0
611,107,1353.36,286.58,42.05,50.20,0.26,0
611,93,1197.29,266.11,34.12,41.88,0.55,0
612,75,474.92,169.74,71.19,71.51,0.91,0
612,53,295.35,308.72,74.76,71.72,0.90,0
612,93,1194.83,264.74,34.78,42.66,0.64,0
613,75,469.27,168.12,71.85,72.23,0.89,0
613,53,291.21,307.56,74.69,71.81,0.89,0
613,93,1190.98,262.48,36.60,44.91,0.39,0
614,75,465.73,168.32,70.66,70.83,0.85,0
614,53,288.76,307.34,71.99,69.25,0.88,0
614,93,1186.58,261.65,37.85,46.78,0.47,0
614,107,1341.05,283.91,42.56,51.10,0.58,0
615,75,461.38,167.38,70.40,70.09,0.88,0
615,53,285.50,307.66,68.35,65.44,0.83,0
615,93,1181.16,260.62,39.98,49.55,0.42,0
615,107,1338.88,283.23,43.00,51.72,0.30,0
616,75,452.77,165.24,69.30,68.75,0.90,0
616,53,276.81,304.57,70.59,67.17,0.58,0
616,93,1178.67,259.97,37.20,45.88,0.40,0
616,107,1335.64,282.89,43.95,52.85,0.75,0
617,75,446.22,164.96,70.01,69.40,0.90,0
617,53,268.73,305.29,70.69,66.93,0.87,0
618,75,438.95,165.49,70.58,69.86,0.90,0
618,53,259.54,305.95,72.21,68.62,0.88,0
619,75,433.14,166.75,69.03,68.45,0.90,0
619,53,253.64,307.38,72.38,68.74,0.88,0
620,75,429.27,168.61,66.78,66.38,0.90,0
620,53,248.54,308.66,72.45,68.81,0.72,0
621,75,425.64,168.88,67.09,66.72,0.89,0
621,53,244.28,310.39,71.97,68.31,0.89,0
621,107,1315.36,282.87,40.56,48.25,0.47,0
622,75,420.08,167.60,68.37,68.02,0.88,0
622,53,239.08,310.62,71.18,67.64,0.89,0
623,75,414.94,165.85,68.93,68.50,0.89,0
623,53,235.36,310.00,69.03,65.54,0.90,0
624,75,412.70,164.77,66.47,65.92,0.90,0
624,53,233.14,306.45,69.15,65.74,0.81,0
625,75,409.79,162.85,65.06,64.45,0.87,0
625,53,227.43,303.85,69.62,65.78,0.74,0
626,75,407.74,161.42,62.11,61.27,0.70,0
626,53,223.38,300.95,70.32,66.16,0.80,0
627,75,401.46,152.83,65.75,64.99,0.73,0
627,53,221.64,298.35,68.91,64.70,0.88,0
627,107,1293.50,255.44,46.71,54.84,0.72,0
628,75,394.84,146.53,70.73,70.22,0.91,0
628,53,216.01,294.13,70.20,66.15,0.63,0
628,107,1292.99,253.66,43.78,51.51,0.41,0
629,75,388.92,144.59,72.31,71.84,0.87,0
629,53,211.74,293.12,67.80,64.34,0.81,0
630,75,385.27,143.63,70.81,70.30,0.88,0
631,75,381.20,142.98,69.59,69.25,0.87,0
631,53,201.44,290.86,70.81,67.63,0.72,0
632,75,376.29,140.80,70.41,70.03,0.91,0
633,75,371.48,136.42,71.32,71.12,0.76,0
633,53,192.41,285.09,70.19,66.99,0.78,0
634,75,367.16,134.67,69.92,69.54,0.88,0
634,53,188.36,283.83,66.69,63.80,0.82,0
635,75,363.60,134.45,68.38,67.90,0.90,0
635,53,184.35,282.71,66.02,62.68,0.40,0
636,75,359.86,133.39,68.32,67.78,0.74,0
636,53,178.97,280.06,67.86,64.00,0.81,0
637,75,356.37,132.40,67.95,67.24,0.80,0
637,53,175.15,280.59,67.54,63.52,0.88,0
638,75,351.07,128.67,69.60,68.88,0.88,0
638,53,171.19,280.31,67.42,63.50,0.77,0
639,75,345.52,123.96,71.48,70.82,0.44,0
639,53,167.07,277.77,66.72,62.78,0.60,0
640,75,341.94,121.85,70.14,69.42,0.88,0
640,53,163.33,275.17,65.32,61.22,0.72,0
641,75,337.02,118.09,71.17,70.42,0.89,0
641,53,154.53,270.86,69.16,64.34,0.65,0
642,75,332.51,113.51,69.83,69.29,0.82,0
642,53,148.46,265.40,68.85,64.26,0.87,0
642,107,1246.35,213.34,44.57,52.16,0.31,0
643,75,328.42,107.91,69.91,69.31,0.86,0
643,53,144.13,261.13,67.67,63.12,0.84,0
644,75,319.83,100.20,73.22,72.45,0.88,0
644,53,137.97,257.33,68.35,63.76,0.81,0
645,75,306.11,90.32,78.39,77.74,0.84,0
646,75,298.95,85.35,76.70,75.52,0.66,0
646,53,117.61,244.98,71.18,66.10,0.75,0
647,75,295.90,84.15,75.10,73.93,0.56,0
647,53,112.08,241.92,69.48,64.49,0.77,0
648,75,292.01,83.88,73.52,72.06,0.64,0
648,53,104.88,238.65,72.37,67.12,0.70,0
649,75,285.21,80.94,75.40,73.31,0.80,0
649,53,96.55,235.82,74.15,68.80,0.90,0
650,75,276.76,77.43,77.44,75.04,0.87,0
650,53,86.96,228.43,81.54,75.99,0.88,0
651,75,271.98,78.25,75.94,73.29,0.76,0
651,53,85.15,232.43,73.11,68.03,0.62,0
652,75,269.14,80.89,75.11,72.26,0.30,0
652,53,79.97,235.74,70.04,65.09,0.83,0
653,75,265.21,85.32,77.04,74.07,0.87,0
653,53,78.27,244.10,68.15,62.87,0.63,0
654,75,263.00,92.39,76.81,73.89,0.50,0
654,53,77.43,252.44,67.74,62.81,0.83,0
655,53,73.03,257.88,68.78,63.98,0.87,0
656,53,73.37,261.39,68.25,63.53,0.90,0
657,53,71.98,267.64,68.56,63.99,0.87,0
658,53,69.07,279.26,63.79,60.47,0.87,0
663,122,278.31,209.94,73.40,69.51,0.79,0
664,122,273.20,208.76,77.28,73.20,0.72,0
664,124,1043.15,334.60,35.66,45.34,0.40,0
665,122,270.33,207.34,78.64,74.49,0.48,0
665,125,73.34,346.88,61.22,64.29,0.81,0
666,122,269.22,207.62,75.51,71.49,0.80,0
666,125,69.76,345.31,61.44,64.32,0.86,0
667,122,264.84,206.45,73.84,69.99,0.70,0
667,125,61.68,340.37,65.73,68.47,0.37,0
667,124,1037.11,334.94,36.93,46.62,0.31,0
668,122,258.02,195.87,77.84,74.13,0.78,0
668,125,58.28,337.55,64.27,66.41,0.48,0
668,127,1185.63,359.11,44.77,52.04,0.72,0
669,122,255.94,191.29,74.98,71.47,0.83,0
669,125,56.04,330.80,64.97,66.74,0.85,0
669,127,1184.08,352.86,45.79,53.27,0.32,0
669,124,1033.02,322.15,40.08,50.76,0.43,0
670,122,251.77,184.95,77.07,73.52,0.42,0
670,125,52.32,326.74,65.11,66.39,0.43,0
670,124,1032.88,314.95,37.00,46.57,0.57,0
671,122,247.25,177.63,76.04,72.47,0.53,0
671,125,45.92,317.37,67.86,68.80,0.66,0
672,122,242.40,167.44,78.50,74.85,0.62,0
672,125,42.16,308.09,68.74,69.66,0.87,0
673,122,239.07,158.30,75.57,72.13,0.75,0
674,122,233.80,146.53,78.41,74.87,0.65,0
674,125,34.53,292.86,68.87,69.50,0.90,0
675,122,228.58,136.84,78.56,75.10,0.83,0
675,125,28.47,283.54,69.21,69.12,0.81,0
676,122,225.89,128.48,76.99,73.51,0.53,0
677,122,221.75,120.31,77.61,74.03,0.36,0
677,125,19.57,266.24,70.54,69.83,0.74,0
678,122,217.76,113.30,76.40,72.82,0.87,0
678,132,1172.33,265.69,45.60,54.23,0.66,0
678,125,13.09,257.24,73.46,72.59,0.82,0
679,122,210.90,103.47,77.46,74.04,0.69,0
679,132,1171.67,260.24,43.91,52.17,0.59,0
679,125,5.99,251.71,72.38,70.90,0.83,0
680,122,205.79,94.91,79.78,76.32,0.87,0
680,132,1169.49,250.95,46.29,55.02,0.48,0
680,125,2.05,244.14,73.13,71.33,0.84,0
681,122,201.64,77.73,80.82,77.48,0.81,0
681,125,0.49,228.28,71.82,69.75,0.78,0
682,122,199.82,72.01,80.40,77.34,0.76,0
682,125,0.00,222.99,68.94,67.26,0.75,0
683,122,198.41,69.39,80.11,77.29,0.78,0
683,125,0.00,219.88,68.02,67.97,0.64,0
683,132,1167.35,226.16,45.06,53.61,0.49,0
684,122,196.91,68.92,78.67,75.81,0.43,0
684,125,0.00,218.29,67.07,68.26,0.76,0
684,132,1167.37,223.69,44.59,52.91,0.39,0
685,125,0.00,217.56,66.78,69.13,0.77,0
686,125,0.38,218.54,71.04,69.45,0.80,0
686,122,204.86,69.28,77.97,74.93,0.89,0
687,125,9.04,225.74,72.17,70.05,0.72,0
687,122,215.50,79.18,74.35,71.04,0.88,0
688,125,16.14,232.58,70.69,68.23,0.88,0
688,122,220.63,85.41,76.73,73.22,0.90,0
688,136,1182.83,238.03,49.00,53.31,0.51,0
689,122,227.68,91.68,76.55,73.21,0.87,0
690,122,236.76,100.70,75.09,72.09,0.82,0
690,125,33.59,246.80,69.47,66.50,0.72,0
691,122,243.74,106.76,75.92,72.65,0.67,0
691,125,40.16,253.43,71.49,68.04,0.86,0
692,122,252.23,114.60,75.35,72.35,0.81,0
692,125,46.50,257.59,74.56,70.70,0.73,0
693,122,262.17,133.73,76.08,73.21,0.79,0
693,125,58.54,276.68,73.10,69.36,0.82,0
694,122,274.24,157.41,74.34,71.58,0.84,0
694,125,69.15,298.02,72.49,68.34,0.87,0
695,122,283.65,168.22,74.95,72.70,0.65,0
695,125,80.45,311.35,71.44,67.29,0.84,0
696,122,288.13,172.76,75.83,73.61,0.81,0
696,125,84.28,316.45,72.51,68.16,0.47,0
697,122,291.79,175.42,76.44,74.07,0.81,0
697,125,86.40,317.84,73.82,69.17,0.83,0
698,122,297.47,177.26,74.99,72.61,0.72,0
698,125,91.29,318.60,72.99,68.11,0.76,0
698,147,1244.09,330.10,48.89,55.29,0.42,0
699,122,304.74,180.57,72.05,69.73,0.56,0
699,125,99.34,319.92,73.61,68.65,0.83,0
699,147,1246.61,331.35,48.70,54.98,0.52,0
700,122,311.25,182.84,70.09,67.91,0.88,0
700,125,105.27,320.27,74.27,69.07,0.70,0
700,147,1251.72,330.24,49.38,55.65,0.67,0
701,122,316.76,182.45,71.07,68.57,0.82,0
701,125,112.24,320.44,73.29,68.04,0.83,0
702,122,323.43,183.63,69.49,66.87,0.87,0
702,125,120.01,320.26,72.16,66.97,0.81,0
702,147,1264.55,333.12,49.53,55.91,0.70,0
703,122,327.29,182.25,70.07,67.46,0.84,0
703,125,121.23,317.68,75.12,69.62,0.70,0
704,122,327.67,179.10,72.64,69.84,0.85,0
704,125,121.95,315.81,74.85,69.24,0.86,0
705,122,329.24,178.88,72.43,69.52,0.83,0
705,125,123.50,315.01,75.85,70.11,0.86,0
705,150,1115.53,307.27,44.46,46.12,0.57,0
706,122,330.39,178.92,71.48,68.53,0.83,0
706,125,125.00,314.74,75.27,69.52,0.86,0
706,150,1116.63,308.07,44.92,46.69,0.73,0
707,122,331.24,177.90,70.94,67.97,0.85,0
707,125,124.62,312.75,75.97,70.13,0.89,0
707,150,1118.95,309.16,43.91,45.81,0.73,0
708,122,332.42,176.22,72.37,69.35,0.86,0
708,125,124.81,310.44,76.53,70.59,0.92,0
708,150,1120.87,308.96,44.55,46.74,0.55,0
709,122,334.42,174.55,73.54,70.70,0.83,0
709,125,129.62,309.52,74.53,68.86,0.91,0
709,150,1124.01,308.98,45.56,48.14,0.44,0
710,122,337.56,173.87,73.69,71.02,0.79,0
710,125,133.74,308.89,73.61,68.19,0.91,0
710,150,1128.94,309.41,45.66,48.22,0.61,0
710,153,1287.02,341.07,36.98,51.69,0.52,0
711,122,339.40,172.70,72.36,69.56,0.85,0
711,125,134.53,307.27,75.03,69.73,0.91,0
711,150,1131.24,310.82,43.92,46.56,0.48,0
712,122,341.37,172.61,71.42,68.46,0.90,0
712,125,136.81,307.22,74.35,69.22,0.91,0
712,150,1134.36,310.61,44.48,47.90,0.67,0
712,153,1292.08,341.59,37.95,52.83,0.67,0
713,122,342.28,172.27,72.10,68.90,0.92,0
713,125,137.42,307.49,74.42,69.33,0.91,0
713,150,1134.95,310.67,43.41,47.11,0.61,0
713,153,1293.90,343.82,37.12,51.31,0.53,0
714,122,342.20,171.58,73.19,69.84,0.91,0
714,125,137.31,306.66,75.39,70.39,0.92,0
714,150,1135.25,311.41,42.66,46.54,0.67,0
714,153,1296.78,344.68,37.66,51.45,0.63,0
715,122,342.86,170.79,73.71,70.35,0.89,0
715,125,137.64,306.11,75.47,70.64,0.91,0
715,150,1141.95,312.72,39.32,43.33,0.60,0
715,153,1299.34,344.75,38.23,51.73,0.79,0
716,122,343.97,169.83,74.40,71.20,0.79,0
716,125,137.29,306.13,75.64,70.84,0.91,0
716,150,1144.30,311.68,39.70,43.90,0.77,0
716,153,1301.76,345.13,38.60,51.46,0.57,0
717,122,347.45,170.35,76.20,73.06,0.89,0
717,125,140.46,306.32,76.43,71.57,0.91,0
717,150,1147.60,311.35,40.47,44.71,0.70,0
717,153,1302.71,342.73,42.30,55.55,0.66,0
718,122,353.51,173.13,73.17,70.09,0.88,0
718,125,146.40,306.34,77.26,72.15,0.92,0
718,150,1150.18,312.26,40.16,44.41,0.77,0
718,153,1307.70,343.35,40.46,52.30,0.81,0
719,122,358.48,173.04,72.45,69.43,0.88,0
719,125,152.52,306.82,76.46,71.32,0.92,0
719,150,1156.55,312.28,38.76,42.91,0.29,0
719,153,1312.91,344.11,40.97,52.50,0.77,0
720,122,360.44,173.08,72.58,69.54,0.88,0
720,125,155.30,307.32,75.84,70.77,0.91,0
720,150,1159.78,311.51,39.46,43.90,0.66,0
720,153,1317.41,344.43,42.79,54.15,0.76,0
721,122,363.17,173.98,72.86,69.73,0.87,0
721,125,157.74,307.40,75.67,70.93,0.89,0
721,150,1163.17,312.34,40.02,44.59,0.54,0
721,153,1319.53,343.12,46.64,58.48,0.73,0
722,122,367.36,174.88,74.99,71.67,0.64,0
722,125,162.38,308.83,73.54,68.67,0.91,0
722,150,1167.55,311.82,41.27,46.24,0.67,0
722,153,1321.98,342.47,46.61,57.61,0.73,0
723,122,372.64,176.92,73.35,70.03,0.89,0
723,125,167.01,311.06,74.26,69.29,0.89,0
723,150,1172.92,311.07,40.23,44.99,0.78,0
723,153,1324.70,340.14,47.73,58.33,0.57,0
724,122,378.13,178.11,73.27,69.77,0.89,0
724,125,171.28,312.78,74.56,69.42,0.90,0
724,150,1176.92,311.65,39.34,44.05,0.62,0
724,153,1332.23,341.43,45.64,55.57,0.77,0
725,122,380.72,177.35,74.71,71.15,0.89,0
725,125,174.34,312.94,76.83,71.44,0.90,0
725,150,1180.40,308.93,42.23,47.53,0.67,0
725,153,1337.91,340.72,44.55,53.90,0.77,0
726,122,384.82,179.78,72.56,69.22,0.83,0
726,125,179.79,313.26,76.51,71.26,0.89,0
726,150,1183.62,307.58,43.42,49.38,0.66,0
726,153,1342.86,339.17,45.44,54.43,0.67,0
727,122,391.02,181.68,70.98,67.83,0.77,0
727,125,187.64,313.88,74.33,69.33,0.87,0
727,150,1189.30,306.59,41.69,47.04,0.68,0
727,153,1345.29,336.55,46.99,55.51,0.71,0
728,122,398.58,180.73,70.71,67.70,0.80,0
728,125,194.14,314.07,75.01,70.00,0.89,0
728,150,1196.58,305.41,42.12,47.76,0.62,0
728,153,1352.54,334.03,48.19,56.78,0.72,0
729,122,406.63,181.25,70.22,67.18,0.91,0
729,125,202.34,314.05,74.78,70.05,0.87,0
729,150,1204.34,303.64,40.79,46.00,0.38,0
729,153,1359.52,331.79,48.44,56.43,0.71,0
730,122,412.87,182.39,68.63,65.53,0.87,0
730,125,211.26,314.02,73.11,68.43,0.89,0
730,150,1208.94,302.03,40.54,45.26,0.40,0
730,153,1368.38,331.37,47.96,55.30,0.69,0
731,122,421.56,181.89,69.29,66.22,0.89,0
731,125,218.95,314.08,74.68,69.98,0.84,0
731,150,1216.66,302.83,38.60,43.06,0.73,0
731,153,1373.95,330.93,48.20,55.30,0.87,0
732,122,428.07,181.75,67.93,64.87,0.88,0
732,125,226.79,313.88,74.51,69.88,0.85,0
732,150,1224.54,301.72,42.11,46.90,0.50,0
732,153,1383.24,329.84,48.80,55.81,0.86,0
733,122,433.89,180.26,67.86,65.11,0.82,0
733,125,236.24,313.68,73.28,68.45,0.89,0
733,150,1236.04,300.37,40.54,45.38,0.72,0
733,153,1393.57,328.71,49.28,56.09,0.84,0
734,122,449.95,180.87,63.35,60.88,0.84,0
734,125,245.29,313.25,73.31,68.83,0.81,0
734,150,1246.56,300.56,37.44,41.80,0.72,0
734,153,1402.06,329.45,49.47,56.08,0.75,0
735,122,457.51,178.99,67.13,64.64,0.80,0
735,125,259.62,313.82,71.43,66.65,0.76,0
735,150,1256.16,296.34,40.68,45.54,0.83,0
736,122,466.42,174.64,69.13,66.60,0.78,0
736,125,271.13,309.06,75.07,70.23,0.89,0
736,150,1265.82,293.51,43.46,49.43,0.68,0
736,153,1426.16,323.80,51.15,58.09,0.64,0
737,122,476.54,169.14,67.80,65.57,0.73,0
737,125,280.41,303.23,74.25,69.78,0.81,0
737,150,1279.08,286.67,42.53,48.95,0.72,0
737,153,1437.48,315.19,51.75,58.25,0.77,0
738,122,485.38,163.74,69.36,67.25,0.81,0
738,153,1450.31,309.63,50.58,57.04,0.87,0
739,153,1460.77,306.83,50.99,57.14,0.86,0
739,125,306.57,301.79,64.81,61.54,0.67,0
739,150,1301.13,279.55,40.36,46.03,0.41,0
740,153,1471.36,305.19,50.26,55.82,0.87,0
740,150,1311.38,277.09,40.77,46.80,0.30,0
740,122,504.79,163.96,68.58,66.56,0.79,0
741,153,1481.38,302.83,52.16,57.90,0.84,0
741,150,1320.33,275.77,42.27,48.56,0.80,0
741,122,516.12,163.77,69.95,67.37,0.73,0
741,125,327.97,300.06,66.91,63.82,0.27,0
742,153,1491.91,300.83,52.78,58.47,0.57,0
742,150,1330.15,271.42,43.31,49.95,0.62,0
742,122,525.16,164.20,68.33,66.18,0.74,0
742,125,338.03,302.01,65.42,62.24,0.83,0
743,153,1502.18,299.31,53.92,60.02,0.50,0
743,150,1339.02,269.66,42.75,49.79,0.54,0
743,122,533.15,163.95,65.66,63.52,0.82,0
743,125,344.50,297.88,69.96,66.91,0.82,0
744,150,1344.48,267.48,44.07,51.48,0.74,0
744,122,538.04,162.39,65.57,63.94,0.34,0
744,125,351.19,296.04,69.28,66.33,0.85,0
745,150,1347.86,265.69,43.17,50.21,0.61,0
745,122,539.71,160.54,64.54,63.33,0.75,0
745,125,353.66,293.01,69.73,66.72,0.90,0
745,153,1510.77,293.85,54.73,60.86,0.89,0
746,150,1350.61,263.96,41.52,48.14,0.47,0
746,122,539.29,157.73,63.81,62.75,0.65,0
746,125,351.55,290.00,72.34,69.54,0.89,0
746,153,1512.39,290.51,53.75,59.31,0.83,0
747,150,1349.72,263.22,40.91,47.11,0.61,0
747,122,536.03,157.11,64.59,63.42,0.36,0
747,125,350.05,289.32,72.79,69.52,0.87,0
747,153,1510.76,289.32,55.11,60.58,0.71,0
748,150,1348.92,262.84,40.63,46.42,0.77,0
748,122,533.47,155.29,64.87,64.00,0.65,0
748,125,345.95,289.24,71.85,67.91,0.86,0
748,153,1510.99,289.96,52.71,57.78,0.76,0
749,150,1347.98,261.46,40.76,46.24,0.79,0
749,125,340.67,289.03,69.58,66.01,0.82,0
749,153,1509.55,288.39,51.67,56.82,0.79,0
750,150,1344.07,260.59,41.20,46.81,0.79,0
750,125,336.97,289.25,69.23,65.44,0.84,0
750,153,1505.53,286.56,53.16,58.51,0.66,0
750,122,527.55,150.90,65.46,64.99,0.72,0
751,150,1341.61,260.52,41.10,46.58,0.76,0
751,125,334.62,289.59,67.27,63.79,0.84,0
751,153,1500.92,285.66,54.27,59.51,0.72,0
751,122,522.79,148.16,68.99,68.65,0.54,0
752,150,1339.86,260.31,40.74,46.26,0.79,0
752,125,330.57,288.50,69.30,66.00,0.85,0
752,153,1498.80,285.06,54.55,59.55,0.72,0
752,122,519.70,145.98,71.92,71.78,0.30,0
753,150,1337.22,258.70,41.61,47.11,0.38,0
753,125,325.47,287.00,71.39,68.26,0.84,0
753,153,1496.74,283.82,54.37,59.18,0.82,0
754,150,1334.64,257.73,43.13,49.11,0.47,0
754,125,320.30,286.34,72.18,68.91,0.80,0
754,153,1494.78,284.52,53.03,57.64,0.84,0
754,122,514.18,147.24,67.96,67.75,0.36,0
755,150,1331.66,257.50,42.69,48.89,0.59,0
755,125,318.49,288.54,68.98,65.67,0.80,0
755,153,1492.11,284.98,52.57,57.04,0.85,0
755,122,510.33,148.23,66.51,66.19,0.33,0
756,150,1329.25,256.93,42.66,48.90,0.67,0
756,125,314.99,287.81,70.10,66.72,0.83,0
756,153,1490.21,285.37,51.42,55.79,0.84,0
757,150,1326.79,257.13,43.13,49.59,0.57,0
757,125,312.06,288.29,69.18,65.75,0.81,0
757,153,1487.20,284.82,52.26,56.50,0.82,0
758,150,1324.57,256.34,43.30,49.43,0.80,0
758,125,307.59,287.24,68.65,65.35,0.85,0
758,153,1484.90,283.75,53.44,57.54,0.78,0
758,122,501.15,147.18,66.43,66.30,0.69,0
759,150,1323.01,255.90,43.82,49.78,0.75,0
759,125,304.16,285.31,70.62,67.32,0.85,0
759,153,1482.45,282.94,54.36,58.58,0.81,0
759,122,498.01,146.78,67.51,67.37,0.76,0
760,150,1319.68,255.72,44.80,50.94,0.53,0
760,125,303.83,285.64,71.07,67.64,0.87,0
760,153,1479.20,282.54,54.57,58.97,0.82,0
760,122,495.68,146.26,68.04,68.13,0.80,0
761,150,1319.21,255.67,43.39,49.24,0.60,0
761,125,300.95,284.57,71.79,68.00,0.82,0
761,153,1476.80,281.60,54.18,58.76,0.78,0
761,122,495.23,146.66,66.72,66.90,0.65,0
762,125,296.44,285.09,70.90,66.93,0.78,0
762,153,1472.82,281.50,54.23,58.46,0.84,0
763,125,289.18,284.14,74.09,70.25,0.33,0
763,153,1468.81,281.57,53.70,58.17,0.78,0
763,150,1309.63,253.07,42.83,48.38,0.63,0
763,122,483.69,143.32,66.87,67.23,0.33,0
764,125,280.56,282.79,73.21,69.52,0.33,0
764,153,1462.57,281.48,53.63,57.93,0.81,0
764,150,1303.82,252.56,41.73,46.57,0.66,0
764,122,477.38,143.80,65.20,65.30,0.77,0
765,125,273.66,283.48,69.41,65.62,0.65,0
765,153,1455.92,281.18,54.50,59.19,0.63,0
765,150,1298.36,253.31,42.28,47.36,0.75,0
765,122,469.86,143.01,67.34,67.22,0.27,0
766,125,264.64,283.73,71.32,67.51,0.87,0
766,153,1448.35,281.41,54.37,58.87,0.78,0
767,125,257.70,284.80,70.26,66.60,0.66,0
767,153,1443.21,281.72,53.28,57.57,0.79,0
767,150,1284.68,253.58,43.99,49.22,0.59,0
767,122,456.36,143.72,67.20,67.42,0.73,0
768,125,255.60,287.34,66.94,63.24,0.86,0
768,153,1437.72,282.32,53.15,57.36,0.81,0
768,150,1279.00,255.05,43.58,48.35,0.63,0
768,122,450.27,144.91,68.58,68.96,0.69,0
769,125,247.31,288.36,72.03,68.06,0.78,0
769,153,1432.54,281.56,54.81,59.32,0.72,0
769,150,1274.60,255.78,44.81,49.52,0.63,0
769,122,443.25,144.20,71.64,72.39,0.26,0
770,125,240.84,289.89,71.58,67.36,0.86,0
770,153,1426.45,281.47,55.75,60.15,0.86,0
770,150,1269.57,256.55,46.40,51.64,0.71,0
771,125,229.96,290.38,75.57,71.56,0.88,0
771,153,1421.52,282.69,52.97,57.34,0.88,0
771,150,1264.37,256.84,46.25,51.69,0.72,0
771,122,427.12,145.17,71.73,72.45,0.36,0
772,125,220.13,291.62,76.73,72.59,0.91,0
772,150,1257.64,256.05,44.95,50.51,0.78,0
773,125,208.60,289.95,82.10,78.29,0.88,0
773,150,1249.01,256.49,45.44,51.14,0.42,0
774,150,1240.73,256.50,44.97,50.91,0.39,0
774,122,399.93,143.64,74.42,75.22,0.45,0
775,150,1232.43,255.57,43.22,48.54,0.83,0
775,122,392.41,144.74,72.54,72.79,0.55,0
775,125,194.59,290.59,75.42,71.44,0.86,0
776,150,1225.13,254.51,44.06,49.12,0.43,0
776,122,382.14,144.20,69.43,69.79,0.75,0
776,125,183.46,288.81,72.92,68.90,0.87,0
777,125,169.97,285.27,73.67,69.47,0.89,0
778,125,158.49,281.64,76.12,72.24,0.49,0
779,125,149.70,279.83,74.96,70.76,0.80,0
780,125,142.99,279.58,73.42,69.11,0.70,0
780,163,1351.02,275.76,49.33,57.62,0.82,0
781,125,131.04,276.58,75.53,70.63,0.75,0
781,163,1345.57,272.66,52.00,60.69,0.86,0
782,125,121.99,275.65,76.13,70.80,0.83,0
782,163,1339.94,271.27,53.41,62.20,0.36,0
783,125,116.61,274.52,76.97,71.38,0.83,0
783,163,1333.64,271.22,53.05,61.86,0.78,0
784,125,109.50,273.85,77.42,71.64,0.63,0
784,163,1327.42,273.43,51.68,60.23,0.27,0
784,150,1174.51,246.63,42.62,47.65,0.65,0
785,125,103.86,276.45,77.41,71.67,0.42,0
785,163,1323.28,275.13,50.67,59.00,0.52,0
785,150,1172.04,248.36,40.94,46.15,0.72,0
786,125,96.09,277.66,80.02,74.12,0.82,0
786,163,1320.78,278.70,50.24,58.34,0.40,0
786,150,1168.99,251.28,40.14,45.56,0.35,0
787,125,88.90,278.70,81.33,75.13,0.88,0
787,163,1316.07,279.90,51.71,59.62,0.29,0
787,150,1163.48,252.26,41.25,46.35,0.71,0
788,125,83.39,280.14,79.67,73.49,0.88,0
788,163,1311.05,281.30,52.77,60.56,0.74,0
788,150,1158.75,254.48,41.31,46.02,0.60,0
789,125,81.04,283.31,79.28,73.30,0.85,0
789,163,1307.08,283.89,52.73,60.29,0.64,0
789,150,1154.81,258.45,42.13,46.58,0.47,0
790,125,77.00,285.53,82.60,76.89,0.56,0
790,163,1304.49,286.34,51.54,58.39,0.75,0
790,150,1153.11,261.38,42.17,46.30,0.44,0
791,125,73.22,286.83,82.78,77.16,0.31,0
791,163,1299.18,288.64,52.58,58.94,0.82,0
791,150,1150.06,263.89,41.25,45.06,0.69,0
792,125,69.16,288.96,82.73,77.14,0.80,0
792,163,1294.34,291.49,54.32,61.15,0.47,0
792,150,1146.15,264.91,41.78,45.51,0.73,0
793,125,66.18,290.77,83.52,77.79,0.80,0
793,163,1291.33,295.50,52.45,59.55,0.33,0
793,150,1141.48,266.64,45.29,49.94,0.62,0
794,125,63.92,303.80,84.11,78.48,0.85,0
794,163,1290.94,309.47,51.12,57.75,0.48,0
794,150,1139.29,280.39,43.13,47.56,0.60,0
795,125,64.10,316.53,81.46,75.77,0.83,0
795,163,1288.36,322.07,50.40,56.91,0.55,0
795,150,1136.75,292.31,41.87,46.13,0.71,0
796,125,65.17,323.32,82.35,76.54,0.84,0
796,163,1284.72,328.53,50.92,57.15,0.82,0
796,150,1134.01,300.41,42.18,46.17,0.51,0
797,125,58.72,325.29,83.87,78.01,0.82,0
797,163,1284.98,331.32,53.12,59.91,0.67,0
797,150,1133.59,303.90,43.34,47.32,0.75,0
798,125,53.18,324.92,83.76,77.59,0.74,0
798,163,1286.32,336.08,50.29,56.94,0.66,0
798,150,1131.93,305.52,44.44,48.36,0.50,0
799,125,52.72,327.29,77.51,71.67,0.89,0
799,163,1278.05,336.09,52.55,58.84,0.73,0
799,150,1128.66,308.30,43.36,47.39,0.78,0
800,163,1275.70,337.08,52.16,57.63,0.79,0
800,150,1127.28,309.13,43.77,47.60,0.72,0
801,163,1276.03,336.86,51.38,56.49,0.74,0
801,150,1125.93,309.20,44.92,48.82,0.80,0
802,163,1273.95,336.44,52.86,57.74,0.61,0
803,163,1271.54,335.05,54.01,58.72,0.79,0
803,150,1123.99,307.85,45.67,50.12,0.42,0
804,163,1270.60,333.23,54.59,59.11,0.79,0
804,150,1125.12,306.60,43.30,47.41,0.47,0
805,163,1269.69,328.51,53.73,58.40,0.59,0
805,150,1125.02,301.44,42.12,46.08,0.65,0
806,163,1271.04,322.73,54.03,58.72,0.53,0
806,150,1123.38,294.46,42.57,46.43,0.72,0
807,163,1269.52,315.06,55.17,60.09,0.55,0
807,150,1123.20,286.72,43.70,47.81,0.73,0
807,167,42.99,298.28,79.10,76.02,0.86,0
808,163,1271.47,309.31,52.49,56.79,0.88,0
808,150,1124.81,279.68,41.95,46.03,0.72,0
808,167,39.73,290.88,79.78,76.61,0.86,0
808,169,252.22,144.29,76.63,76.99,0.53,0
809,163,1271.27,302.18,53.87,58.54,0.82,0
809,150,1123.73,274.94,41.73,46.25,0.50,0
809,167,39.44,285.26,80.06,76.85,0.87,0
809,169,253.50,143.86,75.28,75.61,0.41,0
810,163,1270.59,296.03,56.39,61.48,0.89,0
810,150,1120.36,267.66,49.79,56.05,0.35,0
810,167,36.50,279.67,80.14,76.92,0.89,0
810,169,248.75,133.07,80.28,80.64,0.49,0
811,163,1269.96,290.66,56.53,61.47,0.87,0
811,150,1120.80,262.22,45.20,51.33,0.70,0
811,167,34.66,276.52,79.49,76.16,0.83,0
812,163,1269.74,285.72,54.57,59.20,0.88,0
812,150,1125.28,258.18,41.94,47.95,0.49,0
812,167,34.73,271.48,78.17,74.67,0.76,0
813,163,1271.22,280.02,53.98,58.59,0.82,0
813,150,1124.67,250.18,42.89,48.85,0.46,0
814,163,1272.16,270.98,57.06,61.95,0.87,0
814,150,1125.08,242.96,41.21,46.39,0.77,0
814,167,25.06,255.23,83.17,79.38,0.90,0
815,163,1272.05,260.26,55.21,59.85,0.86,0
815,150,1125.52,232.34,41.22,46.53,0.74,0
815,167,24.15,245.58,81.89,78.02,0.57,0
816,163,1270.78,246.69,57.14,61.82,0.87,0
816,150,1124.05,219.85,41.17,46.16,0.77,0
816,167,21.81,233.14,83.81,79.91,0.87,0
816,169,233.11,83.74,81.16,81.26,0.84,0
817,163,1270.31,240.72,56.75,61.10,0.86,0
817,150,1123.21,213.56,42.75,47.95,0.78,0
817,167,20.95,229.99,84.18,80.24,0.88,0
817,169,231.50,80.70,81.94,81.83,0.85,0
818,163,1269.43,237.93,57.84,62.12,0.81,0
818,150,1122.06,211.06,44.05,49.42,0.80,0
818,167,17.81,230.34,83.32,79.27,0.85,0
818,169,228.56,78.81,82.57,82.70,0.85,0
819,163,1269.58,236.03,57.24,61.23,0.78,0
819,150,1121.68,209.16,44.56,50.26,0.71,0
819,167,14.30,231.62,83.95,79.75,0.85,0
819,169,225.85,76.17,85.59,85.60,0.85,0
820,163,1268.40,233.42,57.29,61.28,0.84,0
820,150,1120.27,207.39,45.03,50.95,0.63,0
820,167,12.11,234.34,82.79,78.45,0.85,0
820,169,223.33,75.48,86.18,85.98,0.86,0
821,163,1267.25,232.32,56.78,60.53,0.87,0
821,150,1117.83,206.21,45.42,51.42,0.53,0
821,167,9.73,236.82,82.48,78.25,0.76,0
822,163,1265.43,231.90,57.17,60.93,0.63,0
822,150,1116.36,205.43,45.82,51.77,0.58,0
822,167,8.95,239.39,81.34,77.20,0.61,0
822,169,220.87,82.86,81.84,81.11,0.64,0
823,163,1264.83,231.92,57.15,60.52,0.84,0
823,150,1115.45,204.39,47.45,54.09,0.50,0
823,167,7.92,241.58,79.84,75.73,0.48,0
823,169,219.61,87.32,81.36,80.20,0.39,0
824,163,1266.32,231.97,54.87,57.91,0.79,0
824,150,1114.66,203.54,48.64,56.17,0.35,0
824,167,7.05,241.30,77.99,73.87,0.67,0
824,169,217.89,88.65,81.66,80.38,0.33,0
825,163,1268.64,232.30,53.94,56.93,0.81,0
826,163,1272.65,230.20,57.29,60.22,0.86,0
826,150,1124.11,203.54,45.92,52.69,0.75,0
826,169,226.05,92.53,78.34,77.42,0.58,0
827,163,1277.35,229.21,59.56,62.40,0.74,0
827,150,1131.55,204.79,42.71,48.59,0.71,0
828,163,1282.72,229.69,59.47,62.36,0.73,0
828,150,1136.28,203.97,43.81,49.78,0.58,0
828,171,29.83,253.28,84.19,73.40,0.51,0
829,163,1291.56,230.00,58.36,61.14,0.78,0
829,150,1145.20,205.14,42.81,48.80,0.41,0
829,171,41.67,254.99,80.46,70.24,0.85,0
830,150,1153.76,206.74,41.05,46.01,0.45,0
830,171,54.08,255.06,83.95,73.55,0.68,0
831,150,1161.06,206.51,46.96,52.88,0.65,0
831,171,63.75,255.57,85.76,75.36,0.76,0
831,163,1311.59,231.67,55.40,57.99,0.72,0
832,150,1168.80,205.31,48.94,54.64,0.65,0
832,171,75.32,259.78,84.46,74.05,0.41,0
832,163,1321.79,232.48,55.24,57.47,0.89,0
833,150,1178.15,205.91,46.62,51.74,0.71,0
833,171,88.66,262.22,84.59,74.42,0.74,0
833,163,1332.48,232.87,54.21,56.67,0.40,0
834,150,1186.56,206.35,47.75,53.38,0.46,0
834,171,98.60,263.56,86.53,76.51,0.76,0
835,171,112.16,266.45,81.29,72.14,0.36,0
835,163,1354.64,234.68,52.71,55.54,0.75,0
836,163,1366.13,233.87,52.34,55.00,0.45,0
837,163,1376.85,232.15,55.30,58.11,0.82,0
837,171,139.78,268.71,79.26,70.58,0.69,0
838,163,1387.71,231.52,55.87,58.69,0.74,0
839,163,1398.13,232.83,55.04,57.30,0.84,0
841,171,180.75,270.63,76.19,68.36,0.66,0
842,171,185.39,267.84,76.00,68.49,0.57,0
842,163,1420.72,234.48,51.52,53.22,0.63,0
843,171,190.55,266.11,74.58,68.00,0.80,0
844,171,191.10,265.22,75.03,68.32,0.65,0
845,171,192.51,263.91,76.00,69.78,0.63,0
846,171,190.38,263.35,75.41,69.52,0.87,0
847,171,185.65,259.34,76.41,70.92,0.83,0
847,182,1834.32,858.37,73.24,73.02,0.57,0
848,171,182.96,258.12,77.86,72.73,0.86,0
849,171,183.27,256.65,77.38,73.12,0.70,0
850,171,180.33,255.14,75.52,71.12,0.81,0
851,171,178.56,254.59,75.05,70.39,0.81,0
852,171,177.18,254.36,75.25,70.33,0.85,0
853,171,173.95,254.10,77.20,72.24,0.83,0
854,171,171.65,254.03,77.67,72.67,0.86,0
855,171,170.73,254.43,77.53,72.50,0.86,0
856,171,170.40,254.86,77.95,72.97,0.87,0
857,171,169.06,255.33,79.56,74.71,0.89,0
858,171,167.90,255.58,80.44,75.76,0.88,0
859,171,167.06,255.79,80.48,76.17,0.88,0
860,171,165.55,255.04,81.57,77.67,0.89,0
861,171,164.71,255.76,80.80,77.28,0.90,0
862,171,164.98,257.24,79.38,76.02,0.89,0
863,171,164.42,258.18,78.70,75.35,0.90,0
864,171,163.74,259.27,78.00,74.64,0.89,0
865,171,160.52,259.69,77.23,74.15,0.88,0
866,171,159.04,260.63,76.04,73.21,0.86,0
867,171,159.08,262.06,75.56,72.94,0.82,0
868,171,156.53,261.08,77.43,75.08,0.27,0
870,171,153.07,261.52,77.82,75.28,0.66,0
871,171,147.34,263.84,76.39,73.89,0.79,0
873,192,1394.70,258.91,50.32,55.62,0.72,0
873,171,147.46,266.62,74.26,71.57,0.72,0
874,192,1393.66,259.86,50.84,56.23,0.49,0
874,171,144.92,266.32,75.69,72.74,0.65,0
875,192,1389.43,259.28,53.89,59.58,0.27,0
875,171,142.51,267.21,76.39,73.05,0.48,0
876,171,136.77,266.86,73.93,71.19,0.79,0
878,171,139.63,268.48,68.55,66.56,0.84,0
879,197,1232.22,227.39,48.14,49.86,0.45,0
880,197,1231.69,226.61,47.72,49.49,0.34,0
880,192,1390.60,260.53,49.85,54.86,0.73,0
880,171,129.15,262.48,78.00,75.08,0.44,0
881,197,1228.87,227.35,47.47,49.33,0.46,0
881,192,1386.57,259.09,51.97,57.48,0.77,0
882,192,1381.28,256.34,53.53,58.63,0.58,0
883,192,1376.12,252.39,55.96,61.15,0.45,0
883,171,120.50,261.00,77.38,74.01,0.75,0
884,192,1374.73,248.36,57.64,62.89,0.83,0
884,171,119.79,260.49,76.66,73.42,0.87,0
885,171,113.89,258.19,77.49,74.16,0.88,0
886,192,1355.86,241.07,57.71,63.25,0.69,0
